12007.1827317 3015.9396210 9.9042 0 0 0 9.88882 -4.85806
12007.1827326 3015.9396206 9.9068 0 0 0 9.87769 -9.86406
12007.1827326 3015.9396185 9.9072 0 0 0 8.89429 -13.1116
12007.1827327 3015.9396206 9.9030 0 0 0 8.12872 -13.9034
12007.1827323 3015.9396236 9.9034 0 0 0 7.90893 -13.6769
12007.1827322 3015.9396225 9.9044 0 0 0 7.91065 -13.4541
12007.1827321 3015.9396220 9.9035 0 0 0 7.93803 -13.3766
12007.1827337 3015.9396205 9.9041 0 0 0 7.95181 -13.3658
12007.1827332 3015.9396197 9.9081 0 0 0 7.95842 -13.3682
12007.1827323 3015.9396198 9.9053 0 0 0 7.95652 -13.3751
12007.1827301 3015.9396178 9.9046 0 0 0 7.95479 -13.3768
12007.1827475 3015.9396755 9.9966 0 0 0 8.03465 -13.3175
12007.1828161 3015.9398716 10.0468 0 0 0 8.09617 -13.315
12007.1829024 3015.9400887 10.0355 0 0 0 8.09444 -13.3607
12007.1829651 3015.9402873 10.0067 0 0 0 8.06327 -13.3945
12007.1830101 3015.9404719 10.0294 0 0 0 8.07482 -13.3722
12007.1830646 3015.9406259 10.0375 0 0 0 8.08619 -13.3664
12007.1831007 3015.9408014 10.0075 0 0 0 8.0622 -13.3908
12007.1831664 3015.9409794 9.9842 0 0 0 8.03571 -13.3991
12007.1831949 3015.9411259 9.9722 0 0 0 8.0208 -13.3929
12007.1832090 3015.9412210 9.8784 0 0 0 7.93784 -13.441
12007.1832071 3015.9412245 9.8736 0 0 0 7.91696 -13.4084
12007.1832101 3015.9412219 9.8762 0 0 0 7.92072 -13.3817
12007.1832091 3015.9412247 9.8822 0 0 0 7.92984 -13.3706
12007.1832123 3015.9412233 9.8857 0 0 0 7.93547 -13.3702
12007.1832114 3015.9412248 9.8830 0 0 0 7.93388 -13.3754
12007.1832111 3015.9412226 9.8877 0 0 0 7.93712 -13.3732
12007.1832105 3015.9412223 9.8843 0 0 0 7.93484 -13.3767
12007.1832106 3015.9412218 9.8855 0 0 0 7.93516 -13.3757
12007.1832089 3015.9412217 9.8886 0 0 0 7.93803 -13.3736
12007.1832092 3015.9412214 9.8894 0 0 0 7.93936 -13.3741
12007.1832098 3015.9412214 9.8904 0 0 0 7.94033 -13.3745
12007.1832088 3015.9412205 9.8850 0 0 0 7.93569 -13.3788
12007.1832098 3015.9412214 9.8813 0 0 0 7.93133 -13.3797
12007.1832059 3015.9412199 9.8864 0 0 0 7.93511 -13.374
12007.1832064 3015.9412237 9.8823 0 0 0 7.93274 -13.377
12007.1832007 3015.9412201 9.8795 0 0 0 7.92962 -13.3783
12007.1832060 3015.9412206 9.8754 0 0 0 7.92547 -13.3794
12007.1832041 3015.9412217 9.8807 0 0 0 7.92943 -13.3738
12007.1832047 3015.9412214 9.8825 0 0 0 7.93222 -13.3731
