12007.1830871 3015.9412714 9.8903 0 0 0 9.87494 -4.865
12007.1830862 3015.9412714 9.8916 0 0 0 9.86246 -9.86548
12007.1830852 3015.9412713 9.8900 0 0 0 8.87714 -13.1134
12007.1830859 3015.9412704 9.8931 0 0 0 8.11768 -13.8995
12007.1830863 3015.9412708 9.8927 0 0 0 7.89869 -13.6753
12007.1830845 3015.9412698 9.8935 0 0 0 7.90004 -13.4539
12007.1830864 3015.9412728 9.8880 0 0 0 7.92318 -13.3796
12007.1830850 3015.9412728 9.8908 0 0 0 7.93792 -13.3659
12007.1830857 3015.9412725 9.8929 0 0 0 7.94337 -13.3691
12007.1830859 3015.9412711 9.8926 0 0 0 7.94341 -13.3739
12007.1830870 3015.9412723 9.8851 0 0 0 7.93625 -13.3804
12007.1830880 3015.9412715 9.8884 0 0 0 7.93739 -13.3761
12007.1830879 3015.9412714 9.8900 0 0 0 7.93948 -13.3743
12007.1830878 3015.9412726 9.8910 0 0 0 7.94086 -13.3743
12007.1830867 3015.9412731 9.8877 0 0 0 7.93815 -13.3773
12007.1830869 3015.9412731 9.8875 0 0 0 7.93725 -13.3768
12007.1830877 3015.9412718 9.8877 0 0 0 7.93737 -13.3759
12007.1830895 3015.9412741 9.8823 0 0 0 7.93279 -13.3791
12007.1830892 3015.9412744 9.8781 0 0 0 7.92813 -13.38
12007.1830900 3015.9412731 9.8816 0 0 0 7.93048 -13.3751
12007.1830870 3015.9412744 9.8870 0 0 0 7.93611 -13.3714
12007.1830868 3015.9412736 9.8866 0 0 0 7.93695 -13.3739
12007.1830880 3015.9412729 9.8924 0 0 0 7.9418 -13.3716
12007.1830881 3015.9412731 9.8894 0 0 0 7.94009 -13.3758
12007.1830879 3015.9412721 9.8888 0 0 0 7.93881 -13.3767
12007.1830863 3015.9412717 9.8933 0 0 0 7.94247 -13.3732
12007.1830879 3015.9412727 9.8907 0 0 0 7.9411 -13.376
12007.1830860 3015.9412719 9.8951 0 0 0 7.94441 -13.3733
12007.1830863 3015.9412721 9.8932 0 0 0 7.94352 -13.3757
12007.1830864 3015.9412722 9.8911 0 0 0 7.94127 -13.3773
12007.1830864 3015.9412719 9.8930 0 0 0 7.94244 -13.3753
12007.1830859 3015.9412705 9.8943 0 0 0 7.94398 -13.3744
12007.1830855 3015.9412708 9.8928 0 0 0 7.94298 -13.3761
12007.1830860 3015.9412717 9.8947 0 0 0 7.9443 -13.3748
12007.1830858 3015.9412716 9.8944 0 0 0 7.94437 -13.3754
12007.1830849 3015.9412714 9.8922 0 0 0 7.94238 -13.377
12007.1830861 3015.9412712 9.8910 0 0 0 7.94087 -13.3771
12007.1830840 3015.9412721 9.9014 0 0 0 7.94974 -13.3696
12007.1830875 3015.9412701 9.8810 0 0 0 7.93403 -13.3855
12007.1830872 3015.9412699 9.8865 0 0 0 7.9348 -13.3777
12007.1830842 3015.9412703 9.8884 0 0 0 7.93755 -13.3742
12007.1830954 3015.9412461 9.9381 0 0 0 7.98172 -13.3429
12007.1830645 3015.9410605 10.0693 0 0 0 8.10583 -13.276
12007.1829721 3015.9408276 10.0688 0 0 0 8.1297 -13.3315
12007.1829190 3015.9407245 9.9286 0 0 0 8.00331 -13.4565
12007.1829294 3015.9407171 9.9314 0 0 0 7.97378 -13.4189
12007.1829290 3015.9407212 9.9307 0 0 0 7.97419 -13.3869
12007.1829343 3015.9407192 9.9265 0 0 0 7.97464 -13.3783
12007.1829351 3015.9407120 9.9370 0 0 0 7.98496 -13.3688
12007.1829408 3015.9407176 9.9289 0 0 0 7.98041 -13.3772
12007.1829418 3015.9407163 9.9198 0 0 0 7.97083 -13.3831
12007.1829430 3015.9407155 9.9217 0 0 0 7.97051 -13.3779
12007.1829428 3015.9407135 9.9123 0 0 0 7.96293 -13.3818
