12007.1831155 3015.9412405 9.9101 0 0 0 9.89471 -4.85512
12007.1831145 3015.9412406 9.9080 0 0 0 9.87894 -9.86862
12007.1831142 3015.9412403 9.9040 0 0 0 8.89108 -13.1161
12007.1831148 3015.9412402 9.9087 0 0 0 8.13273 -13.8994
12007.1831139 3015.9412396 9.9035 0 0 0 7.91004 -13.678
12007.1831134 3015.9412404 9.9090 0 0 0 7.91467 -13.4523
12007.1831138 3015.9412385 9.9083 0 0 0 7.94297 -13.3754
12007.1831144 3015.9412397 9.9063 0 0 0 7.95451 -13.3672
12007.1831144 3015.9412375 9.9125 0 0 0 7.96244 -13.3676
12007.1831136 3015.9412365 9.9158 0 0 0 7.96627 -13.3707
12007.1831148 3015.9412389 9.9055 0 0 0 7.95737 -13.3809
12007.1831106 3015.9412342 9.8984 0 0 0 7.94875 -13.3834
12007.1830910 3015.9411710 9.9947 0 0 0 8.03138 -13.3172
12007.1830360 3015.9409583 10.0131 0 0 0 8.06637 -13.3344
12007.1829612 3015.9407473 9.9475 0 0 0 8.01138 -13.4049
12007.1829408 3015.9407084 9.9191 0 0 0 7.97063 -13.4134
12007.1829521 3015.9407020 9.9184 0 0 0 7.96376 -13.3908
12007.1829520 3015.9406989 9.9152 0 0 0 7.96296 -13.3803
12007.1829556 3015.9406927 9.9107 0 0 0 7.96027 -13.3789
12007.1829421 3015.9407176 9.9117 0 0 0 7.96098 -13.376
12007.1829425 3015.9407198 9.9176 0 0 0 7.96658 -13.3717
12007.1829470 3015.9407127 9.9193 0 0 0 7.96933 -13.3726
12007.1829508 3015.9407079 9.9164 0 0 0 7.96704 -13.3765
12007.1829490 3015.9407104 9.9148 0 0 0 7.96484 -13.3775
12007.1829484 3015.9407070 9.9183 0 0 0 7.9675 -13.3742
12007.1829533 3015.9407112 9.9153 0 0 0 7.96563 -13.3766
12007.1829522 3015.9407085 9.9125 0 0 0 7.96264 -13.3781
12007.1829491 3015.9407089 9.9151 0 0 0 7.96434 -13.3751
12007.1829519 3015.9407094 9.9120 0 0 0 7.96224 -13.377
12007.1829508 3015.9407088 9.9116 0 0 0 7.96137 -13.3767
12007.1829509 3015.9407096 9.9055 0 0 0 7.95599 -13.3799
12007.1829506 3015.9407086 9.9085 0 0 0 7.95751 -13.3757
