12007.1831571 3015.9412179 9.8840 0 0 0 9.86865 -4.86814
12007.1831580 3015.9412166 9.8891 0 0 0 9.85992 -9.8618
12007.1831573 3015.9412177 9.8910 0 0 0 8.87816 -13.1098
12007.1831571 3015.9412176 9.8942 0 0 0 8.11922 -13.8981
12007.1831574 3015.9412159 9.8958 0 0 0 7.90177 -13.6738
12007.1831560 3015.9412156 9.8979 0 0 0 7.90446 -13.4526
12007.1831575 3015.9412160 9.8953 0 0 0 7.93029 -13.3773
12007.1831579 3015.9412163 9.8975 0 0 0 7.94497 -13.3654
12007.1831569 3015.9412148 9.8941 0 0 0 7.94539 -13.3726
12007.1831580 3015.9412156 9.8913 0 0 0 7.94208 -13.3773
12007.1831582 3015.9412170 9.8899 0 0 0 7.93984 -13.3777
12007.1831564 3015.9412149 9.8988 0 0 0 7.94727 -13.3708
12007.1831558 3015.9412156 9.8955 0 0 0 7.94622 -13.3751
12007.1831550 3015.9412143 9.8999 0 0 0 7.94937 -13.3732
12007.1831558 3015.9412158 9.8976 0 0 0 7.94801 -13.376
12007.1831545 3015.9412162 9.8975 0 0 0 7.94739 -13.3762
12007.1831558 3015.9412168 9.8970 0 0 0 7.94685 -13.3762
12007.1831560 3015.9412173 9.9020 0 0 0 7.95114 -13.3727
12007.1831564 3015.9412169 9.8987 0 0 0 7.94926 -13.3762
12007.1831560 3015.9412163 9.9024 0 0 0 7.9518 -13.374
12007.1831552 3015.9412162 9.9010 0 0 0 7.95119 -13.3757
12007.1831553 3015.9412168 9.9012 0 0 0 7.95107 -13.3758
12007.1831565 3015.9412166 9.9029 0 0 0 7.95253 -13.3746
12007.1831547 3015.9412164 9.9005 0 0 0 7.95076 -13.3767
12007.1831564 3015.9412171 9.8983 0 0 0 7.94835 -13.3777
12007.1831545 3015.9412166 9.9039 0 0 0 7.9528 -13.373
12007.1831544 3015.9412176 9.9006 0 0 0 7.9511 -13.3762
12007.1831543 3015.9412162 9.8987 0 0 0 7.94881 -13.3775
12007.1831544 3015.9412161 9.9028 0 0 0 7.95193 -13.3739
12007.1831541 3015.9412151 9.9022 0 0 0 7.95226 -13.3749
12007.1831551 3015.9412146 9.9024 0 0 0 7.95234 -13.3754
12007.1831546 3015.9412144 9.9046 0 0 0 7.95421 -13.3742
12007.1831545 3015.9412148 9.9048 0 0 0 7.95478 -13.3749
12007.1831552 3015.9412155 9.9023 0 0 0 7.95259 -13.3771
12007.1831546 3015.9412141 9.9027 0 0 0 7.95238 -13.3762
12007.1831551 3015.9412147 9.9057 0 0 0 7.95508 -13.3738
12007.1831539 3015.9412160 9.9034 0 0 0 7.95372 -13.3762
12007.1831551 3015.9412150 9.9029 0 0 0 7.95281 -13.3765
12007.1831543 3015.9412147 9.9022 0 0 0 7.95204 -13.3764
12007.1831538 3015.9412149 9.9063 0 0 0 7.95553 -13.3733
12007.1831553 3015.9412127 9.9060 0 0 0 7.95611 -13.3746
12007.1831571 3015.9412137 9.8965 0 0 0 7.94773 -13.3815
12007.1831295 3015.9411739 9.9690 0 0 0 8.00905 -13.3323
12007.1830824 3015.9409316 10.0441 0 0 0 8.08867 -13.3057
12007.1830125 3015.9406821 10.0755 0 0 0 8.12958 -13.327
12007.1829699 3015.9404339 10.0698 0 0 0 8.12711 -13.3645
12007.1829177 3015.9402211 10.0413 0 0 0 8.09715 -13.3946
12007.1828933 3015.9401580 9.9205 0 0 0 7.98407 -13.4636
12007.1829066 3015.9401572 9.9028 0 0 0 7.94546 -13.4275
12007.1829113 3015.9401586 9.8921 0 0 0 7.93581 -13.3966
12007.1829189 3015.9401514 9.8901 0 0 0 7.93676 -13.3806
12007.1829201 3015.9401504 9.8955 0 0 0 7.94363 -13.3719
12007.1829174 3015.9401492 9.9018 0 0 0 7.9511 -13.3692
12007.1829215 3015.9401520 9.8955 0 0 0 7.94691 -13.377
12007.1829229 3015.9401520 9.8938 0 0 0 7.94389 -13.3782
12007.1829225 3015.9401526 9.8948 0 0 0 7.94423 -13.3761
12007.1829225 3015.9401508 9.8923 0 0 0 7.94236 -13.3772
12007.1829233 3015.9401511 9.8934 0 0 0 7.94295 -13.3756
12007.1829233 3015.9401512 9.8918 0 0 0 7.94182 -13.3765
12007.1829225 3015.9401502 9.8960 0 0 0 7.94523 -13.3734
12007.1829233 3015.9401510 9.8949 0 0 0 7.9451 -13.3752
12007.1829240 3015.9401502 9.8955 0 0 0 7.94538 -13.3753
12007.1829237 3015.9401489 9.8949 0 0 0 7.94487 -13.3759
12007.1829244 3015.9401499 9.8932 0 0 0 7.94325 -13.3769
12007.1829233 3015.9401500 9.8939 0 0 0 7.94352 -13.3758
12007.1829240 3015.9401496 9.8926 0 0 0 7.94257 -13.3764
12007.1829239 3015.9401494 9.8924 0 0 0 7.9422 -13.3761
12007.1829241 3015.9401503 9.8909 0 0 0 7.94087 -13.3768
