12007.1829474 3015.9407139 9.9105 0 0 0 9.89511 -4.85492
12007.1829567 3015.9407151 9.9033 0 0 0 9.87427 -9.87363
12007.1830621 3015.9406917 9.8249 0 0 0 8.81908 -13.1671
12007.1830599 3015.9406933 9.8187 0 0 0 8.03859 -13.9293
12007.1830450 3015.9407185 9.8231 0 0 0 7.82408 -13.68
12007.1830680 3015.9407012 9.8419 0 0 0 7.84492 -13.4409
12007.1829442 3015.9407194 9.9340 0 0 0 7.95797 -13.3103
12007.1829454 3015.9407189 9.9276 0 0 0 7.98329 -13.3396
12007.1829452 3015.9407214 9.9096 0 0 0 7.96707 -13.3779
12007.1829460 3015.9407221 9.9068 0 0 0 7.95769 -13.3831
12007.1829465 3015.9407230 9.9059 0 0 0 7.95505 -13.3796
12007.1829473 3015.9407223 9.9010 0 0 0 7.95088 -13.3798
12007.1829477 3015.9407239 9.8948 0 0 0 7.94492 -13.3811
12007.1829481 3015.9407244 9.8959 0 0 0 7.94495 -13.3771
12007.1829478 3015.9407257 9.8951 0 0 0 7.94477 -13.3762
12007.1829421 3015.9407220 9.9101 0 0 0 7.95795 -13.3661
12007.1829430 3015.9407225 9.9032 0 0 0 7.95489 -13.3754
12007.1829364 3015.9407160 9.9013 0 0 0 7.95166 -13.3779
12007.1829445 3015.9407206 9.9247 0 0 0 7.97135 -13.3619
12007.1830270 3015.9409428 10.0050 0 0 0 8.04598 -13.3173
12007.1830962 3015.9411821 9.9451 0 0 0 8.00887 -13.3873
12007.1831088 3015.9412377 9.9167 0 0 0 7.97046 -13.4069
12007.1831139 3015.9412410 9.9308 0 0 0 7.97538 -13.3804
12007.1831171 3015.9412398 9.9260 0 0 0 7.97519 -13.3771
12007.1831179 3015.9412442 9.9185 0 0 0 7.96904 -13.3805
12007.1831193 3015.9412429 9.9146 0 0 0 7.96441 -13.3804
12007.1831199 3015.9412431 9.9116 0 0 0 7.96123 -13.3793
12007.1831187 3015.9412427 9.9158 0 0 0 7.96463 -13.3741
12007.1831172 3015.9412430 9.9103 0 0 0 7.96092 -13.378
12007.1831174 3015.9412425 9.9132 0 0 0 7.96248 -13.3751
12007.1831173 3015.9412427 9.9071 0 0 0 7.95772 -13.379
12007.1831153 3015.9412426 9.9073 0 0 0 7.9568 -13.3772
12007.1831153 3015.9412411 9.9090 0 0 0 7.95839 -13.3749
12007.1831151 3015.9412410 9.9075 0 0 0 7.95758 -13.3761
12007.1831147 3015.9412409 9.9071 0 0 0 7.95698 -13.3762
12007.1831158 3015.9412397 9.9079 0 0 0 7.95758 -13.3754
