12007.1829244 3015.9401507 9.8882 0 0 0 9.87285 -4.86604
12007.1829242 3015.9401507 9.8910 0 0 0 9.86185 -9.86402
12007.1829237 3015.9401502 9.8932 0 0 0 8.8801 -13.1104
12007.1829235 3015.9401500 9.8938 0 0 0 8.11904 -13.8998
12007.1829234 3015.9401506 9.8929 0 0 0 7.899 -13.6762
12007.1829230 3015.9401501 9.8933 0 0 0 7.89979 -13.4546
12007.1829238 3015.9401507 9.8944 0 0 0 7.92865 -13.3756
12007.1829244 3015.9401469 9.9028 0 0 0 7.94961 -13.3603
12007.1829250 3015.9401548 9.8853 0 0 0 7.93894 -13.3794
12007.1829280 3015.9401562 9.8802 0 0 0 7.93071 -13.3827
12007.1829218 3015.9401601 9.8837 0 0 0 7.93229 -13.3764
12007.1829418 3015.9403132 10.0029 0 0 0 8.03733 -13.2989
12007.1829861 3015.9405459 9.9809 0 0 0 8.04136 -13.3522
12007.1830311 3015.9407510 9.9384 0 0 0 7.99799 -13.4012
12007.1830715 3015.9409311 9.9197 0 0 0 7.96992 -13.403
12007.1831072 3015.9411002 9.9084 0 0 0 7.95625 -13.393
12007.1831526 3015.9412255 9.8949 0 0 0 7.94401 -13.3893
12007.1831513 3015.9412234 9.8802 0 0 0 7.93009 -13.3895
12007.1831500 3015.9412208 9.8861 0 0 0 7.93344 -13.3769
12007.1831520 3015.9412184 9.8782 0 0 0 7.92858 -13.3796
12007.1831546 3015.9412241 9.8702 0 0 0 7.92064 -13.3825
12007.1831540 3015.9412290 9.8633 0 0 0 7.91323 -13.3829
12007.1831542 3015.9412273 9.8572 0 0 0 7.90691 -13.3822
12007.1831542 3015.9412241 9.8650 0 0 0 7.913 -13.373
12007.1831518 3015.9412229 9.8701 0 0 0 7.91941 -13.3703
12007.1831527 3015.9412224 9.8704 0 0 0 7.92083 -13.3732
12007.1831498 3015.9412214 9.8706 0 0 0 7.92082 -13.375
12007.1831504 3015.9412203 9.8743 0 0 0 7.92381 -13.3733
12007.1831509 3015.9412203 9.8719 0 0 0 7.92231 -13.3761
12007.1831491 3015.9412199 9.8748 0 0 0 7.92429 -13.3743
12007.1831496 3015.9412203 9.8763 0 0 0 7.92608 -13.374
12007.1831490 3015.9412191 9.8759 0 0 0 7.926 -13.3753
12007.1831480 3015.9412176 9.8749 0 0 0 7.92496 -13.3763
12007.1831459 3015.9412178 9.8794 0 0 0 7.92862 -13.3732
