12007.1831438 3015.9412148 9.8742 0 0 0 9.85887 -4.87303
12007.1831458 3015.9412157 9.8757 0 0 0 9.84651 -9.86544
12007.1831461 3015.9412158 9.8734 0 0 0 8.86061 -13.1138
12007.1831459 3015.9412152 9.8717 0 0 0 8.09684 -13.9027
12007.1831458 3015.9412156 9.8735 0 0 0 7.87887 -13.6754
12007.1831459 3015.9412155 9.8761 0 0 0 7.88232 -13.4524
12007.1831460 3015.9412149 9.8765 0 0 0 7.91108 -13.3751
12007.1831457 3015.9412159 9.8731 0 0 0 7.92151 -13.3679
12007.1831472 3015.9412150 9.8712 0 0 0 7.9221 -13.3732
12007.1831476 3015.9412155 9.8723 0 0 0 7.92246 -13.3747
12007.1831493 3015.9412155 9.8698 0 0 0 7.92013 -13.3771
12007.1831454 3015.9412204 9.8710 0 0 0 7.92057 -13.3757
12007.1831455 3015.9412194 9.8646 0 0 0 7.91522 -13.3796
12007.1831457 3015.9412154 9.8778 0 0 0 7.92557 -13.3691
12007.1831344 3015.9410295 10.0343 0 0 0 8.0648 -13.2719
12007.1830645 3015.9407609 10.0098 0 0 0 8.07351 -13.3416
12007.1829919 3015.9405019 10.0215 0 0 0 8.07597 -13.3647
12007.1829378 3015.9402562 10.0278 0 0 0 8.07883 -13.3707
12007.1828706 3015.9400158 10.0341 0 0 0 8.08394 -13.3706
12007.1827864 3015.9397471 10.0327 0 0 0 8.08337 -13.3747
12007.1827366 3015.9396133 9.9300 0 0 0 7.99314 -13.4415
12007.1827261 3015.9396177 9.9128 0 0 0 7.95815 -13.4189
12007.1827290 3015.9396177 9.9131 0 0 0 7.95684 -13.3882
12007.1827326 3015.9396212 9.9062 0 0 0 7.95456 -13.3807
12007.1827341 3015.9396215 9.9094 0 0 0 7.95801 -13.3745
12007.1827325 3015.9396215 9.9125 0 0 0 7.96195 -13.3725
12007.1827319 3015.9396209 9.9105 0 0 0 7.96096 -13.3755
12007.1827321 3015.9396211 9.9053 0 0 0 7.95591 -13.3793
12007.1827320 3015.9396213 9.9127 0 0 0 7.96124 -13.3727
12007.1827308 3015.9396225 9.9056 0 0 0 7.95656 -13.3783
12007.1827320 3015.9396225 9.9048 0 0 0 7.95456 -13.3778
12007.1827310 3015.9396222 9.9054 0 0 0 7.95488 -13.376
12007.1827319 3015.9396211 9.9066 0 0 0 7.95621 -13.3748
