12007.1830389 3015.9411847 9.8804 0 0 0 9.86506 -4.86994
12007.1830396 3015.9411848 9.8781 0 0 0 9.84895 -9.86912
12007.1830388 3015.9411848 9.8816 0 0 0 8.86785 -13.1113
12007.1830392 3015.9411849 9.8823 0 0 0 8.10734 -13.8996
12007.1830393 3015.9411841 9.8805 0 0 0 7.88671 -13.6765
12007.1830404 3015.9411860 9.8800 0 0 0 7.88657 -13.4554
12007.1830411 3015.9411859 9.8809 0 0 0 7.91508 -13.3761
12007.1830403 3015.9411859 9.8857 0 0 0 7.9329 -13.3627
12007.1830411 3015.9411851 9.8831 0 0 0 7.93459 -13.371
12007.1830406 3015.9411854 9.8826 0 0 0 7.93332 -13.3753
12007.1830405 3015.9411857 9.8851 0 0 0 7.93478 -13.3745
12007.1830399 3015.9411855 9.8788 0 0 0 7.92958 -13.3792
12007.1830419 3015.9411857 9.8785 0 0 0 7.92806 -13.3777
12007.1830416 3015.9411850 9.8804 0 0 0 7.92971 -13.375
12007.1830417 3015.9411849 9.8807 0 0 0 7.93053 -13.3749
12007.1830418 3015.9411849 9.8759 0 0 0 7.92646 -13.3784
12007.1830423 3015.9411854 9.8766 0 0 0 7.9261 -13.3767
12007.1830428 3015.9411843 9.8795 0 0 0 7.92881 -13.374
12007.1830426 3015.9411855 9.8766 0 0 0 7.92697 -13.3766
12007.1830421 3015.9411856 9.8791 0 0 0 7.92858 -13.3747
12007.1830418 3015.9411851 9.8738 0 0 0 7.9244 -13.3785
12007.1830422 3015.9411854 9.8756 0 0 0 7.92496 -13.376
12007.1830421 3015.9411845 9.8754 0 0 0 7.92517 -13.3756
12007.1830414 3015.9411851 9.8744 0 0 0 7.92437 -13.3762
12007.1830409 3015.9411845 9.8748 0 0 0 7.92454 -13.3757
12007.1830407 3015.9411843 9.8697 0 0 0 7.92018 -13.3789
12007.1830404 3015.9411847 9.8696 0 0 0 7.91914 -13.3773
12007.1830419 3015.9411856 9.8720 0 0 0 7.9213 -13.3745
12007.1830412 3015.9411856 9.8715 0 0 0 7.92149 -13.3752
12007.1830412 3015.9411855 9.8749 0 0 0 7.92439 -13.3734
12007.1830416 3015.9411862 9.8735 0 0 0 7.92377 -13.3755
12007.1830402 3015.9411853 9.8753 0 0 0 7.92499 -13.3747
12007.1830400 3015.9411853 9.8709 0 0 0 7.92141 -13.378
12007.1830396 3015.9411856 9.8754 0 0 0 7.92446 -13.3741
12007.1830382 3015.9411846 9.8765 0 0 0 7.92631 -13.3739
12007.1830389 3015.9411854 9.8795 0 0 0 7.92919 -13.3731
12007.1830391 3015.9411855 9.8796 0 0 0 7.92975 -13.3746
12007.1830400 3015.9411858 9.8765 0 0 0 7.92692 -13.3774
12007.1830390 3015.9411850 9.8772 0 0 0 7.92681 -13.3762
12007.1830389 3015.9411844 9.8764 0 0 0 7.92625 -13.3762
12007.1830407 3015.9411857 9.8762 0 0 0 7.926 -13.376
12007.1830410 3015.9411858 9.8723 0 0 0 7.9226 -13.3783
12007.1830415 3015.9411859 9.8726 0 0 0 7.92214 -13.3767
12007.1830420 3015.9411858 9.8744 0 0 0 7.92385 -13.3747
12007.1830433 3015.9411853 9.8751 0 0 0 7.92493 -13.3746
12007.1830426 3015.9411851 9.8736 0 0 0 7.92377 -13.3762
12007.1830421 3015.9411854 9.8739 0 0 0 7.92368 -13.3759
12007.1830428 3015.9411849 9.8744 0 0 0 7.92415 -13.3754
12007.1830427 3015.9411849 9.8708 0 0 0 7.92113 -13.3778
12007.1830416 3015.9411852 9.8740 0 0 0 7.92323 -13.3747
12007.1830416 3015.9411856 9.8686 0 0 0 7.91918 -13.3784
12007.1830417 3015.9411852 9.8733 0 0 0 7.9223 -13.3741
12007.1830410 3015.9411853 9.8736 0 0 0 7.9235 -13.3744
12007.1830421 3015.9411849 9.8708 0 0 0 7.92118 -13.377
12007.1830417 3015.9411851 9.8711 0 0 0 7.92081 -13.3763
12007.1830413 3015.9411851 9.8713 0 0 0 7.92103 -13.3757
12007.1830416 3015.9411856 9.8728 0 0 0 7.92244 -13.3746
12007.1830426 3015.9411856 9.8718 0 0 0 7.92188 -13.3758
12007.1830414 3015.9411841 9.8730 0 0 0 7.92271 -13.3751
12007.1830409 3015.9411843 9.8737 0 0 0 7.92352 -13.3749
12007.1830422 3015.9411847 9.8734 0 0 0 7.92338 -13.3756
12007.1830425 3015.9411843 9.8723 0 0 0 7.92232 -13.3764
12007.1830421 3015.9411841 9.8725 0 0 0 7.92225 -13.3759
12007.1830430 3015.9411841 9.8699 0 0 0 7.92004 -13.3774
12007.1830415 3015.9411836 9.8731 0 0 0 7.92236 -13.3744
12007.1830419 3015.9411838 9.8779 0 0 0 7.92722 -13.3718
12007.1830424 3015.9411836 9.8757 0 0 0 7.92626 -13.3753
12007.1830428 3015.9411835 9.8746 0 0 0 7.92472 -13.3767
12007.1830424 3015.9411849 9.8765 0 0 0 7.92601 -13.375
12007.1830426 3015.9411845 9.8723 0 0 0 7.92273 -13.3779
12007.1830428 3015.9411838 9.8738 0 0 0 7.92325 -13.3759
12007.1830425 3015.9411847 9.8758 0 0 0 7.92532 -13.3742
12007.1830416 3015.9411844 9.8785 0 0 0 7.92815 -13.3732
12007.1830430 3015.9411840 9.8725 0 0 0 7.9234 -13.3785
12007.1830417 3015.9411834 9.8765 0 0 0 7.92562 -13.3748
12007.1830428 3015.9411841 9.8744 0 0 0 7.92453 -13.3762
12007.1830438 3015.9411838 9.8708 0 0 0 7.92107 -13.3784
12007.1830431 3015.9411846 9.8778 0 0 0 7.92647 -13.3724
12007.1830421 3015.9411832 9.8759 0 0 0 7.92625 -13.375
12007.1830432 3015.9411839 9.8772 0 0 0 7.92704 -13.3749
12007.1830439 3015.9411846 9.8754 0 0 0 7.92557 -13.3765
12007.1830428 3015.9411844 9.8788 0 0 0 7.92815 -13.374
12007.1830432 3015.9411843 9.8755 0 0 0 7.92592 -13.3769
12007.1830433 3015.9411842 9.8761 0 0 0 7.92579 -13.3761
12007.1830431 3015.9411829 9.8751 0 0 0 7.92501 -13.3764
12007.1830438 3015.9411842 9.8730 0 0 0 7.92304 -13.3773
12007.1830449 3015.9411838 9.8736 0 0 0 7.92319 -13.376
12007.1830450 3015.9411838 9.8666 0 0 0 7.91727 -13.3801
12007.1830430 3015.9411843 9.8711 0 0 0 7.91992 -13.3749
12007.1830423 3015.9411839 9.8746 0 0 0 7.92397 -13.3725
12007.1830429 3015.9411846 9.8740 0 0 0 7.92427 -13.3746
12007.1830421 3015.9411836 9.8760 0 0 0 7.92578 -13.3743
12007.1830421 3015.9411845 9.8744 0 0 0 7.92462 -13.3761
12007.1830413 3015.9411843 9.8797 0 0 0 7.92886 -13.3727
12007.1830419 3015.9411835 9.8787 0 0 0 7.92897 -13.3748
12007.1830413 3015.9411834 9.8787 0 0 0 7.92871 -13.3756
12007.1830409 3015.9411824 9.8800 0 0 0 7.92971 -13.3749
12007.1830452 3015.9411814 9.8772 0 0 0 7.92748 -13.3771
12007.1830471 3015.9411782 9.8780 0 0 0 7.92762 -13.376
12007.1830521 3015.9411760 9.8718 0 0 0 7.92237 -13.3796
12007.1830533 3015.9411726 9.8662 0 0 0 7.91636 -13.3811
12007.1830530 3015.9411699 9.8559 0 0 0 7.9064 -13.3844
12007.1830534 3015.9411685 9.8626 0 0 0 7.91057 -13.375
12007.1830529 3015.9411708 9.8544 0 0 0 7.90514 -13.3795
12007.1830540 3015.9411709 9.8556 0 0 0 7.90493 -13.3768
12007.1830534 3015.9411726 9.8537 0 0 0 7.90358 -13.377
12007.1830509 3015.9411725 9.8547 0 0 0 7.90426 -13.3755
12007.1830531 3015.9411712 9.8582 0 0 0 7.90759 -13.3732
12007.1830515 3015.9411721 9.8600 0 0 0 7.90988 -13.3733
12007.1830498 3015.9411728 9.8607 0 0 0 7.91076 -13.3744
12007.1830491 3015.9411725 9.8625 0 0 0 7.91231 -13.3742
12007.1830479 3015.9411733 9.8609 0 0 0 7.91114 -13.3761
12007.1830477 3015.9411741 9.8689 0 0 0 7.91772 -13.371
12007.1830469 3015.9411721 9.8679 0 0 0 7.91834 -13.374
12007.1830514 3015.9411694 9.8725 0 0 0 7.92206 -13.3725
12007.1830549 3015.9411718 9.8459 0 0 0 7.8995 -13.3913
12007.1830489 3015.9411739 9.8528 0 0 0 7.90025 -13.3793
12007.1830490 3015.9411741 9.8407 0 0 0 7.89132 -13.3832
12007.1830449 3015.9411735 9.8401 0 0 0 7.88917 -13.3793
12007.1830373 3015.9411657 9.8382 0 0 0 7.88774 -13.3777
12007.1830330 3015.9411649 9.8430 0 0 0 7.89194 -13.3731
12007.1830396 3015.9411552 9.8795 0 0 0 7.92491 -13.3508
12007.1830403 3015.9411514 9.8807 0 0 0 7.93299 -13.3631
12007.1830417 3015.9411439 9.8858 0 0 0 7.93691 -13.3694
12007.1830416 3015.9411348 9.9077 0 0 0 7.95572 -13.3602
12007.1830439 3015.9411247 9.9201 0 0 0 7.9701 -13.361
12007.1830424 3015.9411150 9.9535 0 0 0 8.00099 -13.3491
12007.1830378 3015.9411113 9.9780 0 0 0 8.02781 -13.3489
12007.1827019 3015.9409549 10.2276 0 0 0 8.24909 -13.2064
12007.1830369 3015.9410986 10.0623 0 0 0 8.15111 -13.4022
12007.1830305 3015.9410988 10.1186 0 0 0 8.16287 -13.3741
12007.1828674 3015.9408300 11.3406 0 0 0 9.23444 -12.5902
12007.1830328 3015.9410771 10.1045 0 0 0 8.39174 -13.7831
12007.1830326 3015.9407175 12.6805 0 0 0 10.3809 -12.0272
12007.1825105 3015.9403774 13.0549 0 0 0 11.1842 -12.4266
12007.1830333 3015.9410584 10.1013 0 0 0 8.65786 -14.973
12007.1830311 3015.9410393 10.0940 0 0 0 8.00601 -14.2803
12007.1830257 3015.9410151 10.1146 0 0 0 8.02918 -13.6005
12007.1830210 3015.9409950 10.1003 0 0 0 8.10615 -13.3794
12007.1830148 3015.9409703 10.0974 0 0 0 8.14155 -13.3507
12007.1830032 3015.9409429 10.0918 0 0 0 8.14481 -13.3666
12007.1829874 3015.9409091 10.1186 0 0 0 8.16659 -13.3573
12007.1829755 3015.9408754 10.1364 0 0 0 8.18609 -13.3565
12007.1829659 3015.9408469 10.1390 0 0 0 8.19094 -13.367
12007.1829536 3015.9408182 10.1352 0 0 0 8.1869 -13.3763
12007.1829518 3015.9407913 10.1321 0 0 0 8.1825 -13.3791
12007.1829444 3015.9407704 10.1331 0 0 0 8.18246 -13.3766
12007.1829402 3015.9407523 10.0725 0 0 0 8.12988 -13.4144
12007.1829298 3015.9407348 10.0461 0 0 0 8.09533 -13.4113
12007.1829191 3015.9407117 10.0398 0 0 0 8.08583 -13.3922
12007.1829076 3015.9406928 10.0335 0 0 0 8.08157 -13.3832
12007.1828926 3015.9406751 10.0447 0 0 0 8.09194 -13.3701
12007.1828950 3015.9406668 10.0103 0 0 0 8.06491 -13.394
12007.1828987 3015.9406506 10.0263 0 0 0 8.07239 -13.3751
12007.1828985 3015.9406418 10.0041 0 0 0 8.05637 -13.3872
12007.1828967 3015.9406333 9.9870 0 0 0 8.03786 -13.3923
12007.1828977 3015.9406245 10.0052 0 0 0 8.05074 -13.3707
12007.1828963 3015.9406231 10.0027 0 0 0 8.05295 -13.3727
12007.1828913 3015.9406152 10.0252 0 0 0 8.07261 -13.3605
12007.1828877 3015.9406137 10.0331 0 0 0 8.08357 -13.3636
12007.1828862 3015.9406117 10.0315 0 0 0 8.08317 -13.3727
12007.1828853 3015.9406109 10.0300 0 0 0 8.08065 -13.3767
12007.1828871 3015.9406120 10.0412 0 0 0 8.08959 -13.3694
12007.1828890 3015.9406127 10.0370 0 0 0 8.088 -13.3752
12007.1828883 3015.9406130 10.0402 0 0 0 8.08985 -13.3742
12007.1828895 3015.9406118 10.0398 0 0 0 8.08987 -13.3753
12007.1828932 3015.9406127 10.0436 0 0 0 8.09305 -13.3732
12007.1828989 3015.9406115 10.0415 0 0 0 8.09188 -13.3759
12007.1829021 3015.9406128 10.0398 0 0 0 8.08991 -13.3772
12007.1829015 3015.9406101 10.0417 0 0 0 8.09115 -13.3752
12007.1829006 3015.9406057 10.0502 0 0 0 8.09898 -13.3698
12007.1829016 3015.9406067 10.0529 0 0 0 8.10302 -13.3711
12007.1829005 3015.9406064 10.0512 0 0 0 8.10188 -13.3753
12007.1829001 3015.9406094 10.0404 0 0 0 8.09178 -13.383
12007.1829007 3015.9406093 10.0429 0 0 0 8.0917 -13.3777
12007.1828979 3015.9406080 10.0477 0 0 0 8.09655 -13.3727
12007.1828925 3015.9406052 10.0620 0 0 0 8.11029 -13.3648
12007.1828883 3015.9406041 10.0652 0 0 0 8.11583 -13.3687
12007.1828902 3015.9406038 10.0639 0 0 0 8.1149 -13.3745
12007.1828883 3015.9406059 10.0610 0 0 0 8.11152 -13.3778
12007.1828849 3015.9406073 10.0503 0 0 0 8.10132 -13.3837
12007.1828830 3015.9406127 10.0392 0 0 0 8.08959 -13.3864
12007.1828797 3015.9406120 10.0513 0 0 0 8.09831 -13.3721
12007.1828790 3015.9406162 10.0361 0 0 0 8.08797 -13.3823
12007.1828738 3015.9406194 10.0252 0 0 0 8.07585 -13.3863
12007.1828735 3015.9406267 10.0178 0 0 0 8.06734 -13.3848
12007.1828745 3015.9406305 10.0295 0 0 0 8.07667 -13.3713
12007.1828772 3015.9406310 10.0363 0 0 0 8.0855 -13.368
12007.1828802 3015.9406303 10.0372 0 0 0 8.08783 -13.3719
12007.1828836 3015.9406322 10.0188 0 0 0 8.07157 -13.3866
12007.1821744 3015.9405625 10.0154 0 0 0 8.06467 -13.3836
12007.1817918 3015.9402591 11.6923 0 0 0 9.52768 -12.3059
12007.1818061 3015.9401285 10.6308 0 0 0 8.92456 -13.5316
12007.1822481 3015.9401608 13.7301 0 0 0 11.3968 -11.606
12007.1826943 3015.9405186 12.2358 0 0 0 10.6522 -13.4481
12007.1824740 3015.9395706 16.2489 0 0 0 13.8255 -11.07
12007.1822114 3015.9401848 10.7173 0 0 0 9.70419 -15.7789
12007.1828806 3015.9406216 10.0565 0 0 0 8.00387 -15.2639
12007.1828805 3015.9406167 10.0631 0 0 0 7.8588 -13.9867
12007.1828796 3015.9406152 10.0644 0 0 0 8.00399 -13.4326
12007.1828839 3015.9406150 10.0626 0 0 0 8.0914 -13.3269
12007.1828860 3015.9406122 10.0682 0 0 0 8.12087 -13.341
12007.1828846 3015.9406105 10.0635 0 0 0 8.11871 -13.368
12007.1828825 3015.9406103 10.0608 0 0 0 8.11265 -13.3781
12007.1828870 3015.9406119 10.0534 0 0 0 8.10414 -13.3825
12007.1828813 3015.9406076 10.0640 0 0 0 8.11174 -13.3719
12007.1828824 3015.9406098 10.0520 0 0 0 8.10358 -13.3806
12007.1828846 3015.9406098 10.0511 0 0 0 8.10065 -13.3791
12007.1828871 3015.9406119 10.0506 0 0 0 8.10003 -13.3771
12007.1828948 3015.9406145 10.0353 0 0 0 8.08687 -13.3857
12007.1828942 3015.9406117 10.0465 0 0 0 8.09387 -13.3732
12007.1828968 3015.9406171 10.0309 0 0 0 8.08273 -13.3832
12007.1828976 3015.9406156 10.0241 0 0 0 8.07411 -13.384
12007.1829008 3015.9406138 10.0257 0 0 0 8.07431 -13.3777
12007.1828997 3015.9406106 10.0251 0 0 0 8.0746 -13.376
12007.1829024 3015.9406150 10.0053 0 0 0 8.05758 -13.3882
12007.1829027 3015.9406155 10.0294 0 0 0 8.07489 -13.3663
12007.1828890 3015.9406149 10.0330 0 0 0 8.08302 -13.3672
12007.1828777 3015.9406161 10.0252 0 0 0 8.07714 -13.3777
12007.1828811 3015.9406175 10.0149 0 0 0 8.06607 -13.3843
12007.1828769 3015.9406187 10.0171 0 0 0 8.06573 -13.3782
12007.1828764 3015.9406187 10.0140 0 0 0 8.06376 -13.3778
12007.1828759 3015.9406189 10.0169 0 0 0 8.0661 -13.3745
12007.1828729 3015.9406183 10.0186 0 0 0 8.0683 -13.3738
12007.1828710 3015.9406165 10.0136 0 0 0 8.06431 -13.3781
12007.1828695 3015.9406163 10.0154 0 0 0 8.06482 -13.3759
12007.1828730 3015.9406178 10.0126 0 0 0 8.06272 -13.3773
12007.1828757 3015.9406234 9.9995 0 0 0 8.05085 -13.3848
12007.1828756 3015.9406196 10.0087 0 0 0 8.05641 -13.374
12007.1828755 3015.9406148 10.0096 0 0 0 8.05927 -13.3731
12007.1828795 3015.9406241 9.9941 0 0 0 8.04622 -13.3846
12007.1828755 3015.9406317 9.9746 0 0 0 8.02609 -13.3928
12007.1828748 3015.9406304 9.9771 0 0 0 8.02466 -13.3813
12007.1828793 3015.9406315 9.9721 0 0 0 8.02158 -13.3794
12007.1828782 3015.9406302 9.9780 0 0 0 8.02657 -13.373
12007.1828811 3015.9406326 9.9671 0 0 0 8.01851 -13.3809
12007.1828811 3015.9406331 9.9713 0 0 0 8.02015 -13.3759
12007.1828815 3015.9406327 9.9669 0 0 0 8.01716 -13.3779
12007.1829175 3015.9406282 9.8887 0 0 0 7.94827 -13.4267
12007.1829187 3015.9406292 9.8876 0 0 0 7.93233 -13.401
12007.1829195 3015.9406280 9.8906 0 0 0 7.93619 -13.3796
12007.1829170 3015.9406280 9.8935 0 0 0 7.94194 -13.3725
12007.1829166 3015.9406275 9.8942 0 0 0 7.94418 -13.3732
12007.1829172 3015.9406276 9.8970 0 0 0 7.94683 -13.3731
12007.1829167 3015.9406273 9.8964 0 0 0 7.94665 -13.3751
12007.1829168 3015.9406269 9.8958 0 0 0 7.94585 -13.3761
12007.1829158 3015.9406275 9.8987 0 0 0 7.94815 -13.3741
12007.1829164 3015.9406278 9.8964 0 0 0 7.94669 -13.3763
12007.1829180 3015.9406267 9.8962 0 0 0 7.94605 -13.3763
12007.1829189 3015.9406253 9.9010 0 0 0 7.95016 -13.3728
12007.1829202 3015.9406263 9.9000 0 0 0 7.95025 -13.3748
12007.1829193 3015.9406264 9.8998 0 0 0 7.94983 -13.3758
12007.1829194 3015.9406251 9.9016 0 0 0 7.95123 -13.3747
12007.1829204 3015.9406257 9.8971 0 0 0 7.94762 -13.378
12007.1829213 3015.9406256 9.9031 0 0 0 7.95197 -13.3731
12007.1829189 3015.9406278 9.9080 0 0 0 7.95743 -13.371
12007.1829127 3015.9406296 9.9044 0 0 0 7.95525 -13.376
12007.1829108 3015.9406321 9.9038 0 0 0 7.95381 -13.3768
12007.1829112 3015.9406312 9.9056 0 0 0 7.9551 -13.375
12007.1829155 3015.9406285 9.8975 0 0 0 7.94842 -13.3804
12007.1829165 3015.9406275 9.8994 0 0 0 7.94854 -13.3768
12007.1829142 3015.9406282 9.9014 0 0 0 7.95076 -13.3744
12007.1829112 3015.9406269 9.9008 0 0 0 7.95083 -13.3753
12007.1829082 3015.9406222 9.9003 0 0 0 7.95029 -13.376
12007.1829162 3015.9406145 9.9064 0 0 0 7.95545 -13.372
12007.1829265 3015.9406199 9.9056 0 0 0 7.95592 -13.3743
12007.1829210 3015.9406157 9.9081 0 0 0 7.95786 -13.3739
12007.1829226 3015.9406152 9.9014 0 0 0 7.95232 -13.3793
12007.1829233 3015.9406154 9.9042 0 0 0 7.95337 -13.3759
12007.1829214 3015.9406150 9.9065 0 0 0 7.95595 -13.3738
12007.1829228 3015.9406154 9.9046 0 0 0 7.95487 -13.376
12007.1829221 3015.9406160 9.9034 0 0 0 7.95342 -13.3768
12007.1829225 3015.9406164 9.9051 0 0 0 7.95461 -13.3751
12007.1829229 3015.9406172 9.9043 0 0 0 7.95428 -13.3758
12007.1829234 3015.9406182 9.9064 0 0 0 7.95599 -13.3744
12007.1829239 3015.9406181 9.9068 0 0 0 7.95672 -13.3748
12007.1829252 3015.9406175 9.9011 0 0 0 7.95179 -13.379
12007.1829253 3015.9406177 9.9002 0 0 0 7.94984 -13.378
12007.1829247 3015.9406166 9.9011 0 0 0 7.95051 -13.3758
12007.1829259 3015.9406165 9.8990 0 0 0 7.94904 -13.3768
12007.1829258 3015.9406163 9.9028 0 0 0 7.95205 -13.3738
12007.1829264 3015.9406160 9.9018 0 0 0 7.95194 -13.3752
12007.1829254 3015.9406160 9.9031 0 0 0 7.95288 -13.3749
12007.1829258 3015.9406161 9.9052 0 0 0 7.95487 -13.374
12007.1829262 3015.9406165 9.9049 0 0 0 7.95498 -13.3751
12007.1829249 3015.9406160 9.9046 0 0 0 7.95458 -13.3758
12007.1829249 3015.9406161 9.9090 0 0 0 7.95829 -13.373
12007.1829240 3015.9406170 9.9114 0 0 0 7.96121 -13.3728
12007.1829231 3015.9406176 9.9127 0 0 0 7.96274 -13.3738
12007.1829248 3015.9406167 9.9091 0 0 0 7.95967 -13.3774
12007.1829224 3015.9406168 9.9121 0 0 0 7.96144 -13.3748
12007.1829237 3015.9406170 9.9043 0 0 0 7.95518 -13.38
12007.1829238 3015.9406169 9.9073 0 0 0 7.95634 -13.376
12007.1829243 3015.9406164 9.9050 0 0 0 7.955 -13.3767
12007.1829250 3015.9406166 9.9040 0 0 0 7.95386 -13.3768
12007.1829238 3015.9406166 9.9056 0 0 0 7.9551 -13.3751
12007.1829238 3015.9406162 9.9060 0 0 0 7.95583 -13.375
12007.1829230 3015.9406160 9.9038 0 0 0 7.95402 -13.3768
12007.1829231 3015.9406162 9.9062 0 0 0 7.95565 -13.3748
12007.1829232 3015.9406165 9.9045 0 0 0 7.95463 -13.3762
12007.1829234 3015.9406166 9.9025 0 0 0 7.95257 -13.3773
12007.1829225 3015.9406170 9.9052 0 0 0 7.95453 -13.3747
12007.1829229 3015.9406164 9.9054 0 0 0 7.95528 -13.3748
12007.1829231 3015.9406170 9.9066 0 0 0 7.95641 -13.3746
12007.1829233 3015.9406170 9.9007 0 0 0 7.95143 -13.379
12007.1829225 3015.9406164 9.9031 0 0 0 7.95233 -13.3759
12007.1829233 3015.9406163 9.9042 0 0 0 7.9538 -13.3747
12007.1829227 3015.9406161 9.9027 0 0 0 7.95284 -13.3761
12007.1829224 3015.9406161 9.9089 0 0 0 7.95794 -13.372
12007.1829221 3015.9406162 9.9093 0 0 0 7.95946 -13.3736
12007.1829223 3015.9406163 9.9086 0 0 0 7.95884 -13.3756
12007.1829228 3015.9406169 9.9086 0 0 0 7.95851 -13.3759
12007.1829231 3015.9406168 9.9038 0 0 0 7.95424 -13.3789
12007.1829229 3015.9406169 9.9059 0 0 0 7.95515 -13.3759
12007.1829229 3015.9406163 9.9059 0 0 0 7.95565 -13.3754
12007.1829229 3015.9406163 9.9054 0 0 0 7.95534 -13.3758
12007.1829231 3015.9406162 9.9097 0 0 0 7.959 -13.373
12007.1829230 3015.9406166 9.9054 0 0 0 7.95606 -13.3771
12007.1829222 3015.9406159 9.9069 0 0 0 7.95648 -13.3757
12007.1829234 3015.9406166 9.9067 0 0 0 7.95653 -13.3757
12007.1829237 3015.9406165 9.9070 0 0 0 7.95681 -13.3755
12007.1829230 3015.9406167 9.9058 0 0 0 7.95582 -13.3763
12007.1829228 3015.9406158 9.9073 0 0 0 7.9569 -13.3751
12007.1829234 3015.9406163 9.9027 0 0 0 7.95318 -13.3782
12007.1829227 3015.9406155 9.9051 0 0 0 7.9544 -13.3755
12007.1829225 3015.9406161 9.9039 0 0 0 7.95386 -13.376
12007.1829230 3015.9406166 9.9051 0 0 0 7.95477 -13.3751
12007.1829231 3015.9406163 9.9051 0 0 0 7.955 -13.3753
12007.1829226 3015.9406160 9.9056 0 0 0 7.95543 -13.3753
12007.1829229 3015.9406168 9.9034 0 0 0 7.95358 -13.3769
12007.1829229 3015.9406169 9.9019 0 0 0 7.95182 -13.3773
12007.1829230 3015.9406172 9.9071 0 0 0 7.95609 -13.373
12007.1829229 3015.9406169 9.9038 0 0 0 7.9543 -13.3763
12007.1829228 3015.9406166 9.9073 0 0 0 7.95671 -13.3741
12007.1829233 3015.9406163 9.9045 0 0 0 7.95485 -13.3766
12007.1829233 3015.9406171 9.9047 0 0 0 7.95447 -13.3762
12007.1829233 3015.9406170 9.9067 0 0 0 7.95622 -13.3745
12007.1829233 3015.9406178 9.9029 0 0 0 7.95334 -13.3775
12007.1829234 3015.9406173 9.9041 0 0 0 7.95364 -13.3759
12007.1829227 3015.9406170 9.9043 0 0 0 7.95405 -13.3754
12007.1829232 3015.9406176 9.9016 0 0 0 7.95181 -13.3772
12007.1829233 3015.9406173 9.9030 0 0 0 7.95252 -13.3756
12007.1829232 3015.9406176 9.9046 0 0 0 7.95422 -13.3744
12007.1829232 3015.9406179 9.9049 0 0 0 7.95484 -13.3749
12007.1829237 3015.9406179 9.9037 0 0 0 7.95382 -13.3762
12007.1829234 3015.9406173 9.9063 0 0 0 7.95578 -13.3744
12007.1829238 3015.9406181 9.9080 0 0 0 7.95775 -13.3739
12007.1829240 3015.9406185 9.9036 0 0 0 7.95422 -13.3778
12007.1829228 3015.9406175 9.9064 0 0 0 7.95572 -13.3751
12007.1829238 3015.9406181 9.9058 0 0 0 7.95573 -13.3755
12007.1829229 3015.9406173 9.9042 0 0 0 7.95428 -13.3767
12007.1829231 3015.9406172 9.9032 0 0 0 7.95308 -13.3768
12007.1829234 3015.9406176 9.9045 0 0 0 7.95404 -13.3753
12007.1829226 3015.9406171 9.9049 0 0 0 7.95471 -13.3751
12007.1829232 3015.9406170 9.9058 0 0 0 7.95561 -13.3749
12007.1829233 3015.9406176 9.9055 0 0 0 7.95549 -13.3755
12007.1829232 3015.9406174 9.9023 0 0 0 7.95259 -13.3778
12007.1829237 3015.9406176 9.9044 0 0 0 7.95377 -13.3754
12007.1829236 3015.9406174 9.9042 0 0 0 7.95405 -13.3754
12007.1829231 3015.9406174 9.9026 0 0 0 7.95269 -13.3766
12007.1829228 3015.9406165 9.9046 0 0 0 7.95411 -13.3749
12007.1829234 3015.9406170 9.9090 0 0 0 7.95835 -13.3724
12007.1829256 3015.9406175 9.9097 0 0 0 7.95982 -13.3737
12007.1829257 3015.9406171 9.9052 0 0 0 7.95591 -13.378
12007.1829252 3015.9406167 9.9075 0 0 0 7.95687 -13.3756
12007.1829263 3015.9406182 9.9117 0 0 0 7.96096 -13.3726
12007.1829248 3015.9406168 9.9098 0 0 0 7.9602 -13.3754
12007.1829262 3015.9406172 9.9071 0 0 0 7.9574 -13.3777
12007.1829255 3015.9406176 9.9088 0 0 0 7.95824 -13.3756
12007.1829250 3015.9406189 9.9105 0 0 0 7.96009 -13.3743
12007.1829254 3015.9406189 9.9104 0 0 0 7.96041 -13.3751
12007.1829249 3015.9406192 9.9117 0 0 0 7.96148 -13.3747
12007.1829256 3015.9406187 9.9085 0 0 0 7.95887 -13.3773
12007.1829258 3015.9406192 9.9051 0 0 0 7.95524 -13.3788
12007.1829261 3015.9406194 9.9062 0 0 0 7.95555 -13.3763
12007.1829252 3015.9406189 9.9092 0 0 0 7.95853 -13.3736
12007.1829255 3015.9406187 9.9090 0 0 0 7.95907 -13.3747
12007.1829253 3015.9406187 9.9055 0 0 0 7.95594 -13.3777
12007.1829264 3015.9406189 9.9070 0 0 0 7.95647 -13.3758
12007.1829263 3015.9406183 9.9052 0 0 0 7.95521 -13.3766
12007.1829263 3015.9406190 9.9092 0 0 0 7.95844 -13.3736
12007.1829275 3015.9406185 9.9060 0 0 0 7.95645 -13.3766
12007.1829263 3015.9406181 9.9074 0 0 0 7.95703 -13.3755
12007.1829257 3015.9406182 9.9096 0 0 0 7.95917 -13.3741
12007.1829265 3015.9406182 9.9097 0 0 0 7.95971 -13.3748
