12007.1829279 3015.9406167 9.8962 0 0 0 9.88083 -4.86205
12007.1829281 3015.9406178 9.8956 0 0 0 9.86649 -9.86729
12007.1829288 3015.9406174 9.8925 0 0 0 8.87961 -13.115
12007.1829279 3015.9406176 9.8937 0 0 0 8.11831 -13.9012
12007.1829283 3015.9406177 9.8926 0 0 0 7.89846 -13.6764
12007.1829284 3015.9406175 9.8950 0 0 0 7.90118 -13.4532
12007.1829280 3015.9406178 9.8918 0 0 0 7.92673 -13.3777
12007.1829282 3015.9406172 9.8916 0 0 0 7.93932 -13.367
12007.1829285 3015.9406177 9.8901 0 0 0 7.94097 -13.3721
12007.1829289 3015.9406175 9.8908 0 0 0 7.94114 -13.3746
12007.1829288 3015.9406176 9.8913 0 0 0 7.94128 -13.3753
12007.1829285 3015.9406177 9.8906 0 0 0 7.94061 -13.3761
12007.1829286 3015.9406179 9.8926 0 0 0 7.94217 -13.3746
12007.1829294 3015.9406186 9.8901 0 0 0 7.94036 -13.3767
12007.1829286 3015.9406180 9.8902 0 0 0 7.93996 -13.3762
12007.1829286 3015.9406183 9.8952 0 0 0 7.94433 -13.3726
12007.1829269 3015.9406177 9.8941 0 0 0 7.94439 -13.3748
12007.1829283 3015.9406165 9.8962 0 0 0 7.94595 -13.3743
12007.1829273 3015.9406172 9.8992 0 0 0 7.94883 -13.3732
12007.1829273 3015.9406174 9.8968 0 0 0 7.94724 -13.3762
12007.1829268 3015.9406166 9.8968 0 0 0 7.94666 -13.3762
12007.1829265 3015.9406148 9.8988 0 0 0 7.94833 -13.3746
12007.1829259 3015.9406147 9.9004 0 0 0 7.95014 -13.3741
12007.1829240 3015.9406153 9.9045 0 0 0 7.95402 -13.3724
12007.1829244 3015.9406153 9.9043 0 0 0 7.95455 -13.3744
12007.1829243 3015.9406145 9.9058 0 0 0 7.95567 -13.3745
12007.1829242 3015.9406154 9.9058 0 0 0 7.9558 -13.3753
12007.1829254 3015.9406170 9.9034 0 0 0 7.95363 -13.3772
12007.1829255 3015.9406164 9.9028 0 0 0 7.95259 -13.3768
12007.1829259 3015.9406183 9.8989 0 0 0 7.94909 -13.3785
12007.1829248 3015.9406155 9.9064 0 0 0 7.95497 -13.3721
12007.1829253 3015.9406167 9.9020 0 0 0 7.9527 -13.3764
12007.1829258 3015.9406166 9.9031 0 0 0 7.95283 -13.3758
12007.1829253 3015.9406165 9.9020 0 0 0 7.95196 -13.3763
12007.1829254 3015.9406159 9.9014 0 0 0 7.95126 -13.3764
12007.1829266 3015.9406164 9.9033 0 0 0 7.95282 -13.3747
12007.1829269 3015.9406168 9.9043 0 0 0 7.9541 -13.3745
12007.1829267 3015.9406174 9.9021 0 0 0 7.95238 -13.3766
12007.1829273 3015.9406184 9.9010 0 0 0 7.95092 -13.377
12007.1829261 3015.9406175 9.9052 0 0 0 7.95436 -13.3735
12007.1829261 3015.9406175 9.9035 0 0 0 7.95375 -13.3755
12007.1829265 3015.9406177 9.9052 0 0 0 7.9549 -13.3748
12007.1829272 3015.9406182 9.8990 0 0 0 7.94973 -13.3792
12007.1829281 3015.9406201 9.8981 0 0 0 7.94772 -13.3781
12007.1829275 3015.9406214 9.8945 0 0 0 7.94447 -13.3787
12007.1829288 3015.9406216 9.8995 0 0 0 7.94834 -13.3736
12007.1829297 3015.9406206 9.9031 0 0 0 7.95262 -13.372
12007.1829294 3015.9406194 9.9022 0 0 0 7.95259 -13.3747
12007.1829287 3015.9406191 9.8999 0 0 0 7.95023 -13.3771
12007.1829286 3015.9406182 9.9019 0 0 0 7.95137 -13.3752
12007.1829298 3015.9406167 9.9000 0 0 0 7.9501 -13.3765
12007.1829300 3015.9406122 9.9074 0 0 0 7.95624 -13.3714
12007.1829284 3015.9406118 9.9022 0 0 0 7.95313 -13.3768
12007.1829288 3015.9406140 9.9137 0 0 0 7.96208 -13.3694
12007.1829324 3015.9406122 9.9156 0 0 0 7.96582 -13.3713
12007.1829371 3015.9406096 9.9188 0 0 0 7.96885 -13.3723
12007.1829346 3015.9406114 9.9147 0 0 0 7.96553 -13.3772
12007.1829382 3015.9406110 9.9186 0 0 0 7.96788 -13.3744
12007.1829406 3015.9406087 9.9232 0 0 0 7.97256 -13.3719
12007.1829399 3015.9406072 9.9136 0 0 0 7.96509 -13.3801
12007.1829369 3015.9406068 9.9095 0 0 0 7.95951 -13.3809
12007.1829362 3015.9406077 9.9106 0 0 0 7.95966 -13.377
12007.1829361 3015.9406080 9.9035 0 0 0 7.95399 -13.3802
12007.1829346 3015.9406063 9.9009 0 0 0 7.95059 -13.3794
12007.1829341 3015.9406090 9.8983 0 0 0 7.94799 -13.3786
12007.1829331 3015.9406124 9.8992 0 0 0 7.94855 -13.376
12007.1829302 3015.9406106 9.9064 0 0 0 7.95522 -13.3709
12007.1829301 3015.9406098 9.9203 0 0 0 7.96886 -13.3644
12007.1829257 3015.9406100 9.9080 0 0 0 7.96069 -13.3786
12007.1829278 3015.9406162 9.9063 0 0 0 7.95635 -13.3796
12007.1829294 3015.9406165 9.8981 0 0 0 7.94851 -13.3825
12007.1829317 3015.9406184 9.8992 0 0 0 7.94812 -13.3778
12007.1829313 3015.9406199 9.9027 0 0 0 7.95172 -13.3736
12007.1829285 3015.9406185 9.9060 0 0 0 7.95559 -13.3723
12007.1829288 3015.9406154 9.9075 0 0 0 7.95756 -13.3733
12007.1829265 3015.9406130 9.9074 0 0 0 7.95759 -13.375
12007.1829276 3015.9406121 9.9073 0 0 0 7.95729 -13.3757
12007.1829285 3015.9406106 9.9042 0 0 0 7.95446 -13.3778
12007.1829283 3015.9406136 9.9119 0 0 0 7.96056 -13.3718
12007.1829219 3015.9406173 9.9136 0 0 0 7.96358 -13.3724
12007.1829179 3015.9406210 9.9146 0 0 0 7.96475 -13.3739
12007.1829192 3015.9406263 9.9191 0 0 0 7.96864 -13.3724
12007.1829172 3015.9406320 9.9312 0 0 0 7.97989 -13.3665
12007.1829166 3015.9406391 9.9390 0 0 0 7.98887 -13.3666
12007.1829181 3015.9406480 9.9454 0 0 0 7.99559 -13.3683
12007.1829221 3015.9406583 9.9450 0 0 0 7.99588 -13.3735
12007.1829254 3015.9406688 9.9475 0 0 0 7.99744 -13.3739
12007.1829264 3015.9406816 9.9533 0 0 0 8.00264 -13.3714
12007.1829272 3015.9406934 9.9577 0 0 0 8.00747 -13.371
12007.1829285 3015.9407074 9.9763 0 0 0 8.02437 -13.362
12007.1829290 3015.9407224 9.9910 0 0 0 8.04049 -13.3602
12007.1829311 3015.9407387 9.9994 0 0 0 8.0501 -13.3645
12007.1829348 3015.9407571 10.0102 0 0 0 8.06021 -13.3653
12007.1829398 3015.9407760 10.0108 0 0 0 8.06192 -13.3716
12007.1829467 3015.9407971 10.0154 0 0 0 8.06534 -13.3721
12007.1829542 3015.9408187 10.0212 0 0 0 8.07078 -13.3707
12007.1829654 3015.9408461 10.0245 0 0 0 8.07452 -13.3716
12007.1829730 3015.9408660 10.0336 0 0 0 8.08283 -13.3685
12007.1829782 3015.9408849 10.0435 0 0 0 8.09292 -13.3664
12007.1829820 3015.9409028 10.0522 0 0 0 8.10207 -13.3665
12007.1829868 3015.9409168 10.0388 0 0 0 8.09153 -13.3809
12007.1829887 3015.9409355 10.0268 0 0 0 8.07787 -13.3871
12007.1829868 3015.9409534 10.0234 0 0 0 8.07239 -13.3827
12007.1829903 3015.9409756 10.0139 0 0 0 8.06395 -13.3837
12007.1829928 3015.9409975 10.0151 0 0 0 8.0638 -13.3779
12007.1829943 3015.9410209 10.0123 0 0 0 8.06207 -13.3775
12007.1829985 3015.9410363 10.0035 0 0 0 8.05422 -13.3819
12007.1830044 3015.9410520 9.9916 0 0 0 8.04228 -13.3861
12007.1830086 3015.9410669 9.9859 0 0 0 8.03525 -13.3836
12007.1830105 3015.9410825 9.9839 0 0 0 8.03293 -13.3795
12007.1830103 3015.9410974 9.9831 0 0 0 8.03246 -13.377
12007.1830103 3015.9411117 9.9772 0 0 0 8.02756 -13.3796
12007.1830100 3015.9411242 9.9751 0 0 0 8.02478 -13.3788
12007.1830102 3015.9411362 9.9631 0 0 0 8.01406 -13.3843
12007.1830091 3015.9411437 9.9513 0 0 0 8.00169 -13.3871
12007.1830085 3015.9411522 9.9406 0 0 0 7.99043 -13.387
12007.1830066 3015.9411579 9.9318 0 0 0 7.98133 -13.3854
12007.1830008 3015.9411621 9.9223 0 0 0 7.97209 -13.385
12007.1829995 3015.9411688 9.9280 0 0 0 7.97592 -13.3754
12007.1829993 3015.9411651 9.9301 0 0 0 7.97948 -13.373
12007.1829909 3015.9411665 9.9279 0 0 0 7.97831 -13.3758
12007.1829907 3015.9411684 9.9272 0 0 0 7.97719 -13.3765
12007.1829920 3015.9411711 9.9285 0 0 0 7.97809 -13.3752
12007.1829943 3015.9411721 9.9308 0 0 0 7.98038 -13.3739
12007.1829952 3015.9411714 9.9336 0 0 0 7.98329 -13.3731
12007.1829968 3015.9411722 9.9289 0 0 0 7.97966 -13.3776
12007.1829981 3015.9411721 9.9284 0 0 0 7.97818 -13.3773
12007.1829979 3015.9411726 9.9303 0 0 0 7.97969 -13.375
12007.1829969 3015.9411732 9.9400 0 0 0 7.98864 -13.3689
12007.1829983 3015.9411731 9.9391 0 0 0 7.98977 -13.373
12007.1829987 3015.9411738 9.9320 0 0 0 7.98319 -13.3798
12007.1829997 3015.9411698 9.9298 0 0 0 7.97958 -13.3794
12007.1830098 3015.9411667 9.9407 0 0 0 7.98868 -13.37
12007.1830094 3015.9411683 9.9502 0 0 0 7.99932 -13.3664
12007.1830084 3015.9411699 9.9527 0 0 0 8.00332 -13.3702
12007.1830080 3015.9411662 9.9536 0 0 0 8.00412 -13.3736
12007.1830075 3015.9411616 9.9382 0 0 0 7.99035 -13.3852
12007.1830088 3015.9411582 9.9408 0 0 0 7.9894 -13.3789
12007.1830119 3015.9411553 9.9280 0 0 0 7.97891 -13.3842
12007.1830156 3015.9411529 9.9140 0 0 0 7.96468 -13.3884
12007.1830179 3015.9411558 9.9144 0 0 0 7.96269 -13.3805
12007.1830053 3015.9411627 9.9009 0 0 0 7.95165 -13.3851
12007.1830035 3015.9411607 9.8969 0 0 0 7.94618 -13.3822
12007.1829885 3015.9411606 9.8965 0 0 0 7.9455 -13.3779
12007.1829981 3015.9411545 9.8941 0 0 0 7.94386 -13.3775
12007.1829988 3015.9411567 9.8905 0 0 0 7.94057 -13.3786
12007.1829945 3015.9411550 9.8908 0 0 0 7.94027 -13.3767
12007.1829997 3015.9411538 9.8914 0 0 0 7.941 -13.3754
12007.1830039 3015.9411568 9.8944 0 0 0 7.94387 -13.3735
12007.1830075 3015.9411614 9.8955 0 0 0 7.94544 -13.3739
12007.1830067 3015.9411657 9.8962 0 0 0 7.94619 -13.3747
12007.1830118 3015.9411692 9.8956 0 0 0 7.94567 -13.3758
12007.1830134 3015.9411714 9.8947 0 0 0 7.94468 -13.3764
12007.1830130 3015.9411702 9.8959 0 0 0 7.94552 -13.3753
12007.1830139 3015.9411712 9.8969 0 0 0 7.94665 -13.3747
12007.1830141 3015.9411706 9.9055 0 0 0 7.95436 -13.3698
12007.1830143 3015.9411714 9.9007 0 0 0 7.95179 -13.376
12007.1830161 3015.9411720 9.8932 0 0 0 7.94412 -13.3814
12007.1830167 3015.9411710 9.8825 0 0 0 7.93312 -13.3852
12007.1830181 3015.9411704 9.8803 0 0 0 7.92931 -13.381
12007.1830177 3015.9411709 9.8771 0 0 0 7.92657 -13.3791
12007.1830178 3015.9411691 9.8882 0 0 0 7.93615 -13.3696
12007.1830180 3015.9411680 9.8897 0 0 0 7.93989 -13.3713
12007.1830167 3015.9411676 9.8864 0 0 0 7.93727 -13.3764
12007.1830158 3015.9411681 9.8818 0 0 0 7.93227 -13.3795
12007.1830165 3015.9411685 9.8848 0 0 0 7.93385 -13.3755
12007.1830162 3015.9411681 9.8866 0 0 0 7.93614 -13.374
12007.1830167 3015.9411692 9.8907 0 0 0 7.94021 -13.3722
12007.1830161 3015.9411694 9.8905 0 0 0 7.94077 -13.3743
12007.1830176 3015.9411705 9.8877 0 0 0 7.93813 -13.3772
12007.1830188 3015.9411689 9.8842 0 0 0 7.93437 -13.3788
12007.1830210 3015.9411648 9.8853 0 0 0 7.93465 -13.3763
12007.1830230 3015.9411617 9.8859 0 0 0 7.93553 -13.3752
12007.1830236 3015.9411674 9.8842 0 0 0 7.9343 -13.3764
12007.1830177 3015.9411725 9.8879 0 0 0 7.93721 -13.3737
12007.1830178 3015.9411710 9.8869 0 0 0 7.93705 -13.3753
12007.1830230 3015.9411683 9.8848 0 0 0 7.93501 -13.3771
12007.1830230 3015.9411690 9.8795 0 0 0 7.92989 -13.3798
12007.1830227 3015.9411693 9.8809 0 0 0 7.93012 -13.3766
12007.1830226 3015.9411687 9.8824 0 0 0 7.93186 -13.3746
12007.1830225 3015.9411695 9.8836 0 0 0 7.93338 -13.3743
12007.1830217 3015.9411712 9.8829 0 0 0 7.93301 -13.3756
12007.1830188 3015.9411718 9.8840 0 0 0 7.93375 -13.3751
12007.1830178 3015.9411698 9.8828 0 0 0 7.93286 -13.3762
12007.1830182 3015.9411694 9.8834 0 0 0 7.93314 -13.3756
12007.1830196 3015.9411689 9.8885 0 0 0 7.93769 -13.3723
12007.1830199 3015.9411695 9.8946 0 0 0 7.94402 -13.3701
12007.1830197 3015.9411692 9.8930 0 0 0 7.9437 -13.3744
12007.1830196 3015.9411690 9.8921 0 0 0 7.94233 -13.3763
12007.1830199 3015.9411679 9.8918 0 0 0 7.94165 -13.3763
12007.1830205 3015.9411685 9.8910 0 0 0 7.94087 -13.3764
12007.1830202 3015.9411683 9.8884 0 0 0 7.93849 -13.3776
12007.1830200 3015.9411683 9.8919 0 0 0 7.94109 -13.3743
12007.1830204 3015.9411688 9.8890 0 0 0 7.93931 -13.3766
12007.1830206 3015.9411694 9.8848 0 0 0 7.93512 -13.379
12007.1830202 3015.9411690 9.8830 0 0 0 7.93272 -13.3783
12007.1830188 3015.9411689 9.8864 0 0 0 7.93546 -13.3744
12007.1830195 3015.9411689 9.8870 0 0 0 7.93684 -13.3743
12007.1830190 3015.9411695 9.8868 0 0 0 7.93685 -13.3753
12007.1830204 3015.9411695 9.8831 0 0 0 7.93349 -13.378
12007.1830199 3015.9411687 9.8826 0 0 0 7.93228 -13.3772
12007.1830199 3015.9411696 9.8814 0 0 0 7.93119 -13.3769
12007.1830203 3015.9411697 9.8790 0 0 0 7.92899 -13.3776
12007.1830192 3015.9411697 9.8821 0 0 0 7.93133 -13.3745
12007.1830193 3015.9411700 9.8817 0 0 0 7.93167 -13.3751
12007.1830196 3015.9411703 9.8864 0 0 0 7.93574 -13.3725
12007.1830178 3015.9411726 9.8858 0 0 0 7.93606 -13.3746
12007.1830175 3015.9411718 9.8863 0 0 0 7.93627 -13.3752
12007.1830182 3015.9411715 9.8830 0 0 0 7.93334 -13.3777
12007.1830191 3015.9411714 9.8797 0 0 0 7.92977 -13.3788
12007.1830187 3015.9411711 9.8817 0 0 0 7.93092 -13.3757
12007.1830186 3015.9411706 9.8790 0 0 0 7.92911 -13.377
12007.1830185 3015.9411715 9.8801 0 0 0 7.92967 -13.3756
12007.1830190 3015.9411715 9.8827 0 0 0 7.93219 -13.3738
12007.1830193 3015.9411723 9.8848 0 0 0 7.93457 -13.3734
12007.1830195 3015.9411720 9.8870 0 0 0 7.93685 -13.3734
12007.1830194 3015.9411721 9.8852 0 0 0 7.93557 -13.376
12007.1830193 3015.9411724 9.8809 0 0 0 7.93132 -13.3789
12007.1830194 3015.9411716 9.8818 0 0 0 7.9312 -13.3766
12007.1830192 3015.9411715 9.8822 0 0 0 7.93182 -13.3755
12007.1830184 3015.9411717 9.8818 0 0 0 7.9317 -13.3757
12007.1830190 3015.9411713 9.8825 0 0 0 7.93226 -13.3753
12007.1830192 3015.9411710 9.8851 0 0 0 7.93466 -13.3738
12007.1830189 3015.9411698 9.8876 0 0 0 7.93733 -13.3732
12007.1830179 3015.9411704 9.8884 0 0 0 7.93845 -13.3742
12007.1830189 3015.9411715 9.8904 0 0 0 7.94021 -13.374
12007.1830181 3015.9411719 9.8878 0 0 0 7.93819 -13.3767
12007.1830148 3015.9411690 9.8984 0 0 0 7.94684 -13.3696
12007.1830156 3015.9411697 9.8995 0 0 0 7.9498 -13.3719
12007.1830157 3015.9411703 9.9038 0 0 0 7.95364 -13.3718
12007.1830179 3015.9411712 9.8941 0 0 0 7.94567 -13.3805
12007.1830153 3015.9411727 9.9003 0 0 0 7.94897 -13.3745
12007.1830149 3015.9411714 9.8964 0 0 0 7.94674 -13.377
12007.1830140 3015.9411720 9.9055 0 0 0 7.95408 -13.3706
12007.1830159 3015.9411704 9.8985 0 0 0 7.94972 -13.3775
12007.1830141 3015.9411698 9.9054 0 0 0 7.95431 -13.3728
12007.1830116 3015.9411698 9.9025 0 0 0 7.95296 -13.3759
12007.1830121 3015.9411703 9.9028 0 0 0 7.95266 -13.3759
12007.1830118 3015.9411693 9.9015 0 0 0 7.95148 -13.3766
12007.1830128 3015.9411696 9.9026 0 0 0 7.95221 -13.3754
12007.1830138 3015.9411702 9.8999 0 0 0 7.9501 -13.3771
12007.1830135 3015.9411697 9.9032 0 0 0 7.95249 -13.3743
12007.1830140 3015.9411703 9.8989 0 0 0 7.9494 -13.3776
12007.1830130 3015.9411705 9.8986 0 0 0 7.94833 -13.377
12007.1830135 3015.9411700 9.8977 0 0 0 7.94748 -13.3766
12007.1830130 3015.9411700 9.9002 0 0 0 7.9496 -13.3744
12007.1830132 3015.9411693 9.8999 0 0 0 7.9499 -13.3751
12007.1830134 3015.9411693 9.8994 0 0 0 7.9494 -13.3759
12007.1830131 3015.9411693 9.8981 0 0 0 7.94811 -13.3767
12007.1830133 3015.9411693 9.8972 0 0 0 7.94706 -13.3767
12007.1830142 3015.9411694 9.8961 0 0 0 7.94596 -13.3768
12007.1830139 3015.9411702 9.8962 0 0 0 7.9459 -13.376
12007.1830140 3015.9411699 9.8958 0 0 0 7.94564 -13.3759
12007.1830139 3015.9411698 9.8972 0 0 0 7.94683 -13.3749
12007.1830143 3015.9411697 9.8927 0 0 0 7.9432 -13.3781
12007.1830141 3015.9411693 9.8943 0 0 0 7.94372 -13.3759
12007.1830151 3015.9411701 9.8920 0 0 0 7.94205 -13.377
12007.1830146 3015.9411697 9.8917 0 0 0 7.94145 -13.3765
12007.1830151 3015.9411699 9.8937 0 0 0 7.94318 -13.3746
12007.1830149 3015.9411700 9.8939 0 0 0 7.94381 -13.3749
12007.1830156 3015.9411699 9.8919 0 0 0 7.94211 -13.3767
12007.1830153 3015.9411696 9.8918 0 0 0 7.94157 -13.3763
12007.1830152 3015.9411696 9.8929 0 0 0 7.94251 -13.3752
12007.1830151 3015.9411688 9.8938 0 0 0 7.94357 -13.3748
12007.1830140 3015.9411691 9.8960 0 0 0 7.94568 -13.3739
12007.1830145 3015.9411694 9.8951 0 0 0 7.94527 -13.3755
12007.1830146 3015.9411697 9.8953 0 0 0 7.94519 -13.3757
12007.1830143 3015.9411700 9.8958 0 0 0 7.94559 -13.3754
12007.1830149 3015.9411699 9.8930 0 0 0 7.94324 -13.3773
