12007.1265629 3015.6936232 15.9015 -2.78496 -0.842188 3.70371 15.8768 1.83815
12007.1265616 3015.6936236 15.8974 -2.88066 -0.842188 -0.823047 15.9082 -10.5719
12007.1265601 3015.6936220 15.8902 -2.88066 -0.842188 -0.823047 14.8097 -14.2052
12007.1265603 3015.6936223 15.8944 -2.69404 9.04395 2.15332 13.9732 -12.0976
12007.1265604 3015.6936231 15.8934 -2.95723 9.02959 2.08633 14.1101 -10.8465
12007.1265603 3015.6936222 15.8965 -2.72754 9.13008 2.11025 14.2894 -10.4573
12007.1265602 3015.6936225 15.8928 -2.67969 9.13965 2.00977 14.3582 -10.5354
12007.1265599 3015.6936219 15.8956 -2.8041 8.95303 2.24902 14.3594 -10.3665
12007.1265599 3015.6936212 15.8942 -2.78975 9.08223 2.18203 14.3798 -10.3742
12007.1265601 3015.6936215 15.8925 -2.75625 9.08223 2.08633 14.3799 -10.4869
12007.1265607 3015.6936212 15.8968 -2.76104 9.06309 2.18682 14.3694 -10.4243
12007.1265605 3015.6936216 15.8916 -2.78018 9.07744 2.0624 14.3714 -10.5228
12007.1265634 3015.6936075 15.8869 -1.90928 9.46504 1.50732 14.3551 -11.1177
12007.1265696 3015.6936139 15.8899 -2.06719 3.70371 -0.842188 14.2799 -13.6693
12007.1265797 3015.6936245 15.9177 -2.06719 3.70371 -0.842188 13.9699 -14.5235
12007.1265808 3015.6936294 15.9842 -2.06719 3.70371 -0.842188 13.8798 -14.5907
12007.1265808 3015.6936309 16.0063 -3.33525 7.63711 2.34473 13.8791 -11.3563
12007.1265811 3015.6936296 16.0205 -3.81855 7.90508 2.05283 14.303 -10.4724
12007.1265788 3015.6936267 16.0239 -3.24434 8.52715 1.58389 14.4723 -10.8916
12007.1265758 3015.6936231 16.0271 -2.56484 8.85254 2.14375 14.4434 -10.5891
12007.1265746 3015.6936224 16.0220 -2.63662 8.94824 2.00977 14.4737 -10.5987
12007.1265767 3015.6936221 16.0193 -3.77549 9.06309 1.89971 14.474 -10.7334
12007.1265771 3015.6936228 16.0184 -4.1583 8.8334 2.22031 14.4561 -10.4621
12007.1265794 3015.6936225 16.0197 -4.45977 8.64678 2.00498 14.4895 -10.5674
12007.1265791 3015.6936221 16.0200 -4.33057 8.50801 2.34951 14.4806 -10.2819
12007.1265764 3015.6936220 16.0292 -3.61279 8.66113 2.25859 14.5238 -10.2584
12007.1265760 3015.6936224 16.0352 -3.22041 8.77598 2.4835 14.5375 -10.0488
12007.1265779 3015.6936219 16.0404 -3.22041 8.39316 2.62705 14.5705 -9.8351
12007.1265806 3015.6936222 16.0337 -4.42627 8.97695 1.5791 14.596 -10.8314
12007.1265821 3015.6936223 16.0262 -3.8999 8.82383 2.44043 14.466 -10.3504
12007.1265834 3015.6936206 16.0318 -3.45967 8.87646 2.02412 14.5155 -10.5065
12007.1265829 3015.6936220 16.0325 -4.1583 8.85254 2.42607 14.5026 -10.1921
12007.1265808 3015.6936204 16.0334 -4.15352 8.62764 2.56484 14.5417 -9.93109
12007.1265808 3015.6936191 16.0390 -3.76113 8.74727 2.24424 14.5848 -10.179
12007.1265806 3015.6936210 16.0365 -3.94297 8.38838 2.6749 14.5565 -9.86692
12007.1265805 3015.6936227 16.0418 -4.25879 8.3501 2.90938 14.5973 -9.49846
12007.1265793 3015.6936200 16.0495 -3.69414 8.5415 2.73711 14.6561 -9.559
12007.1265788 3015.6936184 16.0449 -3.75156 8.575 2.8998 14.6518 -9.45867
12007.1265793 3015.6936199 16.0472 -4.45977 8.1874 3.2252 14.6661 -9.09293
12007.1265777 3015.6936212 16.0526 -4.35449 7.9625 3.48838 14.7191 -8.70352
12007.1265762 3015.6936229 16.0424 -4.69902 7.57969 3.89033 14.7665 -8.20162
12007.1265765 3015.6936177 16.0440 -3.81855 8.45059 2.25859 14.8378 -9.68168
12007.1265764 3015.6936193 16.0484 -4.96221 7.84766 3.26348 14.6624 -9.25322
12007.1265738 3015.6936134 16.0359 -3.96689 8.71855 2.5792 14.6837 -9.67883
12007.1265736 3015.6936096 16.0405 -3.0625 8.61807 2.39736 14.6363 -10.0248
12007.1265784 3015.6936141 16.0659 -2.17725 8.61328 2.5457 14.6084 -9.95462
12007.1265853 3015.6936149 16.0764 -3.37354 8.98174 2.22031 14.6229 -10.2302
12007.1265834 3015.6936117 16.0691 -2.65576 9.32627 2.29688 14.5833 -10.2669
12007.1265846 3015.6936082 16.0693 -2.72275 9.38369 2.29688 14.5738 -10.2547
12007.1265854 3015.6936075 16.0816 -3.03379 8.69463 2.43086 14.5849 -10.1024
12007.1265837 3015.6936070 16.0814 -2.60313 9.08223 2.05283 14.6055 -10.4327
12007.1265826 3015.6936089 16.0833 -2.47871 9.08701 1.89014 14.5677 -10.7265
12007.1265792 3015.6936107 16.0822 -2.70361 9.08223 2.3543 14.5246 -10.3448
12007.1265762 3015.6936057 16.0839 -2.45957 9.21143 2.14375 14.5692 -10.389
12007.1265707 3015.6936027 16.0723 -2.13896 9.21143 2.27773 14.5591 -10.3069
12007.1265691 3015.6936015 16.0729 -2.2251 9.0918 2.2873 14.5688 -10.2609
12007.1265694 3015.6935987 16.0722 -2.34951 9.29277 2.14375 14.5752 -10.3945
12007.1265682 3015.6935971 16.0731 -2.19639 9.21143 2.11025 14.5598 -10.4798
12007.1265710 3015.6935975 16.0752 -2.11025 9.19229 2.2873 14.5489 -10.3222
12007.1265702 3015.6935983 16.0751 -2.33516 8.99609 2.26338 14.5674 -10.2824
12007.1265797 3015.6936003 16.0677 -2.25859 9.08223 2.32559 14.5684 -10.2225
12007.1265830 3015.6936038 16.0668 -2.74189 9.09658 2.72754 14.5754 -9.80009
12007.1265817 3015.6936029 16.0680 -2.60791 9.06787 2.32559 14.631 -10.0534
12007.1265796 3015.6936031 16.0699 -2.46436 9.16836 2.59355 14.6076 -9.91121
12007.1265758 3015.6936015 16.0645 -2.30166 9.04873 2.46914 14.6179 -9.97277
12007.1265756 3015.6936005 16.0655 -2.37822 9.16357 2.23945 14.6123 -10.2307
12007.1265731 3015.6936021 16.0651 -2.27295 9.0918 2.61748 14.5784 -9.94227
12007.1265748 3015.6936033 16.0678 -2.51221 9.11572 2.40215 14.6132 -10.0302
12007.1265740 3015.6936031 16.0669 -2.62705 9.13008 2.42607 14.6056 -10.0608
12007.1265729 3015.6936038 16.0626 -2.17246 9.13486 2.47871 14.597 -10.0171
12007.1265730 3015.6936049 16.0621 -2.38779 8.99609 2.65576 14.601 -9.81912
12007.1265713 3015.6936030 16.0591 -2.3208 9.13965 2.51221 14.6241 -9.89579
12007.1265723 3015.6936018 16.0650 -2.30166 9.13486 2.18682 14.6225 -10.2598
12007.1265712 3015.6936026 16.0624 -2.25381 9.14922 2.37344 14.5737 -10.205
12007.1265719 3015.6936007 16.0620 -2.51221 9.4459 2.30645 14.5741 -10.2213
12007.1265745 3015.6936021 16.0640 -3.04336 9.14922 2.37344 14.5738 -10.1592
12007.1265744 3015.6935974 16.0711 -2.86631 8.50801 2.44043 14.5879 -10.0651
12007.1265705 3015.6935858 16.0730 -2.38779 9.35977 0.631641 14.6033 -11.8477
12007.1265667 3015.6935816 16.0693 -1.89014 9.29277 0.789551 14.3752 -12.3448
12007.1265666 3015.6935845 16.0712 -3.88076 8.94346 2.25381 14.2846 -10.9127
12007.1265728 3015.6935867 16.0801 -2.44521 9.13965 0.90918 14.463 -11.6773
12007.1265799 3015.6935822 16.0749 -1.68916 9.37891 -0.129199 14.3839 -13.1088
12007.1265882 3015.6935807 16.0677 -2.89023 9.17314 -0.449805 14.1854 -13.8996
12007.1265889 3015.6935792 16.0595 -0.890039 9.68994 -0.689063 14.0524 -14.3023
12007.1265970 3015.6935832 16.0582 -1.27764 10.2881 -1.07188 13.9831 -14.746
12007.1265995 3015.6935937 16.0597 -2.20596 9.02959 0.502441 13.9191 -13.2864
12007.1265959 3015.6935964 16.0594 -1.52168 9.57988 0.665137 14.0964 -12.5568
12007.1265919 3015.6935931 16.0563 -1.63652 10.0488 0.186621 14.2091 -12.8876
12007.1265838 3015.6935894 16.0676 0.0717773 9.8 0.349316 14.1912 -12.909
12007.1265854 3015.6935954 16.0808 -2.08154 9.56074 1.39248 14.1977 -11.8537
12007.1265759 3015.6935962 16.0870 0.177051 9.5416 1.58867 14.3383 -11.2772
12007.1265747 3015.6935986 16.1061 -0.684277 9.22578 1.94277 14.4462 -10.7928
12007.1265732 3015.6936019 16.1209 -1.17715 9.36934 2.46436 14.5345 -10.1562
12007.1265701 3015.6936011 16.1409 -1.40205 9.56074 2.67012 14.6442 -9.76452
12007.1265613 3015.6935975 16.1722 -0.478516 8.63242 2.88066 14.7353 -9.46289
12007.1265581 3015.6935875 16.1819 0.272754 9.48418 2.17725 14.7937 -10.1096
12007.1265612 3015.6935829 16.1748 -0.497656 9.68516 2.04326 14.7127 -10.5187
12007.1265617 3015.6935798 16.1737 -0.44502 9.13965 1.75615 14.6493 -10.9022
12007.1265610 3015.6935791 16.1648 -0.722559 9.90049 1.85186 14.5847 -10.9099
12007.1265601 3015.6935741 16.1625 0.0717773 9.7043 1.85664 14.5735 -10.8681
12007.1265587 3015.6935629 16.1605 -0.162695 9.77129 1.1293 14.5756 -11.5745
12007.1265563 3015.6935611 16.1525 0.196191 9.65645 1.49297 14.479 -11.472
12007.1265582 3015.6935606 16.1517 -0.210547 9.61816 1.54561 14.4791 -11.3211
12007.1265563 3015.6935596 16.1413 -0.0143555 9.61816 1.16758 14.4892 -11.6514
12007.1265567 3015.6935603 16.1458 -0.0334961 9.71387 1.51689 14.4524 -11.4248
12007.1265582 3015.6935590 16.1472 -0.712988 9.7665 1.22979 14.4778 -11.6058
12007.1265580 3015.6935538 16.1603 -0.00957031 9.64688 1.16758 14.4694 -11.7411
12007.1265567 3015.6935503 16.1655 0.177051 9.26885 1.62695 14.4557 -11.3218
12007.1265589 3015.6935460 16.1629 -0.100488 9.75693 1.36377 14.505 -11.4267
12007.1265565 3015.6935433 16.1587 -0.153125 9.66602 1.27764 14.4943 -11.5849
12007.1265543 3015.6935424 16.1563 0.244043 9.51289 1.26807 14.4707 -11.6462
12007.1265538 3015.6935425 16.1555 0.110059 9.69473 1.10059 14.4592 -11.8212
12007.1265553 3015.6935453 16.1504 0 9.62773 1.16758 14.431 -11.8132
12007.1265585 3015.6935489 16.1467 0.0669922 9.62295 1.34463 14.4252 -11.6176
12007.1265600 3015.6935540 16.1342 -0.162695 9.53682 1.31113 14.4384 -11.5849
12007.1265634 3015.6935580 16.1265 -0.698633 9.66123 1.5791 14.4376 -11.3185
12007.1265642 3015.6935614 16.1246 -0.47373 9.58467 1.58389 14.4697 -11.2183
12007.1265613 3015.6935646 16.1234 -0.44502 9.48896 1.69395 14.4855 -11.0934
12007.1265600 3015.6935647 16.1231 -0.320605 9.4124 1.67959 14.5031 -11.0731
12007.1265588 3015.6935656 16.1173 -0.459375 9.51768 1.62217 14.5029 -11.1381
12007.1265592 3015.6935662 16.1137 -0.890039 9.68516 1.37813 14.4915 -11.4078
12007.1265602 3015.6935638 16.1151 -0.808691 9.67559 1.19629 14.4569 -11.6786
12007.1265594 3015.6935606 16.1109 -0.397168 9.57988 1.1293 14.4144 -11.8239
12007.1265584 3015.6935613 16.1071 -0.722559 9.63252 1.225 14.3872 -11.7558
12007.1265579 3015.6935625 16.1077 -0.712988 9.58945 1.28721 14.3929 -11.6512
12007.1265585 3015.6935617 16.1111 -0.784766 9.65645 1.1293 14.4099 -11.7729
12007.1265574 3015.6935613 16.1058 -0.569434 9.62773 1.05752 14.3919 -11.9028
12007.1265597 3015.6935617 16.1120 -0.665137 9.58945 1.14844 14.3785 -11.8433
12007.1265598 3015.6935615 16.1140 -0.631641 9.64688 1.32549 14.3862 -11.635
12007.1265598 3015.6935583 16.1072 -0.727344 9.67559 0.913965 14.4077 -11.9806
12007.1265585 3015.6935567 16.1048 -0.330176 9.70908 1.01445 14.3644 -12.02
12007.1265579 3015.6935589 16.1069 -0.401953 9.59424 1.07188 14.3557 -11.9478
12007.1265588 3015.6935606 16.1012 -0.607715 9.38369 0.952246 14.3588 -12.0394
12007.1265563 3015.6935650 16.0913 -0.91875 9.8 0.717773 14.3389 -12.3153
12007.1265537 3015.6935691 16.0875 -0.952246 9.77129 0.942676 14.2979 -12.1795
12007.1265516 3015.6935716 16.0847 -0.842188 9.7665 1.24893 14.3075 -11.7999
12007.1265499 3015.6935727 16.0828 -0.846973 9.6373 1.18672 14.3554 -11.7326
12007.1265463 3015.6935721 16.0801 -0.526367 9.8 1.10059 14.3677 -11.8268
12007.1265479 3015.6935707 16.0792 -0.870898 9.72344 0.861328 14.3565 -12.1085
12007.1265484 3015.6935708 16.0795 -0.870898 9.73779 0.923535 14.3195 -12.1405
12007.1265493 3015.6935686 16.0804 -0.574219 9.64209 0.669922 14.3115 -12.3814
12007.1265513 3015.6935688 16.0821 -0.555078 9.65166 0.856543 14.2813 -12.2755
12007.1265531 3015.6935701 16.0831 -0.746484 9.65166 0.708203 14.2918 -12.3656
12007.1265517 3015.6935694 16.0805 -0.588574 9.48896 0.77041 14.2794 -12.3443
12007.1265531 3015.6935715 16.0762 -0.851758 9.81914 0.832617 14.2768 -12.2693
12007.1265565 3015.6935702 16.0727 -1.0958 9.57988 0.799121 14.283 -12.2763
12007.1265584 3015.6935691 16.0740 -1.03359 9.72822 0.722559 14.284 -12.3585
12007.1265589 3015.6935677 16.0703 -1.10537 9.79521 0.617285 14.2704 -12.4964
12007.1265586 3015.6935686 16.0662 -0.971387 9.56553 0.942676 14.2476 -12.2147
12007.1265605 3015.6935666 16.0640 -0.861328 9.63252 0.803906 14.2786 -12.2387
12007.1265607 3015.6935665 16.0602 -0.775195 9.60859 0.727344 14.2762 -12.3462
12007.1265619 3015.6935673 16.0616 -1.10059 9.52725 0.913965 14.2634 -12.1958
12007.1265630 3015.6935682 16.0554 -1.0958 9.6708 0.717773 14.2755 -12.3336
12007.1265653 3015.6935680 16.0612 -1.14844 9.55117 0.842188 14.2646 -12.2629
12007.1265652 3015.6935674 16.0578 -1.18672 9.72344 0.626855 14.2692 -12.4479
12007.1265661 3015.6935676 16.0519 -1.13408 9.68516 0.712988 14.2411 -12.4353
12007.1265668 3015.6935678 16.0490 -0.995313 9.46025 0.899609 14.2366 -12.228
12007.1265671 3015.6935670 16.0507 -0.837402 9.64688 0.942676 14.2639 -12.1062
12007.1265671 3015.6935674 16.0516 -1.1293 9.79043 0.512012 14.2837 -12.5098
12007.1265655 3015.6935688 16.0532 -0.899609 9.6708 0.698633 14.2362 -12.4803
12007.1265653 3015.6935710 16.0560 -1.11973 9.33584 1.225 14.2364 -11.9112
12007.1265623 3015.6935738 16.0531 -0.995313 9.59902 1.00488 14.3063 -11.9281
12007.1265621 3015.6935759 16.0490 -1.19629 9.66123 1.05273 14.3094 -11.9336
12007.1265622 3015.6935760 16.0434 -0.885254 9.40762 0.880469 14.3043 -12.1135
12007.1265589 3015.6935751 16.0423 -0.15791 8.34531 1.01924 14.2797 -12.037
12007.1265568 3015.6935766 16.0310 0.124414 9.20664 1.12451 14.2765 -11.8957
12007.1265550 3015.6935740 16.0104 2.33037 8.86689 2.09111 14.2761 -10.8892
12007.1265570 3015.6935701 15.9857 1.78965 9.84785 0.880469 14.3825 -11.7525
12007.1265667 3015.6935706 15.9113 -0.0478516 10.2211 0.516797 14.2213 -12.5431
12007.1265729 3015.6935669 15.8538 1.47383 10.4891 -1.21064 14.05 -14.4892
12007.1265786 3015.6935736 15.8517 -0.440234 10.0393 -0.550293 13.7787 -14.4224
12007.1265738 3015.6935795 15.8550 0.669922 9.41719 1.33984 13.7556 -12.3326
12007.1265661 3015.6935828 15.8592 2.89502 7.90508 3.0625 14.0223 -9.83896
12007.1265872 3015.6935877 15.8715 -0.717773 9.64688 0.062207 14.3842 -12.1028
12007.1265850 3015.6935809 15.8723 -1.00967 9.90527 -1.41641 14.1429 -14.6286
12007.1265762 3015.6935790 15.8725 -0.0957031 9.93398 -0.0334961 13.791 -14.002
12007.1265709 3015.6935837 15.8717 0.15791 9.52246 1.0958 13.8252 -12.4222
12007.1265654 3015.6935808 15.8817 0.349316 9.60381 0.60293 14.0393 -12.361
12007.1265650 3015.6935804 15.8964 0.588574 9.35498 0.29668 14.0872 -12.7727
12007.1265621 3015.6935782 15.8994 0.559863 9.71387 0.153125 14.0435 -13.0933
12007.1265600 3015.6935769 15.9064 0.631641 9.5751 0.196191 14.0033 -13.1335
12007.1265607 3015.6935780 15.9222 0.689063 9.6708 0.559863 14.0068 -12.7485
12007.1265645 3015.6935777 15.9237 0.205762 9.78086 -0.358887 14.0576 -13.5297
12007.1265645 3015.6935803 15.9305 0.311035 9.82393 0.46416 13.9706 -13.0164
12007.1265689 3015.6935866 15.9419 0.0669922 9.7665 0.497656 14.0348 -12.735
12007.1265677 3015.6935925 15.9533 0.062207 9.58945 1.18193 14.0887 -11.9829
12007.1265642 3015.6935908 15.9652 0.0765625 9.63252 1.10059 14.2016 -11.82
12007.1265642 3015.6935854 15.9730 0.689063 9.30234 0.952246 14.2436 -11.9769
12007.1265753 3015.6935794 15.9584 -0.105273 9.81914 0.421094 14.2162 -12.6007
12007.1265791 3015.6935767 15.9595 0.119629 9.54639 0.516797 14.1343 -12.7117
12007.1265800 3015.6935802 15.9522 0.0239258 9.79043 0.76084 14.1034 -12.46
12007.1265814 3015.6935828 15.9551 -0.31582 9.34541 1.15801 14.134 -11.9504
12007.1265809 3015.6935821 15.9570 -0.181836 10.0488 0.129199 14.2044 -12.8139
12007.1265782 3015.6935844 15.9656 -0.942676 9.78086 0.60293 14.111 -12.691
12007.1265692 3015.6935866 15.9887 0.708203 9.06309 1.79443 14.1349 -11.3807
12007.1265640 3015.6935894 15.9822 0.0191406 9.65645 1.56953 14.299 -11.1526
12007.1265619 3015.6935915 15.9751 0.339746 10.1828 1.48818 14.3427 -11.2612
12007.1265720 3015.6935949 15.9771 -0.808691 8.96738 2.0624 14.3362 -10.7528
12007.1265747 3015.6936002 15.9666 -0.593359 9.2832 1.78965 14.3909 -10.8448
12007.1265734 3015.6935944 15.9729 0.0334961 9.84307 1.47861 14.3916 -11.2199
12007.1265772 3015.6935882 15.9819 -0.401953 9.41719 2.29688 14.3519 -10.5317
12007.1265859 3015.6935724 15.9958 -0.488086 9.76172 -0.311035 14.4465 -12.8571
12007.1265826 3015.6935728 15.9957 0.957031 9.73779 0.559863 14.1626 -12.8852
12007.1265817 3015.6935882 16.0046 -0.674707 8.85732 2.3543 14.1306 -10.9137
12007.1265820 3015.6935850 16.0113 0.239258 9.36455 2.59355 14.3833 -9.93884
12007.1265852 3015.6935793 16.0094 0.205762 9.93398 1.00488 14.5378 -11.3388
12007.1265866 3015.6935819 16.0094 0.397168 9.14443 1.33506 14.3793 -11.6122
12007.1265884 3015.6935861 16.0062 -0.660352 9.95791 1.58867 14.3216 -11.3579
12007.1265924 3015.6935794 16.0122 -0.569434 10.1972 0.191406 14.3518 -12.6227
12007.1265945 3015.6935798 16.0219 0.90918 9.57031 1.17236 14.2032 -12.1109
12007.1266102 3015.6935830 16.0358 -1.58867 10.1254 1.88535 14.2615 -11.1095
12007.1266266 3015.6935739 16.1014 -0.866113 10.4699 -0.0526367 14.4536 -12.6817
12007.1266333 3015.6935664 16.1546 0.272754 10.4699 -1.50732 14.3245 -14.7921
12007.1266350 3015.6935670 16.1977 -0.574219 9.09658 -0.832617 14.0771 -14.7682
12007.1266294 3015.6935784 16.3932 -0.746484 10.6805 -1.91406 14.2193 -15.5578
12007.1266273 3015.6935821 16.4501 -1.7083 10.9724 -2.66533 14.1866 -16.6483
12007.1265981 3015.6935909 16.5802 1.13408 8.44102 -0.468945 14.1572 -14.741
12007.1265816 3015.6936148 16.6714 -2.26338 8.20176 -1.225 14.4757 -14.7323
12007.1265614 3015.6936284 16.6990 -2.28252 8.16348 0.124414 14.5415 -13.5657
12007.1265173 3015.6936850 16.7228 -0.784766 9.37891 0.507227 14.719 -12.7892
12007.1264857 3015.6937624 16.7272 -1.69873 9.38369 1.86621 14.8443 -11.2609
12007.1264768 3015.6938160 16.7250 -1.12451 9.28799 0.823047 15.0528 -11.8345
12007.1264988 3015.6938402 16.7150 -0.952246 9.80479 0.401953 14.9976 -12.6022
12007.1265221 3015.6938606 16.7199 -0.76084 9.75215 0.0861328 14.8972 -13.1563
12007.1265298 3015.6939175 16.6887 -1.07188 10.3216 -0.387598 14.7866 -13.7856
12007.1265141 3015.6939820 16.6949 -1.41162 9.15879 -0.923535 14.6979 -14.4738
12007.1264804 3015.6940260 16.6874 -2.64619 9.17793 0.75127 14.5925 -12.9952
12007.1264755 3015.6940359 16.6827 -2.64619 9.17793 0.75127 14.7631 -12.3977
12007.1265089 3015.6940724 16.6568 -2.4165 10.7044 0.325391 14.8383 -12.7338
12007.1265637 3015.6941265 16.6800 -0.717773 9.81914 0.406738 14.8253 -12.8068
12007.1265734 3015.6942001 16.6601 -1.08623 10.5656 0.186621 14.797 -13.0577
12007.1265712 3015.6943305 16.6901 -2.30645 8.08691 1.64609 14.7877 -11.6514
12007.1265857 3015.6944497 16.6747 -1.52646 9.91484 2.00977 14.952 -10.7846
12007.1266480 3015.6946287 16.7201 0.478516 7.69453 1.42598 15.1228 -11.1319
12007.1266810 3015.6947368 16.6925 0.617285 9.59424 1.43076 15.0763 -11.3792
12007.1266925 3015.6948000 16.6841 -1.98105 11.5466 0.507227 15.0316 -12.3675
12007.1267049 3015.6948633 16.6720 -1.36377 10.1828 2.58398 14.8895 -10.6262
12007.1267231 3015.6949299 16.6801 -3.67979 10.2642 -0.234473 15.1001 -12.7209
12007.1267462 3015.6949907 16.7007 -1.23936 7.01982 1.79443 14.8784 -11.5687
12007.1267726 3015.6950505 16.6864 -1.75615 8.71377 0.569434 14.9843 -12.2456
12007.1268033 3015.6951048 16.6632 -1.99063 11.2308 0.856543 14.8914 -12.2851
12007.1268397 3015.6951608 16.6564 -1.26328 11.4078 1.12451 14.8686 -11.9763
12007.1268742 3015.6952143 16.6718 -1.41641 9.90049 0.301465 14.9184 -12.6636
12007.1269042 3015.6952705 16.6609 0.143555 6.92412 1.89971 14.8278 -11.352
12007.1269389 3015.6953319 16.6679 -0.430664 8.92432 -0.325391 14.9893 -13.0418
12007.1269639 3015.6953928 16.6427 -1.17715 10.1397 2.01934 14.7728 -11.4257
12007.1269915 3015.6954632 16.6243 -2.15811 11.2308 1.48818 14.9348 -11.2475
12007.1270209 3015.6955335 16.6253 -2.31602 11.7571 1.72744 14.979 -11.0469
12007.1270501 3015.6955989 16.6421 -2.84238 10.6374 -0.143555 15.0248 -12.8631
12007.1270779 3015.6956601 16.6605 -1.12451 6.32598 0.727344 14.8156 -12.6646
12007.1271068 3015.6957217 16.6499 -1.05752 7.7041 0.899609 14.805 -12.2937
12007.1271421 3015.6957807 16.6359 -1.11016 10.6853 1.43555 14.8386 -11.6263
12007.1271747 3015.6958428 16.6397 -1.87578 13.0396 0.674707 14.9311 -12.1655
12007.1272048 3015.6959024 16.6526 -0.574219 8.86689 -0.100488 14.8855 -13.186
12007.1272254 3015.6959606 16.6656 -0.712988 7.46006 0.823047 14.7612 -12.593
12007.1272459 3015.6960231 16.6578 0.248828 8.48887 0.430664 14.8141 -12.6971
12007.1272608 3015.6960915 16.6501 -1.21543 11.1877 1.06709 14.8008 -12.1369
12007.1272759 3015.6961628 16.6217 -1.06709 11.0537 4.00518 14.8456 -9.0065
12007.1273028 3015.6962390 16.6528 -2.82803 11.2355 0.421094 15.2768 -11.4707
12007.1273250 3015.6963051 16.6750 -1.10059 6.23027 2.11504 15.0375 -10.9267
12007.1273595 3015.6963759 16.6715 -1.58389 7.46006 1.02881 15.0732 -11.666
12007.1274034 3015.6964374 16.6518 -1.05273 9.90049 1.23457 14.9665 -11.7623
12007.1274436 3015.6965033 16.6351 -1.7083 11.0298 0.732129 14.9261 -12.2418
12007.1274825 3015.6965607 16.6392 -1.15801 11.2116 -0.526367 14.8635 -13.6448
12007.1275182 3015.6966154 16.6531 0.46416 8.01992 0.669922 14.6891 -12.9054
12007.1275432 3015.6966731 16.6510 0.368457 7.56055 0.550293 14.7592 -12.6483
12007.1275693 3015.6967371 16.6400 -0.535938 8.64678 1.9667 14.7912 -11.1911
12007.1275973 3015.6968054 16.6136 -3.54102 11.2355 2.21553 14.9577 -10.4542
12007.1276340 3015.6968672 16.5968 -4.07217 12.3122 0.870898 15.058 -11.6503
12007.1276777 3015.6969160 16.6227 -2.76104 9.19707 0.540723 14.9411 -12.4593
12007.1277232 3015.6969488 16.6317 -2.42129 7.91465 0.090918 14.8312 -13.1203
12007.1277654 3015.6969704 16.6400 -1.90449 8.71855 0.732129 14.7403 -12.6419
12007.1278149 3015.6969868 16.6359 -1.79922 9.74258 0.861328 14.7861 -12.2847
12007.1278658 3015.6969952 16.6228 -1.01445 10.3312 1.59346 14.8259 -11.4614
12007.1279195 3015.6969969 16.6385 -1.47383 9.53682 0.00478516 14.9494 -12.7686
12007.1279714 3015.6969963 16.6361 -0.253613 8.81426 1.27285 14.7967 -12.0524
12007.1280279 3015.6969947 16.6414 -0.0191406 7.88115 0.60293 14.873 -12.3631
12007.1280925 3015.6969920 16.6285 -0.837402 9.59902 0.703418 14.832 -12.4317
12007.1281598 3015.6969947 16.6023 -0.875684 10.4364 1.14844 14.7952 -12.0018
12007.1282340 3015.6969939 16.5828 -1.7083 11.1925 1.26328 14.8281 -11.721
12007.1283113 3015.6969885 16.5839 -1.72266 10.8432 2.46436 14.869 -10.439
12007.1283939 3015.6969757 16.6018 -3.51709 10.5369 0.291895 15.053 -12.1639
12007.1284683 3015.6969567 16.6227 -0.684277 7.62754 -0.15791 14.8751 -13.34
12007.1285422 3015.6969375 16.6194 -0.267969 8.575 -0.277539 14.7 -13.772
12007.1286161 3015.6969217 16.6148 -1.71787 10.9389 0.191406 14.6187 -13.3498
12007.1286837 3015.6969055 16.6111 -0.598145 11.0824 0.980957 14.6589 -12.3584
12007.1287489 3015.6968909 16.6291 0.373242 9.28799 1.34463 14.8058 -11.6514
12007.1288170 3015.6968829 16.6293 -0.741699 7.52227 1.50732 14.9147 -11.3277
12007.1288899 3015.6968699 16.6194 -0.205762 8.46973 1.02402 14.9611 -11.7702
12007.1289633 3015.6968580 16.6043 -0.368457 9.93877 2.49307 14.8975 -10.5
12007.1290442 3015.6968484 16.5957 -1.07188 11.0585 2.03848 15.0435 -10.4615
12007.1291289 3015.6968335 16.6132 -1.00967 10.7427 0.521582 15.0823 -12.0466
12007.1292080 3015.6968203 16.6254 -0.818262 9.00088 -0.574219 14.8962 -13.731
12007.1292850 3015.6968119 16.6358 -0.875684 7.46484 -0.0526367 14.6672 -13.691
12007.1293624 3015.6968012 16.6218 -0.708203 9.74258 0.397168 14.631 -13.0894
12007.1294395 3015.6967919 16.6116 -0.933105 11.4126 -0.0765625 14.694 -13.3295
12007.1295119 3015.6967812 16.6133 -0.526367 11.0202 0.46416 14.6729 -12.9146
12007.1295844 3015.6967779 16.6181 -0.468945 9.13965 0.717773 14.7273 -12.4948
12007.1296601 3015.6967664 16.6322 -0.971387 7.22559 1.40205 14.7999 -11.6849
12007.1297395 3015.6967515 16.6036 -0.272754 9.11094 0.272754 14.8872 -12.5869
12007.1298229 3015.6967396 16.5904 -1.25371 11.1207 1.4499 14.772 -11.7993
12007.1299071 3015.6967297 16.5751 -3.59844 12.25 0.961816 14.8443 -11.9395
12007.1299952 3015.6967107 16.6034 -3.56016 10.1637 -0.0765625 14.8603 -13.0566
12007.1300669 3015.6966866 16.6185 -1.23936 7.21123 0.47373 14.7334 -12.9096
12007.1301361 3015.6966615 16.6204 -0.258398 7.97686 0.823047 14.7376 -12.425
12007.1302059 3015.6966332 16.6025 -0.818262 10.7044 -0.0765625 14.7842 -13.1639
12007.1302775 3015.6966034 16.5947 0.0287109 12.0299 -0.0669922 14.6893 -13.4556
12007.1303437 3015.6965773 16.6061 0.392383 9.84785 -0.526367 14.65 -13.9522
12007.1304106 3015.6965556 16.6194 -1.31113 7.93379 0.507227 14.5934 -13.064
12007.1304791 3015.6965372 16.6086 0.512012 8.20654 0.421094 14.6898 -12.8006
12007.1305541 3015.6965185 16.5993 -0.636426 10.1445 1.56475 14.7275 -11.6296
12007.1306340 3015.6965009 16.5792 -1.68438 11.6566 2.19639 14.8638 -10.6127
12007.1307102 3015.6964790 16.5808 -1.50254 10.0775 1.85186 15.0119 -10.6767
12007.1307844 3015.6964578 16.5967 -1.56475 7.83809 1.40684 15.0365 -11.2293
12007.1308612 3015.6964287 16.6147 -0.976172 7.40742 -0.114844 14.985 -12.9545
12007.1309332 3015.6963984 16.5915 -0.330176 10.5178 -0.0526367 14.7387 -13.4962
12007.1310077 3015.6963746 16.5780 0.966602 11.671 1.82314 14.6266 -11.6668
12007.1310842 3015.6963498 16.5861 -0.258398 9.60381 -0.181836 14.8522 -12.9354
12007.1311527 3015.6963358 16.6030 -0.961816 7.28301 0.947461 14.7342 -12.3969
12007.1312216 3015.6963226 16.6101 0.0287109 7.09639 0.13877 14.7939 -12.9315
12007.1312937 3015.6963097 16.5923 1.02402 8.53672 0.16748 14.718 -13.1451
12007.1313736 3015.6963010 16.5550 -0.727344 11.2834 0.885254 14.6486 -12.4796
12007.1314555 3015.6962921 16.5563 -2.71797 12.7907 1.03359 14.7256 -12.0461
12007.1315411 3015.6962814 16.5806 -2.25859 10.0775 0.626855 14.8117 -12.3303
12007.1316167 3015.6962658 16.6085 -0.45459 6.33555 0.626855 14.8109 -12.47
12007.1316918 3015.6962491 16.6039 -0.0478516 7.80459 0.143555 14.789 -13.006
12007.1317644 3015.6962372 16.5745 -0.253613 11.0633 0.330176 14.6923 -13.0175
12007.1318399 3015.6962250 16.5640 0.535938 12.7381 1.40684 14.6694 -11.8899
12007.1319141 3015.6962134 16.5944 -1.60303 9.53682 -0.842188 14.8365 -13.6982
12007.1319770 3015.6962067 16.6032 -0.890039 7.30693 1.86621 14.6353 -11.7431
12007.1320464 3015.6961933 16.6105 0.229688 7.8668 0.717773 14.8649 -12.0533
12007.1321169 3015.6961804 16.5860 0.133984 9.24971 2.22031 14.8333 -10.825
12007.1321960 3015.6961651 16.5622 -3.3209 11.0872 2.21553 14.9648 -10.3819
12007.1322708 3015.6961396 16.5588 -4.30186 11.8672 0.0526367 15.0349 -12.4713
12007.1323235 3015.6961064 16.5734 -1.98584 9.44111 0.425879 14.7907 -12.887
12007.1323720 3015.6960756 16.5820 -1.13408 6.85713 1.81357 14.7142 -11.4875
12007.1324175 3015.6960285 16.5739 -2.73232 8.97217 1.41641 14.8755 -11.3363
12007.1324488 3015.6959791 16.5487 -2.22988 9.79043 1.02881 14.8933 -11.7887
12007.1324686 3015.6959225 16.5449 0.406738 12.5419 -0.512012 14.8347 -13.5064
12007.1324902 3015.6958661 16.5558 -0.837402 9.52725 0.555078 14.6182 -13.0142
12007.1325068 3015.6958155 16.5727 0.0813477 8.12998 0.703418 14.668 -12.5391
12007.1325225 3015.6957602 16.5737 -0.00957031 8.39316 0.44502 14.7357 -12.6574
12007.1325350 3015.6957048 16.5650 -0.492871 9.13486 1.34941 14.7216 -11.8445
12007.1325449 3015.6956416 16.5370 -1.05752 10.5513 1.17236 14.7988 -11.7374
12007.1325512 3015.6955779 16.5227 -0.6125 11.1207 2.22031 14.8098 -10.7094
12007.1325543 3015.6955105 16.5218 -2.17246 10.6613 0.952246 14.9412 -11.6144
12007.1325495 3015.6954444 16.5526 -1.57432 8.64199 0.76084 14.8697 -12.1964
12007.1325373 3015.6953797 16.5642 0.0430664 7.15381 0.851758 14.7966 -12.2622
12007.1325234 3015.6953176 16.5496 -0.186621 9.18271 1.21064 14.7662 -11.8896
12007.1325045 3015.6952541 16.5269 0.181836 12.1447 2.16768 14.79 -10.7934
12007.1324811 3015.6951862 16.5410 -0.985742 11.4509 -1.84707 14.9448 -14.419
12007.1324674 3015.6951284 16.5663 -0.334961 7.48877 1.57432 14.5252 -12.3877
12007.1324499 3015.6950695 16.5795 0.105273 7.76631 0.220117 14.7418 -12.7327
12007.1324320 3015.6950051 16.5676 0.229688 9.45547 0.531152 14.7151 -12.6922
12007.1324175 3015.6949357 16.5441 -1.11494 11.5562 1.28242 14.6963 -11.9243
12007.1324018 3015.6948649 16.5394 -2.24902 12.25 0.47373 14.7876 -12.4471
12007.1323843 3015.6947934 16.5649 -2.87588 9.47939 0.712988 14.7549 -12.4384
12007.1323673 3015.6947300 16.5878 -2.00977 7.89072 0.741699 14.7718 -12.371
12007.1323446 3015.6946688 16.6136 -0.210547 6.771 0.191406 14.8051 -12.8913
12007.1323246 3015.6946056 16.5602 0.196191 9.51768 0.598145 14.6965 -12.7276
12007.1323017 3015.6945399 16.5757 -0.416309 11.4796 1.80879 14.717 -11.3786
12007.1322765 3015.6944758 16.5556 -2.82324 12.8194 -1.95713 14.8738 -14.6841
12007.1322582 3015.6944185 16.5865 -0.655566 8.45059 0.732129 14.5001 -13.2671
12007.1322383 3015.6943638 16.5972 -0.153125 7.28301 0.397168 14.6422 -12.8454
12007.1322179 3015.6943067 16.5869 0.957031 9.02959 0.569434 14.7049 -12.6185
12007.1322004 3015.6942428 16.5579 -1.34941 11.1111 1.6748 14.7165 -11.49
12007.1321764 3015.6941724 16.5631 -1.23457 11.2834 3.43096 14.8661 -9.33101
12007.1321473 3015.6941048 16.5689 -2.60791 9.86699 0.976172 15.1649 -11.0993
12007.1321129 3015.6940406 16.5819 -1.50254 7.88594 1.01924 14.9892 -11.8766
12007.1320763 3015.6939884 16.5912 -0.248828 6.771 0.258398 14.8761 -12.7994
12007.1320370 3015.6939300 16.5766 -0.980957 10.1158 0.15791 14.7315 -13.1696
12007.1320026 3015.6938781 16.5564 0.684277 12.585 1.67959 14.6484 -11.7019
12007.1319640 3015.6938304 16.5906 -1.44033 10.5034 -1.03359 14.8544 -13.8109
12007.1319304 3015.6937894 16.5916 -0.77998 8.01992 2.20596 14.6132 -11.4628
12007.1318965 3015.6937537 16.5974 0.0287109 8.40273 -0.392383 14.8863 -13.0566
12007.1318626 3015.6937138 16.6001 -0.736914 8.37402 1.79443 14.7206 -11.6173
12007.1318220 3015.6936786 16.5781 -1.43555 10.3024 0.655566 14.8635 -12.1454
12007.1317820 3015.6936417 16.5502 -0.459375 10.8432 0.77998 14.7901 -12.3206
12007.1317448 3015.6936099 16.5374 -2.33037 9.40283 1.41162 14.7473 -11.7133
12007.1317042 3015.6935867 16.5348 -1.81836 8.6085 1.3542 14.8169 -11.5261
12007.1316559 3015.6935715 16.5392 -1.88535 8.38359 2.08154 14.8534 -10.7729
12007.1316004 3015.6935664 16.5219 -1.96191 10.0058 1.62217 14.9388 -10.9952
12007.1315410 3015.6935681 16.5074 -1.28242 10.5417 0.90918 14.9087 -11.8521
12007.1314739 3015.6935727 16.5036 -1.12451 10.7857 2.03369 14.7925 -11.0198
12007.1314045 3015.6935799 16.5163 -3.029 12.4031 -2.75625 14.8947 -15.4273
12007.1313467 3015.6935865 16.5269 0.186621 8.31182 0.985742 14.3562 -13.333
12007.1312848 3015.6935900 16.5511 0.727344 6.7375 0.741699 14.5752 -12.462
12007.1312124 3015.6935937 16.5418 0.129199 9.60381 -0.0191406 14.7058 -13.0549
12007.1311393 3015.6935919 16.5370 0.904395 10.245 0.277539 14.6428 -13.0585
12007.1310560 3015.6935846 16.5353 -0.229688 11.537 1.5791 14.6328 -11.7191
12007.1309667 3015.6935871 16.5450 -2.74668 12.0251 0.746484 14.8105 -12.0562
12007.1308814 3015.6935897 16.5703 -2.02412 8.74727 0.832617 14.8123 -12.189
12007.1308043 3015.6935992 16.5835 -1.31113 7.40264 0.842188 14.8071 -12.22
12007.1307267 3015.6936135 16.5638 -1.1293 8.93867 0.693848 14.7853 -12.3889
12007.1306472 3015.6936271 16.5361 -0.789551 11.3839 1.62217 14.7369 -11.5252
12007.1305664 3015.6936438 16.5560 -0.425879 13.2979 0.497656 14.858 -12.2946
12007.1304899 3015.6936582 16.5870 -0.91875 9.15879 0.650781 14.8026 -12.4765
12007.1304141 3015.6936769 16.5975 -0.588574 6.08672 2.40215 14.7815 -10.7486
12007.1303311 3015.6936956 16.6105 -0.0478516 8.6707 0.488086 15.0101 -12.0178
12007.1302515 3015.6937162 16.5856 0.387598 10.513 1.41162 14.8559 -11.714
12007.1301661 3015.6937356 16.5621 -0.0526367 11.403 3.01465 14.8544 -9.91789
12007.1300762 3015.6937591 16.5794 -2.51221 10.6709 1.0001 15.0979 -11.2728
12007.1299953 3015.6937830 16.6087 -1.56953 7.3165 1.7083 14.982 -11.1901
12007.1299137 3015.6938165 16.6044 -1.26328 6.84277 0.172266 14.9741 -12.625
12007.1298346 3015.6938479 16.5786 -0.794336 10.623 -0.105273 14.7679 -13.4313
12007.1297632 3015.6938766 16.5745 -0.31582 11.8528 1.71787 14.6355 -11.7697
12007.1296790 3015.6939036 16.5812 -1.67002 12.2165 -2.21074 14.836 -15.0102
12007.1296099 3015.6939249 16.6177 0.569434 7.23516 0.894824 14.481 -13.1779
12007.1295324 3015.6939448 16.6062 -0.196191 6.91455 0.373242 14.6589 -12.8192
12007.1294554 3015.6939621 16.5951 0.0526367 10.2307 0.45459 14.7175 -12.7294
12007.1293718 3015.6939762 16.5751 -1.13408 11.671 1.69873 14.719 -11.5031
12007.1292792 3015.6939933 16.5761 -2.8998 11.9868 0.406738 14.8761 -12.3533
12007.1291942 3015.6940136 16.5997 -3.35439 9.17314 0.267969 14.8085 -12.8839
12007.1291157 3015.6940350 16.6303 -0.861328 5.40723 1.31113 14.7591 -11.9693
12007.1290397 3015.6940610 16.6196 -1.16758 8.55586 0.162695 14.8598 -12.7632
12007.1289630 3015.6940856 16.5909 -1.04316 11.9198 0.607715 14.7466 -12.6872
12007.1288917 3015.6941108 16.5941 -0.512012 12.5371 -0.890039 14.7446 -14.0831
12007.1288243 3015.6941312 16.6230 -0.976172 9.73301 0.382812 14.592 -13.2938
12007.1287564 3015.6941485 16.6363 -0.344531 6.771 1.7418 14.6846 -11.5441
12007.1286877 3015.6941682 16.6502 -0.090918 8.01514 0.0430664 14.9311 -12.6623
12007.1286152 3015.6941879 16.6371 -0.411523 10.1397 0.449805 14.8088 -12.8248
12007.1285367 3015.6942005 16.6142 -0.330176 11.092 2.61748 14.7526 -10.6521
12007.1284514 3015.6942179 16.6138 -2.74668 12.4653 -2.17725 15.0215 -14.6278
12007.1283799 3015.6942311 16.6359 -1.33984 8.48887 0.425879 14.5691 -13.616
12007.1283095 3015.6942478 16.6605 -0.765625 7.66582 0.349316 14.6618 -13.0227
12007.1282379 3015.6942557 16.6523 -1.07188 8.13955 1.66523 14.7419 -11.5574
12007.1281686 3015.6942683 16.6270 -2.12461 11.1877 1.56475 14.9165 -11.1969
12007.1281058 3015.6942839 16.6277 -1.89014 12.2644 0.75127 14.9852 -11.9916
12007.1280417 3015.6942948 16.6441 -1.94277 9.84785 -0.129199 14.9071 -13.1921
12007.1279850 3015.6942989 16.6563 -0.516797 7.82852 1.69873 14.7551 -11.7393
12007.1279271 3015.6943029 16.6740 -1.99063 7.78066 0.124414 14.9361 -12.6812
12007.1278700 3015.6943025 16.6545 0.842188 8.8334 1.39727 14.8222 -11.8762
12007.1278026 3015.6942945 16.6164 -0.636426 11.9964 2.18203 14.8769 -10.7527
12007.1277330 3015.6942816 16.5951 0.0430664 12.006 3.29219 15.0082 -9.28607
12007.1276667 3015.6942630 16.5952 -1.8375 7.58447 4.82344 15.2116 -7.30993
12007.1275995 3015.6942532 16.6154 -2.79932 6.9002 3.98125 15.5066 -7.55677
12007.1275335 3015.6942508 16.6361 -1.34941 7.40264 3.02422 15.5308 -8.77818
12007.1274699 3015.6942479 16.6236 1.38291 9.17793 0.952246 15.3676 -11.314
12007.1274027 3015.6942410 16.6290 1.37813 11.2882 2.21553 15.0288 -10.8572
12007.1273391 3015.6942276 16.6248 0.153125 9.76172 0.995313 15.0402 -11.6988
12007.1272851 3015.6942043 16.6281 -1.72266 9.78564 3.62715 14.9374 -9.37553
12007.1272316 3015.6941818 16.6389 -0.550293 7.11074 3.66064 15.2294 -8.43176
12007.1271776 3015.6941643 16.6291 0.957031 6.65615 2.73232 15.3781 -9.21277
12007.1271224 3015.6941303 16.5987 -0.837402 10.6805 6.47432 15.2711 -5.86689
12007.1270610 3015.6940934 16.5956 0.263184 10.958 7.07246 15.6805 -3.99593
12007.1270057 3015.6940575 16.6298 -1.79443 9.08701 1.08623 16.0005 -9.54752
12007.1269693 3015.6940226 16.6351 -0.593359 7.90029 4.29707 15.3395 -8.53958
12007.1269346 3015.6939859 16.6343 -4.23486 6.16807 4.41191 15.3829 -7.63911
12007.1269008 3015.6939576 16.6287 -1.24414 7.16816 6.13457 15.4981 -5.62315
12007.1268619 3015.6939322 16.6203 -2.68926 9.17314 5.45029 15.762 -5.6596
12007.1268204 3015.6939103 16.6208 -3.27783 10.4891 5.83789 15.7914 -5.45355
12007.1267855 3015.6938949 16.6345 0.574219 6.84277 5.09619 15.8333 -6.13098
12007.1267604 3015.6938701 16.6459 -2.54092 7.15859 4.04346 15.7624 -7.44747
12007.1267344 3015.6938478 16.6303 -1.14844 6.8667 5.40723 15.5722 -6.523
12007.1267045 3015.6938223 16.6117 -2.14854 9.51289 4.52676 15.6494 -6.96045
12007.1266821 3015.6937987 16.5890 -0.15791 9.55596 4.49326 15.5838 -7.21555
12007.1266689 3015.6937750 16.5802 -2.24902 9.68037 4.05781 15.5353 -7.70662
12007.1266624 3015.6937557 16.6121 -0.794336 8.92432 2.58877 15.4944 -9.30132
12007.1266503 3015.6937413 16.6272 0.0478516 8.54629 -0.30625 15.2995 -12.7356
12007.1266423 3015.6937323 16.6286 -1.86143 9.20186 1.30635 14.8389 -12.2357
12007.1266235 3015.6937199 16.6169 -0.521582 9.25928 1.0623 14.8337 -12.0124
12007.1266038 3015.6937082 16.5910 0.827832 9.73301 1.24414 14.8389 -11.7633
12007.1265842 3015.6936942 16.5482 -1.40205 9.79521 0.468945 14.8339 -12.4794
12007.1265733 3015.6936800 16.5338 -0.0717773 9.68037 0.368457 14.7295 -12.844
12007.1265623 3015.6936668 16.5180 0.153125 9.62295 -0.46416 14.6561 -13.7515
12007.1265574 3015.6936572 16.4894 -1.76572 10.3312 0.775195 14.5063 -12.8107
12007.1265559 3015.6936479 16.4762 -0.75127 10.2498 -0.0478516 14.5954 -13.2072
12007.1265548 3015.6936390 16.4689 -0.421094 10.3503 -0.46416 14.5499 -13.8281
12007.1265563 3015.6936323 16.4634 -1.19629 9.8 -0.559863 14.4603 -14.1221
12007.1265568 3015.6936303 16.4647 -0.904395 9.74736 -0.665137 14.4127 -14.2753
12007.1265569 3015.6936280 16.4601 -1.00967 9.55117 -0.698633 14.3831 -14.3365
12007.1265584 3015.6936268 16.4620 -1.28242 9.64688 -0.645996 14.3732 -14.2858
12007.1265576 3015.6936267 16.4661 -1.08145 9.72822 -0.579004 14.382 -14.1915
12007.1265577 3015.6936272 16.4623 -0.890039 9.48896 -0.502441 14.3918 -14.089
