12007.1867563 3015.9416264 16.6351
12007.1867551 3015.9416273 16.6402
12007.1867553 3015.9416274 16.6396
12007.1867566 3015.9416262 16.6392
12007.1867557 3015.9416269 16.6412
12007.1867562 3015.9416267 16.6346
12007.1867560 3015.9416264 16.6244
12007.1867554 3015.9416238 16.6314
12007.1867559 3015.9416250 16.6267
12007.1867559 3015.9416242 16.6276
12007.1867553 3015.9416258 16.6247
12007.1867566 3015.9416271 16.6231
12007.1867565 3015.9416283 16.6207
12007.1867551 3015.9416277 16.6262
12007.1867554 3015.9416267 16.6292
12007.1867560 3015.9416231 16.6289
12007.1867537 3015.9416203 16.6447
12007.1867529 3015.9416167 16.6610
12007.1867541 3015.9416203 16.6544
12007.1867568 3015.9416244 16.6481
12007.1867585 3015.9416232 16.6391
12007.1867602 3015.9416246 16.6381
12007.1867613 3015.9416287 16.6296
12007.1867628 3015.9416294 16.6261
12007.1867628 3015.9416285 16.6230
12007.1867619 3015.9416281 16.6280
12007.1867659 3015.9416301 16.6112
12007.1867632 3015.9416281 16.6204
12007.1867623 3015.9416269 16.6272
12007.1867601 3015.9416241 16.6317
12007.1867578 3015.9416216 16.6410
12007.1867585 3015.9416206 16.6408
12007.1867577 3015.9416208 16.6405
12007.1867583 3015.9416226 16.6415
12007.1867576 3015.9416225 16.6429
12007.1867584 3015.9416223 16.6484
12007.1867578 3015.9416259 16.6427
12007.1867582 3015.9416262 16.6334
12007.1867572 3015.9416275 16.6427
12007.1867565 3015.9416266 16.6401
12007.1867566 3015.9416248 16.6425
12007.1867565 3015.9416241 16.6415
12007.1867568 3015.9416254 16.6407
12007.1867578 3015.9416257 16.6352
12007.1867562 3015.9416247 16.6435
12007.1867565 3015.9416263 16.6409
12007.1867579 3015.9416267 16.6368
12007.1867582 3015.9416273 16.6376
12007.1867587 3015.9416266 16.6342
12007.1867589 3015.9416273 16.6325
12007.1867584 3015.9416268 16.6367
12007.1867582 3015.9416273 16.6377
12007.1867583 3015.9416267 16.6378
12007.1867578 3015.9416254 16.6364
12007.1867585 3015.9416247 16.6355
12007.1867586 3015.9416264 16.6374
12007.1867587 3015.9416266 16.6299
12007.1867578 3015.9416243 16.6359
12007.1867572 3015.9416217 16.6383
12007.1867582 3015.9416232 16.6372
12007.1867576 3015.9416241 16.6378
12007.1867581 3015.9416259 16.6343
12007.1867567 3015.9416221 16.6404
12007.1867580 3015.9416244 16.6372
12007.1867570 3015.9416234 16.6395
12007.1867573 3015.9416239 16.6393
12007.1867566 3015.9416241 16.6476
12007.1867575 3015.9416237 16.6387
12007.1867585 3015.9416250 16.6374
12007.1867609 3015.9416274 16.6225
12007.1867621 3015.9416303 16.6286
12007.1867644 3015.9416321 16.6226
12007.1867652 3015.9416319 16.6193
12007.1867631 3015.9416281 16.6283
12007.1867617 3015.9416252 16.6258
12007.1867624 3015.9416249 16.6220
12007.1867631 3015.9416266 16.6186
12007.1867621 3015.9416273 16.6165
12007.1867635 3015.9416267 16.6075
12007.1867613 3015.9416266 16.6114
12007.1867589 3015.9416272 16.6116
12007.1867519 3015.9416177 16.6221
12007.1867421 3015.9415996 16.6748
12007.1867303 3015.9415807 16.7269
12007.1867132 3015.9415470 16.7626
12007.1866834 3015.9415019 16.8028
12007.1866608 3015.9414582 16.7975
12007.1866388 3015.9414139 16.7852
12007.1866219 3015.9413867 16.7468
12007.1866092 3015.9413660 16.7266
12007.1866057 3015.9413510 16.7104
12007.1866094 3015.9413449 16.6733
12007.1866137 3015.9413376 16.6467
12007.1866160 3015.9413375 16.6373
12007.1866176 3015.9413371 16.6342
12007.1866176 3015.9413367 16.6326
12007.1866160 3015.9413360 16.6320
12007.1866171 3015.9413406 16.6285
12007.1866157 3015.9413401 16.6354
12007.1866152 3015.9413387 16.6319
12007.1866164 3015.9413420 16.6285
12007.1866152 3015.9413395 16.6364
12007.1866182 3015.9413415 16.6335
12007.1866161 3015.9413425 16.6418
12007.1866167 3015.9413435 16.6402
12007.1866166 3015.9413437 16.6424
12007.1866163 3015.9413438 16.6436
12007.1866149 3015.9413502 16.6426
12007.1866133 3015.9413480 16.6470
12007.1866140 3015.9413462 16.6479
12007.1866139 3015.9413482 16.6492
12007.1866144 3015.9413487 16.6414
12007.1866150 3015.9413488 16.6394
12007.1866153 3015.9413501 16.6316
12007.1866149 3015.9413494 16.6335
12007.1866148 3015.9413490 16.6448
12007.1866153 3015.9413523 16.6305
12007.1866160 3015.9413507 16.6257
12007.1866156 3015.9413486 16.6280
12007.1866149 3015.9413498 16.6280
12007.1866154 3015.9413492 16.6242
12007.1866160 3015.9413503 16.6199
12007.1866156 3015.9413505 16.6215
12007.1866160 3015.9413514 16.6183
12007.1866152 3015.9413510 16.6266
12007.1866141 3015.9413499 16.6256
12007.1866155 3015.9413498 16.6402
12007.1866153 3015.9413477 16.6406
12007.1866146 3015.9413496 16.6413
12007.1866148 3015.9413492 16.6423
12007.1866151 3015.9413500 16.6430
12007.1866149 3015.9413487 16.6416
12007.1866144 3015.9413480 16.6442
12007.1866147 3015.9413488 16.6433
12007.1866141 3015.9413473 16.6472
12007.1866134 3015.9413450 16.6508
12007.1866176 3015.9413506 16.6379
12007.1866178 3015.9413515 16.6292
12007.1866172 3015.9413498 16.6322
12007.1866173 3015.9413503 16.6309
12007.1866178 3015.9413505 16.6296
12007.1866159 3015.9413503 16.6323
12007.1866174 3015.9413493 16.6312
12007.1866168 3015.9413503 16.6310
12007.1866176 3015.9413492 16.6271
12007.1866171 3015.9413491 16.6316
12007.1866168 3015.9413494 16.6272
12007.1866176 3015.9413502 16.6246
12007.1866170 3015.9413475 16.6322
12007.1866172 3015.9413483 16.6373
12007.1866168 3015.9413473 16.6351
12007.1866170 3015.9413473 16.6331
12007.1866164 3015.9413486 16.6359
12007.1866162 3015.9413468 16.6350
12007.1866154 3015.9413470 16.6376
12007.1866172 3015.9413475 16.6318
12007.1866170 3015.9413498 16.6253
12007.1866167 3015.9413464 16.6298
12007.1866166 3015.9413466 16.6300
12007.1866166 3015.9413464 16.6309
12007.1866164 3015.9413470 16.6310
12007.1866161 3015.9413466 16.6319
12007.1866160 3015.9413451 16.6364
12007.1866167 3015.9413455 16.6286
12007.1866162 3015.9413461 16.6331
12007.1866165 3015.9413475 16.6327
12007.1866169 3015.9413467 16.6347
12007.1866185 3015.9413467 16.6237
12007.1866169 3015.9413462 16.6359
12007.1866182 3015.9413476 16.6280
12007.1866182 3015.9413478 16.6298
12007.1866173 3015.9413493 16.6285
12007.1866170 3015.9413464 16.6324
12007.1866175 3015.9413473 16.6272
12007.1866171 3015.9413482 16.6281
12007.1866178 3015.9413471 16.6273
12007.1866173 3015.9413468 16.6278
12007.1866154 3015.9413482 16.6275
12007.1866163 3015.9413514 16.6248
12007.1866158 3015.9413488 16.6262
12007.1866152 3015.9413495 16.6270
12007.1866158 3015.9413519 16.6243
12007.1866159 3015.9413497 16.6283
12007.1866157 3015.9413504 16.6265
12007.1866158 3015.9413503 16.6277
12007.1866150 3015.9413493 16.6321
12007.1866147 3015.9413486 16.6336
12007.1866150 3015.9413484 16.6312
12007.1866150 3015.9413499 16.6334
12007.1866170 3015.9413462 16.6230
12007.1866168 3015.9413465 16.6287
12007.1866177 3015.9413464 16.6248
12007.1866169 3015.9413485 16.6242
12007.1866171 3015.9413473 16.6279
12007.1866170 3015.9413476 16.6267
12007.1866173 3015.9413478 16.6255
12007.1866162 3015.9413474 16.6263
12007.1866165 3015.9413470 16.6270
12007.1866160 3015.9413460 16.6311
12007.1866168 3015.9413458 16.6274
12007.1866160 3015.9413460 16.6301
12007.1866173 3015.9413493 16.6156
12007.1866169 3015.9413474 16.6256
12007.1866180 3015.9413481 16.6207
12007.1866176 3015.9413479 16.6192
12007.1866170 3015.9413466 16.6232
12007.1866181 3015.9413468 16.6183
12007.1866185 3015.9413540 16.6133
12007.1866169 3015.9413510 16.6154
12007.1866177 3015.9413538 16.6144
12007.1866162 3015.9413532 16.6184
12007.1866167 3015.9413541 16.6178
12007.1866171 3015.9413527 16.6211
12007.1866170 3015.9413528 16.6211
12007.1866157 3015.9413506 16.6241
12007.1866166 3015.9413499 16.6224
12007.1866173 3015.9413536 16.6194
12007.1866176 3015.9413498 16.6282
12007.1866168 3015.9413491 16.6295
12007.1866169 3015.9413496 16.6307
12007.1866167 3015.9413482 16.6295
12007.1866173 3015.9413502 16.6264
12007.1866167 3015.9413498 16.6301
12007.1866171 3015.9413502 16.6221
12007.1866172 3015.9413505 16.6270
12007.1866166 3015.9413481 16.6257
12007.1866184 3015.9413550 16.6151
12007.1866188 3015.9413566 16.6113
12007.1866190 3015.9413548 16.6122
12007.1866181 3015.9413567 16.6119
12007.1866176 3015.9413561 16.6145
12007.1866186 3015.9413560 16.6111
12007.1866185 3015.9413567 16.6115
12007.1866194 3015.9413563 16.6097
12007.1866190 3015.9413559 16.6116
12007.1866192 3015.9413566 16.6114
12007.1866183 3015.9413546 16.6103
12007.1866198 3015.9413509 16.6046
12007.1866184 3015.9413530 16.6131
12007.1866179 3015.9413502 16.6135
12007.1866185 3015.9413508 16.6109
12007.1866181 3015.9413503 16.6108
12007.1866193 3015.9413522 16.6064
12007.1866182 3015.9413499 16.6130
12007.1866191 3015.9413511 16.6133
12007.1866183 3015.9413507 16.6154
12007.1866185 3015.9413501 16.6210
12007.1866172 3015.9413509 16.6218
12007.1866178 3015.9413526 16.6229
12007.1866157 3015.9413499 16.6344
12007.1866172 3015.9413506 16.6245
12007.1866168 3015.9413518 16.6275
12007.1866163 3015.9413505 16.6285
12007.1866169 3015.9413520 16.6292
12007.1866170 3015.9413517 16.6270
12007.1866171 3015.9413518 16.6267
12007.1866168 3015.9413523 16.6265
12007.1866183 3015.9413485 16.6269
12007.1866177 3015.9413472 16.6300
12007.1866172 3015.9413487 16.6279
12007.1866174 3015.9413471 16.6277
