12007.1975492 3015.9622479 13.9277 0.162695 9.58467 1.60781 13.9061 -1.24263
12007.1975508 3015.9622469 13.9269 0.162695 9.58467 1.60781 13.9194 -8.19262
12007.1975508 3015.9622474 13.9316 0.15791 9.58467 1.60781 13.0916 -10.9508
12007.1975494 3015.9622469 13.9359 0.162695 9.58467 1.60781 12.4538 -11.6182
12007.1975502 3015.9622479 13.9307 0.15791 9.58467 1.6126 12.2648 -11.431
12007.1975506 3015.9622488 13.9326 0.15791 9.58467 1.60781 12.2663 -11.2463
12007.1975517 3015.9622493 13.9295 0.15791 9.58945 1.60303 12.2869 -11.1883
12007.1975517 3015.9622499 13.9265 0.162695 9.58945 1.60303 12.2942 -11.1825
12007.1975517 3015.9622494 13.9259 0.15791 9.57988 1.60303 12.2953 -11.1855
12007.1975512 3015.9622488 13.9282 0.15791 9.58945 1.60303 12.2971 -11.1859
12007.1975507 3015.9622485 13.9270 0.162695 9.58467 1.60303 12.2962 -11.1879
12007.1975504 3015.9622482 13.9298 0.162695 9.58467 1.60303 12.2983 -11.1863
12007.1975511 3015.9622486 13.9286 0.15791 9.58945 1.60781 12.2977 -11.183
12007.1975507 3015.9622479 13.9301 0.162695 9.58945 1.60303 12.2994 -11.1853
12007.1975509 3015.9622469 13.9312 0.162695 9.58467 1.60781 12.3003 -11.1817
12007.1975501 3015.9622477 13.9264 0.15791 9.58467 1.60303 12.2967 -11.1888
12007.1975507 3015.9622472 13.9275 0.162695 9.58945 1.60781 12.2963 -11.1835
12007.1975503 3015.9622466 13.9270 0.15791 9.58467 1.59824 12.2964 -11.1913
12007.1975498 3015.9622454 13.9294 0.162695 9.58467 1.60781 12.2976 -11.1831
12007.1975489 3015.9622439 13.9350 0.162695 9.58467 1.59824 12.3036 -11.1868
12007.1975483 3015.9622429 13.9352 0.15791 9.58467 1.60781 12.3041 -11.1824
12007.1975486 3015.9622422 13.9359 0.15791 9.58467 1.60303 12.3053 -11.1854
12007.1975493 3015.9622414 13.9364 0.15791 9.58945 1.60781 12.3056 -11.1822
12007.1975497 3015.9622428 13.9338 0.162695 9.58467 1.60303 12.3037 -11.1876
12007.1975502 3015.9622428 13.9281 0.15791 9.57988 1.60781 12.2978 -11.1873
12007.1975491 3015.9622432 13.9263 0.15791 9.58945 1.6126 12.2955 -11.1797
12007.1975491 3015.9622432 13.9273 0.15791 9.58945 1.60781 12.2971 -11.1797
12007.1975485 3015.9622427 13.9275 0.15791 9.58467 1.60781 12.2975 -11.1805
12007.1975478 3015.9622432 13.9283 0.153125 9.58467 1.59824 12.2981 -11.1901
12007.1975471 3015.9622420 13.9312 0.15791 9.58467 1.60303 12.2995 -11.1874
12007.1975459 3015.9622423 13.9309 0.15791 9.58467 1.60781 12.2998 -11.1827
12007.1975449 3015.9622420 13.9353 0.100488 9.59902 1.54082 12.3042 -11.2453
12007.1975455 3015.9622421 13.9343 0.143555 9.58945 1.58389 12.296 -11.2283
12007.1975460 3015.9622416 13.9340 0.162695 9.58467 1.59824 12.2968 -11.2028
12007.1975464 3015.9622424 13.9338 0.258398 9.56553 1.64609 12.3 -11.1464
12007.1975461 3015.9622422 13.9310 0.153125 9.59424 1.50732 12.3051 -11.2686
12007.1975468 3015.9622430 13.9314 0.162695 9.57988 1.61738 12.2906 -11.2057
12007.1975467 3015.9622428 13.9319 0.14834 9.5751 1.68438 12.2972 -11.1064
12007.1975461 3015.9622433 13.9335 0.119629 9.58945 1.62217 12.312 -11.136
12007.1975457 3015.9622422 13.9340 0.191406 9.57988 1.61738 12.3106 -11.1606
12007.1975469 3015.9622433 13.9318 0.124414 9.56074 1.81836 12.3054 -10.969
12007.1975457 3015.9622437 13.9331 0.129199 9.61338 1.45469 12.3302 -11.2594
12007.1975458 3015.9622446 13.9327 0.0957031 9.62295 1.4499 12.2961 -11.385
12007.1975452 3015.9622460 13.9338 0.44502 9.60859 1.25371 12.2767 -11.604
12007.1975448 3015.9622467 13.9355 0.224902 9.66602 1.04316 12.2479 -11.88
12007.1975440 3015.9622457 13.9337 0.224902 9.64688 1.21543 12.2075 -11.79
12007.1975438 3015.9622458 13.9341 0.062207 9.64688 1.40684 12.2142 -11.5401
12007.1975437 3015.9622474 13.9325 0.0287109 9.64688 1.28242 12.2454 -11.5796
12007.1975431 3015.9622487 13.9366 0.239258 9.68994 0.980957 12.2479 -11.9127
12007.1975432 3015.9622504 13.9367 0.492871 9.7665 0.784766 12.206 -12.2306
12007.1975440 3015.9622514 13.9360 0.368457 9.74258 0.425879 12.1596 -12.6777
12007.1975444 3015.9622503 13.9360 0.0239258 9.75215 0.856543 12.0968 -12.3785
12007.1975446 3015.9622506 13.9371 0.665137 9.7043 0.574219 12.1278 -12.5122
12007.1975463 3015.9622513 13.9368 0.224902 9.63252 0.62207 12.1145 -12.5325
12007.1975468 3015.9622500 13.9372 0.425879 9.58945 0.947461 12.1106 -12.2057
12007.1975506 3015.9622497 13.9369 0.110059 9.87178 0.842188 12.1514 -12.1908
12007.1975534 3015.9622500 13.9368 0.550293 9.62295 0.717773 12.1584 -12.336
12007.1975566 3015.9622503 13.9382 0.583789 9.73779 0.339746 12.142 -12.77
12007.1975593 3015.9622492 13.9357 0.392383 9.6373 0.679492 12.0825 -12.5778
12007.1975623 3015.9622481 13.9390 0.320605 9.64209 0.827832 12.1023 -12.3201
12007.1975649 3015.9622489 13.9380 0.598145 9.77607 0.45459 12.1367 -12.6137
12007.1975670 3015.9622475 13.9378 0.382812 9.60381 0.531152 12.1036 -12.6651
12007.1975722 3015.9622478 13.9374 0.387598 9.68994 0.607715 12.0925 -12.5861
12007.1975750 3015.9622464 13.9388 0.406738 9.68516 0.497656 12.1023 -12.6597
12007.1975782 3015.9622457 13.9389 0.626855 9.79043 0.679492 12.0943 -12.5107
12007.1975807 3015.9622457 13.9390 0.229688 9.75693 0.674707 12.1123 -12.4565
12007.1975838 3015.9622458 13.9351 0.497656 9.73301 0.44502 12.1181 -12.6807
12007.1975859 3015.9622456 13.9384 0.468945 9.62773 0.349316 12.0932 -12.8588
12007.1975893 3015.9622446 13.9377 0.282324 9.73779 0.291895 12.0668 -12.965
12007.1975936 3015.9622439 13.9371 0.311035 9.62773 0.196191 12.0494 -13.0824
12007.1975987 3015.9622432 13.9351 0.75127 9.65166 0.507227 12.0305 -12.8039
12007.1976050 3015.9622409 13.9355 0.311035 9.77607 0.904395 12.0638 -12.294
12007.1976097 3015.9622407 13.9330 0.244043 9.74736 0.890039 12.1308 -12.1474
12007.1976139 3015.9622412 13.9350 0.689063 9.65645 0.277539 12.1597 -12.7486
12007.1976174 3015.9622406 13.9315 0.62207 9.67559 -0.291895 12.0838 -13.5555
12007.1976233 3015.9622365 13.9332 1.46426 9.03438 2.78018 11.973 -10.7248
12007.1976264 3015.9622344 13.9344 0.449805 9.85742 0.583789 12.3201 -11.8289
12007.1976300 3015.9622331 13.9346 -0.00957031 9.77129 0.291895 12.224 -12.7407
12007.1976354 3015.9622319 13.9352 -0.0382813 9.61816 0.717773 12.0962 -12.5817
12007.1976388 3015.9622315 13.9328 0.0861328 9.78564 0.0957031 12.0981 -13.0664
12007.1976428 3015.9622305 13.9346 0.0191406 9.57031 -0.0334961 12.0383 -13.3703
12007.1976479 3015.9622285 13.9360 -0.220117 9.68994 0.378027 11.9932 -13.0292
12007.1976505 3015.9622273 13.9348 -0.0239258 9.72344 0.143555 12.0298 -13.1127
12007.1976553 3015.9622273 13.9321 0.0861328 9.98662 -0.368457 12.0215 -13.6799
12007.1976598 3015.9622255 13.9350 -0.0287109 9.75215 0.177051 11.9508 -13.3318
12007.1976651 3015.9622234 13.9370 -0.133984 9.80957 0.29668 11.9879 -13.0401
12007.1976689 3015.9622226 13.9336 -0.00478516 9.49854 -0.0861328 12.0267 -13.3436
12007.1976739 3015.9622210 13.9344 -0.45459 9.62773 0.00478516 11.9937 -13.3865
12007.1976778 3015.9622200 13.9314 -0.133984 9.57988 0 11.9815 -13.3875
12007.1976840 3015.9622189 13.9312 -0.31582 9.65166 0.090918 11.9796 -13.2893
12007.1976886 3015.9622178 13.9297 0.191406 9.64688 -0.110059 11.9905 -13.4546
12007.1976903 3015.9622169 13.9297 -0.0143555 9.8335 -0.29668 11.9709 -13.7078
12007.1976938 3015.9622155 13.9278 0.00478516 9.62773 0.00478516 11.9345 -13.4863
12007.1976955 3015.9622150 13.9256 -0.344531 9.54639 -0.272754 11.9562 -13.6622
12007.1976999 3015.9622126 13.9279 0.0861328 9.72344 -0.162695 11.9385 -13.6279
12007.1977036 3015.9622103 13.9263 -0.0382813 9.59902 0.449805 11.9393 -12.9927
12007.1977044 3015.9622106 13.9231 -0.191406 9.78564 0.143555 12.0174 -13.0725
12007.1977035 3015.9622096 13.9243 0.090918 9.77607 -0.645996 12.0182 -13.94
12007.1977050 3015.9622099 13.9234 -0.416309 9.64209 0.220117 11.9072 -13.3878
12007.1977040 3015.9622095 13.9207 -0.301465 9.92441 -0.0191406 11.9609 -13.3586
12007.1977044 3015.9622107 13.9213 -0.0430664 9.62773 -0.334961 11.972 -13.698
12007.1977059 3015.9622105 13.9210 0.320605 9.64209 0.110059 11.93 -13.3826
12007.1977067 3015.9622094 13.9198 -0.00478516 9.80479 0.0382813 11.9637 -13.3145
12007.1977072 3015.9622084 13.9180 0.0287109 9.62295 0.856543 11.9751 -12.4944
12007.1977053 3015.9622070 13.9193 0.320605 9.64688 0.435449 12.082 -12.6263
12007.1977030 3015.9622052 13.9178 -1.3207 9.7665 0.0334961 12.0776 -13.1451
12007.1977001 3015.9622064 13.9170 -0.6125 9.80479 -0.856543 12.0103 -14.2199
12007.1977000 3015.9622064 13.9182 -0.325391 9.66123 0.215332 11.866 -13.4917
12007.1976998 3015.9622074 13.9170 -0.397168 9.71387 -0.29668 11.9392 -13.6497
12007.1976996 3015.9622074 13.9201 -0.425879 9.69951 -0.191406 11.9312 -13.6462
12007.1976991 3015.9622074 13.9208 -0.430664 9.7043 -0.234473 11.9312 -13.6825
12007.1976991 3015.9622079 13.9183 -0.492871 9.68516 -0.0861328 11.9244 -13.5488
12007.1977005 3015.9622088 13.9188 -0.30625 9.7043 -0.267969 11.941 -13.6778
12007.1977018 3015.9622076 13.9198 -0.468945 9.69473 -0.200977 11.9276 -13.6672
12007.1977017 3015.9622089 13.9172 -0.425879 9.7043 -0.234473 11.9249 -13.69
12007.1977028 3015.9622067 13.9246 -0.430664 9.69951 -0.234473 11.9281 -13.6918
12007.1976998 3015.9622083 13.9278 -0.430664 9.7043 -0.239258 11.9311 -13.6973
12007.1976976 3015.9622118 13.9309 -0.430664 9.69951 -0.239258 11.9335 -13.6991
12007.1977106 3015.9622234 13.9002 -0.435449 9.69951 -0.244043 11.9068 -13.7258
12007.1977165 3015.9622287 13.8492 -0.430664 9.69951 -0.248828 11.8555 -13.7557
12007.1977156 3015.9622269 13.8443 -0.430664 9.69951 -0.253613 11.8409 -13.7416
12007.1977141 3015.9622262 13.8551 -0.430664 9.69951 -0.253613 11.8502 -13.7202
12007.1977137 3015.9622258 13.8576 -0.430664 9.69473 -0.229688 11.8563 -13.693
12007.1977133 3015.9622256 13.8573 -0.435449 9.69951 -0.31582 11.8603 -13.7734
12007.1977155 3015.9622284 13.8391 -0.435449 9.69473 -0.267969 11.8347 -13.7687
12007.1977166 3015.9622293 13.8299 -0.488086 9.72822 -0.574219 11.824 -14.0628
12007.1977145 3015.9622297 13.8438 -0.234473 9.65645 -0.0526367 11.7974 -13.6315
12007.1977102 3015.9622239 13.8620 -0.449805 9.71865 -0.875684 11.8647 -14.2704
12007.1977024 3015.9622240 13.8731 -0.459375 9.68994 -0.703418 11.8017 -14.3644
12007.1977035 3015.9622266 13.8721 -0.46416 9.6708 -0.421094 11.7808 -14.0764
12007.1977063 3015.9622241 13.8733 -0.459375 9.68516 -0.645996 11.8159 -14.1833
12007.1977091 3015.9622246 13.8642 -0.45459 9.67559 -0.512012 11.7988 -14.1161
12007.1977087 3015.9622253 13.8621 -0.459375 9.68516 -0.593359 11.8033 -14.1636
12007.1977108 3015.9622279 13.8599 -0.459375 9.68037 -0.545508 11.7959 -14.1372
12007.1977115 3015.9622253 13.8623 -0.459375 9.68516 -0.569434 11.8005 -14.1454
12007.1977092 3015.9622236 13.8665 -0.459375 9.68037 -0.574219 11.8037 -14.1533
12007.1977079 3015.9622236 13.8677 -0.46416 9.68516 -0.564648 11.8041 -14.1479
12007.1977066 3015.9622231 13.8692 -0.45459 9.68516 -0.569434 11.8062 -14.15
12007.1977079 3015.9622232 13.8702 -0.459375 9.68516 -0.574219 11.807 -14.1563
12007.1977067 3015.9622220 13.8741 -0.46416 9.68037 -0.579004 11.8097 -14.1614
12007.1977085 3015.9622224 13.8698 -0.449805 9.67559 -0.512012 11.8057 -14.1007
12007.1977083 3015.9622227 13.8722 -0.45459 9.68516 -0.617285 11.815 -14.18
12007.1977089 3015.9622226 13.8708 -0.46416 9.67559 -0.545508 11.8049 -14.1436
12007.1977083 3015.9622220 13.8715 -0.459375 9.68516 -0.617285 11.8088 -14.1953
12007.1977089 3015.9622222 13.8698 -0.45459 9.68516 -0.564648 11.8012 -14.165
12007.1977092 3015.9622226 13.8689 -0.44502 9.68037 -0.588574 11.8034 -14.1737
12007.1977081 3015.9622228 13.8690 -0.45459 9.68037 -0.555078 11.8026 -14.1446
12007.1977075 3015.9622227 13.8714 -0.46416 9.68037 -0.579004 11.8083 -14.1561
12007.1977052 3015.9622234 13.8674 -0.459375 9.68516 -0.564648 11.8041 -14.152
12007.1977058 3015.9622226 13.8689 -0.45459 9.68516 -0.583789 11.8054 -14.1661
12007.1977057 3015.9622246 13.8610 -0.45459 9.71387 -0.488086 11.7969 -14.0813
12007.1977055 3015.9622248 13.8582 -0.459375 9.68516 -0.569434 11.8041 -14.1284
12007.1977064 3015.9622266 13.8576 -0.468945 9.68516 -0.574219 11.7985 -14.1552
12007.1977082 3015.9622272 13.8550 -0.45459 9.68516 -0.579004 11.7921 -14.1677
12007.1977062 3015.9622230 13.8654 -0.459375 9.68516 -0.574219 11.7988 -14.1567
12007.1977059 3015.9622214 13.8686 -0.459375 9.67559 -0.569434 11.8038 -14.1502
12007.1977057 3015.9622212 13.8690 -0.459375 9.68516 -0.579004 11.8057 -14.1604
12007.1977042 3015.9622223 13.8669 -0.459375 9.68516 -0.574219 11.8028 -14.1618
12007.1977017 3015.9622205 13.8710 -0.468945 9.68516 -0.607715 11.8058 -14.1913
12007.1977017 3015.9622203 13.8738 -0.46416 9.67559 -0.535938 11.8049 -14.1303
12007.1977003 3015.9622193 13.8763 -0.492871 9.68516 -0.607715 11.8147 -14.1779
12007.1977008 3015.9622188 13.8746 -0.890039 9.64209 -0.449805 11.8084 -14.0445
12007.1977011 3015.9622187 13.8741 -0.344531 9.69473 -0.62207 11.8241 -14.165
12007.1977026 3015.9622195 13.8731 -0.416309 9.6708 -0.430664 11.8099 -14.0278
12007.1977028 3015.9622198 13.8718 -0.497656 9.69473 -0.665137 11.8245 -14.2045
12007.1977037 3015.9622191 13.8746 -0.512012 9.73301 -0.976172 11.8063 -14.5867
12007.1977045 3015.9622200 13.8724 -0.0430664 9.57988 0.325391 11.7534 -13.4128
12007.1977039 3015.9622201 13.8739 -0.937891 9.78564 -1.56953 11.8974 -14.8496
12007.1977057 3015.9622177 13.8782 -0.631641 9.73779 -0.282324 11.7366 -14.1698
12007.1977063 3015.9622177 13.8785 -0.47373 9.70908 -0.0287109 11.8029 -13.5681
12007.1977066 3015.9622169 13.8803 -0.401953 9.64209 0.100488 11.8895 -13.2632
12007.1977060 3015.9622165 13.8794 -0.320605 9.70908 -0.277539 11.9385 -13.5872
12007.1977072 3015.9622160 13.8811 -0.277539 9.69473 0.0334961 11.905 -13.4233
12007.1977090 3015.9622158 13.8806 -0.46416 9.71865 -0.0957031 11.9212 -13.4723
12007.1977084 3015.9622158 13.8824 -0.320605 9.74258 -0.210547 11.9185 -13.6139
12007.1977074 3015.9622163 13.8808 -0.373242 9.75215 -0.196191 11.8988 -13.65
12007.1977073 3015.9622162 13.8818 -0.406738 9.78086 0.090918 11.8926 -13.3627
12007.1977057 3015.9622184 13.8830 -0.0334961 10.245 -0.952246 11.9294 -14.2975
12007.1977071 3015.9622194 13.8867 -0.287109 9.4124 0.191406 11.8183 -13.512
12007.1977065 3015.9622189 13.8900 -1.00967 9.77129 -0.263184 11.907 -13.6103
12007.1977075 3015.9622204 13.8896 -1.10537 9.54639 -0.143555 11.9055 -13.5831
12007.1977094 3015.9622242 13.8919 -0.507227 9.59902 -0.416309 11.9107 -13.8436
12007.1977121 3015.9622266 13.8946 -0.77998 9.6708 0.220117 11.8806 -13.3027
12007.1977165 3015.9622313 13.8930 -0.277539 9.50811 0.607715 11.9442 -12.7019
12007.1977181 3015.9622353 13.8933 -0.181836 9.68994 -0.0430664 12.029 -13.1765
12007.1977186 3015.9622378 13.8955 -0.904395 9.98662 -0.124414 11.9813 -13.4818
12007.1977211 3015.9622420 13.8964 -0.239258 9.75215 0.382812 11.9372 -13.0536
12007.1977222 3015.9622467 13.8988 -0.325391 9.70908 -0.224902 11.9882 -13.4771
12007.1977246 3015.9622511 13.9011 -0.535938 9.49854 -0.16748 11.9428 -13.6035
12007.1977277 3015.9622553 13.9007 -0.430664 9.86699 0.239258 11.9206 -13.2136
12007.1977306 3015.9622596 13.9010 -0.0813477 9.81436 0.0191406 11.9676 -13.2787
12007.1977319 3015.9622624 13.9027 -0.325391 9.8957 -0.215332 11.9668 -13.5657
12007.1977348 3015.9622659 13.9031 -0.803906 9.62773 0.387598 11.9305 -13.0654
12007.1977379 3015.9622698 13.9036 -0.712988 9.57031 0.0287109 11.99 -13.2204
12007.1977400 3015.9622737 13.9063 -0.626855 9.52725 0.129199 11.9802 -13.2122
12007.1977432 3015.9622789 13.9093 -0.29668 9.53203 0.172266 11.9826 -13.1579
12007.1977446 3015.9622836 13.9083 -0.320605 9.65645 0.425879 11.989 -12.8869
12007.1977444 3015.9622870 13.9129 -0.574219 9.73301 0.0765625 12.0283 -13.1397
12007.1977438 3015.9622906 13.9150 -0.842188 9.32148 0.119629 12.003 -13.2115
12007.1977438 3015.9622951 13.9141 -0.851758 9.73779 0.224902 11.9898 -13.1165
12007.1977442 3015.9622987 13.9177 -0.545508 9.9627 -0.062207 12.0034 -13.3587
12007.1977465 3015.9623024 13.9179 -0.818262 9.77129 0.679492 11.9744 -12.7128
12007.1977454 3015.9623051 13.9201 -0.971387 9.57031 -0.124414 12.0549 -13.264
12007.1977463 3015.9623087 13.9264 -1.40205 9.59902 0 12.0005 -13.3857
12007.1977483 3015.9623131 13.9253 -0.368457 9.52246 0.488086 11.9771 -12.9074
12007.1977495 3015.9623167 13.9247 -1.07666 9.81436 -0.00957031 12.0345 -13.218
12007.1977501 3015.9623189 13.9252 -1.37334 9.59902 0.105273 12.0027 -13.2515
12007.1977511 3015.9623222 13.9302 -0.684277 9.62295 -0.0430664 11.9987 -13.3884
12007.1977522 3015.9623239 13.9270 -1.17236 9.64209 0.0478516 11.978 -13.3464
12007.1977535 3015.9623268 13.9286 -0.650781 9.86699 0.435449 11.9821 -12.9294
12007.1977534 3015.9623290 13.9255 -0.703418 9.48896 0.119629 12.033 -13.0995
12007.1977547 3015.9623291 13.9253 -1.21064 9.52725 0.13877 12.0177 -13.1743
12007.1977546 3015.9623303 13.9257 -0.976172 9.68037 -0.0478516 12.0065 -13.3778
12007.1977568 3015.9623314 13.9293 -0.531152 9.72344 0.0478516 11.9824 -13.3461
12007.1977582 3015.9623326 13.9224 -0.564648 9.94834 0.358887 11.9773 -13.0126
12007.1977577 3015.9623342 13.9202 -0.62207 9.61338 0.31582 12.0172 -12.9336
12007.1977568 3015.9623343 13.9172 -1.01445 9.65166 0.181836 12.0297 -13.0665
12007.1977558 3015.9623361 13.9167 0.244043 9.63252 0.0287109 12.0139 -13.2758
12007.1977528 3015.9623349 13.9137 0.0765625 9.67559 -0.0478516 11.9827 -13.4197
12007.1977459 3015.9623323 13.9100 -1.44512 9.68994 -0.866113 11.9571 -14.2723
12007.1977420 3015.9623305 13.9049 -2.53613 9.74258 -1.77529 11.841 -15.4758
12007.1977439 3015.9623323 13.9098 -0.574219 9.68994 -1.36855 11.6773 -15.4255
12007.1977483 3015.9623336 13.9122 -1.47861 9.60381 -0.468945 11.665 -14.4016
12007.1977556 3015.9623382 13.9107 -0.258398 9.80957 -0.703418 11.7924 -14.26
12007.1977653 3015.9623400 13.9116 0.6125 9.68994 0.813477 11.8274 -12.7729
12007.1977711 3015.9623433 13.9096 0.0574219 9.56553 1.26807 12.0193 -11.8059
12007.1977697 3015.9623401 13.9101 -0.425879 9.77607 0.339746 12.1673 -12.5079
12007.1977697 3015.9623386 13.9169 0.110059 9.6708 0.832617 12.1027 -12.3584
12007.1977686 3015.9623393 13.9229 -0.0143555 9.64688 0.966602 12.1187 -12.1254
12007.1977635 3015.9623388 13.9281 0.0574219 9.68516 0.808691 12.155 -12.2062
12007.1977632 3015.9623406 13.9273 0.0287109 9.70908 0.674707 12.1486 -12.393
12007.1977620 3015.9623391 13.9287 0.00957031 9.74736 0.76084 12.1252 -12.3692
12007.1977638 3015.9623393 13.9201 0.090918 9.6708 0.837402 12.1178 -12.2747
12007.1977653 3015.9623413 13.9226 0.0334961 9.71865 0.569434 12.131 -12.5022
12007.1977663 3015.9623404 13.9199 0.0287109 9.74258 0.535938 12.1014 -12.6279
12007.1977681 3015.9623406 13.9161 0.162695 9.68037 0.789551 12.0783 -12.4031
12007.1977686 3015.9623429 13.9099 -0.172266 9.72822 0.598145 12.0986 -12.5027
12007.1977684 3015.9623433 13.9141 0.0334961 9.66602 0.885254 12.0922 -12.2618
12007.1977708 3015.9623428 13.9089 -0.119629 9.69951 0.727344 12.1175 -12.332
12007.1977680 3015.9623444 13.9140 -0.133984 9.69951 0.732129 12.1162 -12.3655
12007.1977701 3015.9623465 13.9226 -0.105273 9.69951 0.727344 12.1193 -12.376
12007.1977666 3015.9623500 13.9351 -0.100488 9.68516 0.775195 12.1292 -12.3259
12007.1977710 3015.9623547 13.8955 -0.114844 9.6708 0.875684 12.1023 -12.2391
12007.1977672 3015.9623555 13.8990 0.0957031 9.6708 0.808691 12.113 -12.2553
12007.1977630 3015.9623481 13.9195 -0.15791 9.69473 0.689063 12.1302 -12.3745
12007.1977638 3015.9623502 13.9250 -0.129199 9.68994 0.698633 12.122 -12.4154
12007.1977660 3015.9623493 13.9304 -0.153125 9.71387 0.588574 12.1205 -12.5315
12007.1977669 3015.9623474 13.9433 0.0669922 9.64688 0.980957 12.1168 -12.1718
12007.1977677 3015.9623491 13.9397 -0.244043 9.72344 0.535938 12.1589 -12.487
12007.1977686 3015.9623471 13.9235 -0.0669922 9.71865 0.574219 12.11 -12.5997
12007.1977713 3015.9623516 13.9021 -0.090918 9.68994 0.689063 12.0708 -12.5079
12007.1977692 3015.9623554 13.9008 -0.13877 9.69473 0.722559 12.0764 -12.4171
12007.1977575 3015.9623507 13.9282 0.244043 9.68516 0.492871 12.1125 -12.6
12007.1977629 3015.9623496 13.9225 -0.162695 9.74258 0.406738 12.0889 -12.7789
12007.1977651 3015.9623515 13.9197 -0.090918 9.65166 1.07666 12.0607 -12.1602
12007.1977673 3015.9623540 13.9169 0.248828 9.65166 0.90918 12.1334 -12.0883
12007.1977648 3015.9623517 13.9197 1.74658 9.66123 -0.430664 12.1542 -13.4469
12007.1977652 3015.9623520 13.9200 -0.91875 9.63252 1.4834 11.9842 -12.0358
12007.1977578 3015.9623481 13.9244 -0.210547 9.78086 0.177051 12.146 -12.7219
12007.1977639 3015.9623497 13.9068 0.382812 9.59902 1.04795 12.0639 -12.2131
12007.1977670 3015.9623477 13.9049 -0.16748 9.72344 0.483301 12.1166 -12.543
12007.1977618 3015.9623392 13.9401 -0.0334961 9.7043 0.574219 12.112 -12.5822
12007.1977643 3015.9623402 13.9365 0.0334961 9.66123 0.827832 12.1033 -12.3421
12007.1977659 3015.9623416 13.9364 0.215332 9.69473 0.526367 12.1327 -12.5515
12007.1977606 3015.9623404 13.9334 -0.282324 9.71387 0.478516 12.1071 -12.6955
12007.1977577 3015.9623474 13.9252 1.52168 9.59424 -0.0287109 12.0784 -13.2436
12007.1977619 3015.9623501 13.9122 -2.05762 9.39326 2.10068 11.9937 -11.3018
12007.1977592 3015.9623483 13.9036 1.40684 9.66602 -1.08145 12.2225 -13.7351
12007.1977577 3015.9623476 13.9058 -1.59824 9.6708 0.483301 11.9439 -13.1926
12007.1977594 3015.9623496 13.8986 -0.143555 9.72822 -0.205762 11.9712 -13.5125
12007.1977593 3015.9623490 13.8937 -0.44502 9.67559 0.100488 11.9297 -13.3422
12007.1977573 3015.9623494 13.8939 -0.440234 9.6708 -0.0430664 11.9462 -13.3976
12007.1977576 3015.9623493 13.8959 -0.598145 9.70908 -0.220117 11.943 -13.604
12007.1977577 3015.9623491 13.8952 -0.890039 9.71865 -0.119629 11.9157 -13.5763
12007.1977574 3015.9623501 13.8959 -0.449805 9.67559 -0.191406 11.9164 -13.6202
12007.1977555 3015.9623498 13.8978 -0.904395 9.77607 -0.712988 11.9126 -14.1569
12007.1977573 3015.9623487 13.9022 -0.272754 9.61816 0.253613 11.8476 -13.3785
12007.1977550 3015.9623493 13.8935 -0.765625 9.70908 -0.674707 11.9308 -13.9902
12007.1977550 3015.9623495 13.8892 -1.69395 9.73301 -0.349316 11.8598 -13.9413
12007.1977538 3015.9623500 13.8869 -1.38291 9.7665 -1.29199 11.855 -14.8224
12007.1977551 3015.9623482 13.8883 -1.82793 9.55117 0.354102 11.7435 -13.49
12007.1977556 3015.9623474 13.8893 -0.990527 9.57988 0.0382813 11.8997 -13.2535
12007.1977561 3015.9623482 13.8859 -1.39727 9.81914 -0.799121 11.9467 -14.1077
12007.1977589 3015.9623463 13.8931 -0.545508 9.60859 0.172266 11.8503 -13.4697
12007.1977604 3015.9623467 13.8965 -0.272754 9.55117 0.483301 11.9222 -12.8649
12007.1977607 3015.9623471 13.8931 -0.339746 9.68037 0.00478516 12.0053 -13.1734
12007.1977604 3015.9623449 13.8960 -0.531152 9.6373 0.363672 11.9792 -12.9771
12007.1977602 3015.9623438 13.8985 -0.727344 9.72822 -0.100488 12.003 -13.3521
12007.1977613 3015.9623440 13.8975 -0.756055 9.69951 0.0287109 11.9574 -13.3741
12007.1977614 3015.9623445 13.8960 -0.708203 9.62773 0.181836 11.9475 -13.2006
12007.1977606 3015.9623434 13.8999 -0.248828 9.70908 -0.0382813 11.9717 -13.3494
12007.1977596 3015.9623426 13.9034 -0.741699 9.7665 -0.488086 11.9589 -13.8661
12007.1977597 3015.9623414 13.9075 -0.708203 9.64209 0.272754 11.8951 -13.2808
12007.1977595 3015.9623425 13.9085 -0.799121 9.79521 -0.382812 11.9624 -13.6838
12007.1977599 3015.9623426 13.9128 -0.392383 9.72344 0.0287109 11.9234 -13.4579
12007.1977613 3015.9623430 13.9133 0.459375 9.79521 -0.129199 11.9476 -13.5091
12007.1977624 3015.9623428 13.9125 -0.669922 9.6373 0.411523 11.9435 -13.0028
12007.1977614 3015.9623424 13.9114 -0.985742 9.70908 0.0191406 12.0064 -13.2108
12007.1977631 3015.9623429 13.9112 -0.301465 9.65645 0.555078 11.9878 -12.7901
12007.1977628 3015.9623433 13.9126 -0.373242 9.84307 0.248828 12.0402 -12.9319
12007.1977628 3015.9623412 13.9150 -0.693848 10.135 0.090918 12.0309 -13.1729
12007.1977646 3015.9623390 13.9195 -1.25371 9.57031 2.04326 12.003 -11.2987
12007.1977606 3015.9623414 13.9160 -0.890039 10.0728 -0.00478516 12.2349 -12.6553
12007.1977592 3015.9623450 13.9165 0.181836 9.8957 0.44502 12.0922 -12.8426
12007.1977579 3015.9623430 13.9233 -0.76084 9.71387 0.92832 12.0561 -12.3313
12007.1977545 3015.9623446 13.9213 -0.416309 9.63252 0.746484 12.1149 -12.307
12007.1977514 3015.9623455 13.9200 -0.674707 9.56553 0.483301 12.1243 -12.5998
12007.1977496 3015.9623482 13.9211 0.267969 9.68516 1.18193 12.0892 -12.012
12007.1977473 3015.9623515 13.9181 -0.512012 9.80479 0.885254 12.1569 -12.0763
12007.1977419 3015.9623522 13.9187 -0.29668 9.49854 0.75127 12.1579 -12.2763
12007.1977371 3015.9623552 13.9212 0.0382813 9.56553 0.708203 12.1347 -12.3905
12007.1977327 3015.9623570 13.9199 -0.30625 9.50811 0.765625 12.1161 -12.3603
12007.1977283 3015.9623591 13.9190 -0.253613 9.58945 1.44512 12.1168 -11.6586
12007.1977241 3015.9623619 13.9194 -0.378027 9.68994 1.04795 12.2065 -11.803
12007.1977192 3015.9623643 13.9204 -0.00478516 9.55117 1.27285 12.2004 -11.6868
12007.1977123 3015.9623671 13.9219 0.0382813 9.48896 1.08623 12.2157 -11.8268
12007.1977073 3015.9623693 13.9192 -0.253613 9.36455 1.10537 12.1975 -11.8696
12007.1977015 3015.9623701 13.9241 -0.263184 9.5751 1.14365 12.194 -11.832
12007.1976977 3015.9623726 13.9183 -0.0574219 9.59424 1.3207 12.1933 -11.6428
12007.1976915 3015.9623744 13.9238 -0.277539 9.95312 1.3207 12.2221 -11.5706
12007.1976872 3015.9623763 13.9230 -0.090918 9.6708 1.3207 12.2342 -11.5635
12007.1976814 3015.9623772 13.9268 -0.277539 9.6708 1.0623 12.24 -11.8247
12007.1976778 3015.9623785 13.9262 -0.0239258 9.71387 1.52646 12.207 -11.4588
12007.1976722 3015.9623796 13.9283 -0.339746 9.68994 1.0958 12.2512 -11.7351
12007.1976692 3015.9623809 13.9280 0.0191406 9.86699 1.29199 12.2214 -11.6669
12007.1976637 3015.9623819 13.9312 -0.153125 9.7665 1.0623 12.2291 -11.851
12007.1976606 3015.9623822 13.9295 -0.378027 9.74736 1.03838 12.2051 -11.9472
12007.1976554 3015.9623836 13.9354 -0.00478516 9.47461 1.33984 12.195 -11.6614
12007.1976508 3015.9623847 13.9326 -0.382812 9.75693 1.33027 12.2276 -11.5632
12007.1976455 3015.9623858 13.9347 -0.488086 9.53203 0.942676 12.2461 -11.9349
12007.1976416 3015.9623861 13.9359 -0.579004 9.58467 1.02402 12.2022 -11.9987
12007.1976405 3015.9623872 13.9343 -0.636426 9.45068 1.3542 12.1871 -11.6644
12007.1976382 3015.9623867 13.9365 -0.669922 9.65166 1.08623 12.2296 -11.8008
12007.1976386 3015.9623880 13.9327 -0.0239258 9.57031 1.60303 12.2144 -11.3628
12007.1976364 3015.9623874 13.9314 -0.512012 9.61338 1.45947 12.267 -11.3395
12007.1976350 3015.9623878 13.9299 -0.392383 9.72344 1.1293 12.2754 -11.6959
12007.1976334 3015.9623883 13.9297 -0.588574 9.5416 1.55039 12.2309 -11.4088
12007.1976330 3015.9623892 13.9266 -0.14834 9.6708 1.16758 12.2591 -11.6617
12007.1976311 3015.9623891 13.9270 -0.535938 9.39805 1.74658 12.2309 -11.1916
12007.1976302 3015.9623899 13.9286 -0.540723 9.74258 1.08145 12.2885 -11.6681
12007.1976305 3015.9623888 13.9279 -0.406738 9.01045 2.22988 12.2346 -10.7288
12007.1976287 3015.9623892 13.9278 -0.746484 9.34541 0.933105 12.3471 -11.6525
12007.1976303 3015.9623909 13.9252 -1.02402 9.47939 1.41641 12.2417 -11.5759
12007.1976347 3015.9623966 13.9162 1.37813 9.48896 2.10068 12.2301 -10.8023
12007.1976357 3015.9623991 13.9155 0.741699 9.46504 2.03369 12.3265 -10.5834
12007.1976317 3015.9623967 13.9187 0.00957031 9.66602 1.225 12.3694 -11.3728
12007.1976329 3015.9623972 13.9174 0.378027 9.58467 1.63652 12.2733 -11.2741
12007.1976337 3015.9623974 13.9181 0.540723 9.64688 1.56953 12.2742 -11.2437
12007.1976348 3015.9623978 13.9178 0.363672 9.41719 2.16289 12.2779 -10.6401
12007.1976364 3015.9623976 13.9138 0.0382813 9.48896 2.12461 12.3517 -10.4657
12007.1976355 3015.9623973 13.9171 0.244043 9.48896 1.99063 12.3862 -10.5819
12007.1976360 3015.9623978 13.9150 0.14834 9.45068 2.22988 12.374 -10.4079
12007.1976332 3015.9623967 13.9196 0 9.63252 1.43076 12.3986 -11.1335
12007.1976340 3015.9623971 13.9203 0.387598 9.49375 2.08154 12.31 -10.7596
12007.1976356 3015.9623973 13.9200 0.224902 9.51289 1.98105 12.346 -10.6689
12007.1976353 3015.9623972 13.9205 0.16748 9.52725 1.91406 12.3626 -10.7259
12007.1976349 3015.9623967 13.9206 0.401953 9.52725 1.91406 12.3575 -10.7569
12007.1976328 3015.9623963 13.9169 0.124414 9.50811 1.76094 12.3497 -10.9204
12007.1976312 3015.9623962 13.9197 -0.100488 9.52246 1.95234 12.3303 -10.7811
12007.1976289 3015.9623950 13.9208 -0.607715 9.86699 0.143555 12.3466 -12.5266
12007.1976294 3015.9623927 13.9239 0.665137 9.50811 2.0959 12.1292 -11.212
12007.1976288 3015.9623941 13.9180 -0.741699 10.1063 -0.416309 12.2637 -13.1151
12007.1976323 3015.9623961 13.9148 0.732129 9.37891 2.35908 12.0359 -11.1138
12007.1976295 3015.9623939 13.9179 -0.990527 9.74258 0.674707 12.2642 -11.929
12007.1976294 3015.9623942 13.9181 0.507227 9.53203 1.83271 12.1897 -11.2108
12007.1976291 3015.9623953 13.9201 -0.229688 9.67559 1.0958 12.2734 -11.6398
12007.1976307 3015.9623961 13.9201 0.0430664 9.58467 1.57432 12.2294 -11.3695
12007.1976288 3015.9623952 13.9288 0.062207 9.60859 1.4834 12.2658 -11.3293
12007.1976286 3015.9623948 13.9264 -0.0574219 9.62773 1.33506 12.2735 -11.488
12007.1976301 3015.9623949 13.9241 -0.110059 9.60859 1.42598 12.2523 -11.4606
12007.1976273 3015.9623930 13.9326 0.13877 9.60381 1.48818 12.2605 -11.3695
12007.1976281 3015.9623967 13.9362 -0.143555 9.6373 1.34463 12.2762 -11.4832
12007.1976262 3015.9623951 13.9328 -0.00957031 9.61816 1.40205 12.2608 -11.479
12007.1976240 3015.9623944 13.9320 -0.15791 9.61338 1.41162 12.2587 -11.4586
12007.1976234 3015.9623925 13.9335 -0.13877 9.64688 1.22979 12.2623 -11.6307
12007.1976227 3015.9623924 13.9349 0.0191406 9.6373 1.28721 12.2421 -11.6368
12007.1976229 3015.9623922 13.9361 0.0765625 9.63252 1.13887 12.2398 -11.7736
12007.1976224 3015.9623917 13.9347 0 9.61338 1.3542 12.2209 -11.6071
12007.1976226 3015.9623918 13.9320 -0.0813477 9.80957 1.11494 12.2373 -11.7759
12007.1976221 3015.9623919 13.9298 -0.0382813 9.59424 1.47861 12.216 -11.485
12007.1976227 3015.9623918 13.9303 -0.0574219 9.64688 1.22021 12.2507 -11.6246
12007.1976223 3015.9623924 13.9315 0.0526367 9.58945 1.52168 12.2384 -11.3949
12007.1976229 3015.9623929 13.9283 -0.0765625 9.62773 1.28242 12.2633 -11.5455
12007.1976224 3015.9623927 13.9258 -0.30625 9.56553 1.52168 12.2451 -11.3781
12007.1976236 3015.9623927 13.9232 0.062207 9.57988 1.56953 12.2619 -11.2599
12007.1976236 3015.9623933 13.9242 -0.0526367 9.6708 1.07666 12.2799 -11.7202
12007.1976236 3015.9623934 13.9244 0.0382813 9.61338 1.45469 12.2238 -11.5195
12007.1976226 3015.9623942 13.9220 0.0143555 9.62295 1.3207 12.2401 -11.5468
12007.1976226 3015.9623932 13.9267 -0.0430664 9.65166 1.20107 12.2428 -11.6837
12007.1976219 3015.9623937 13.9245 0.0287109 9.60381 1.47861 12.2238 -11.4587
12007.1976232 3015.9623942 13.9221 0.248828 9.60381 1.50254 12.2479 -11.343
12007.1976215 3015.9623938 13.9221 -0.430664 9.69951 1.00488 12.2657 -11.8144
12007.1976210 3015.9623927 13.9204 -0.30625 9.7043 1.17715 12.2065 -11.8245
12007.1976244 3015.9623942 13.9226 0.0861328 9.62295 1.33506 12.1996 -11.631
12007.1976190 3015.9623910 13.9303 -0.0334961 9.68037 1.33027 12.2301 -11.5567
12007.1976225 3015.9623927 13.9266 0.0334961 9.61338 1.40205 12.2402 -11.4799
12007.1976242 3015.9623939 13.9296 0.0334961 9.65645 1.21064 12.2538 -11.6482
12007.1976188 3015.9623896 13.9405 -0.416309 9.68516 1.08145 12.2437 -11.8399
12007.1976206 3015.9623879 13.9604 0.971387 9.37412 2.51221 12.2354 -10.459
12007.1976176 3015.9623905 13.9625 0.579004 9.55117 1.76094 12.4119 -10.7057
12007.1976158 3015.9623910 13.9575 0.0143555 9.64209 1.31113 12.3986 -11.3605
12007.1976174 3015.9623906 13.9600 0.75127 9.66123 1.17236 12.3157 -11.7253
12007.1976170 3015.9623899 13.9577 0.870898 9.46025 2.11982 12.2568 -10.8579
12007.1976158 3015.9623888 13.9580 -0.0526367 9.69473 1.0623 12.3599 -11.5647
12007.1976178 3015.9623901 13.9528 0.282324 9.53682 1.83271 12.2785 -11.1184
12007.1976179 3015.9623890 13.9569 0.282324 9.57988 1.75615 12.3286 -10.9795
12007.1976187 3015.9623896 13.9603 0.291895 9.55596 1.96191 12.3556 -10.7534
12007.1976200 3015.9623905 13.9598 0.655566 9.51289 1.98584 12.3873 -10.6655
12007.1976189 3015.9623897 13.9577 0.129199 9.57031 1.67002 12.4007 -10.9714
12007.1976197 3015.9623906 13.9596 0.248828 9.54639 1.82314 12.3652 -10.9358
12007.1976200 3015.9623907 13.9598 0.741699 9.55596 1.78486 12.3653 -10.9384
12007.1976195 3015.9623909 13.9549 0.650781 9.56553 1.69395 12.3608 -11.0336
12007.1976192 3015.9623902 13.9503 0.684277 9.55117 1.77529 12.3441 -10.9865
12007.1976205 3015.9623911 13.9517 0.330176 9.55596 1.69873 12.3491 -11.0345
12007.1976219 3015.9623923 13.9485 0.645996 9.48896 1.9332 12.3409 -10.8227
12007.1976230 3015.9623922 13.9492 0.689063 9.47461 2.03369 12.3674 -10.6401
12007.1976231 3015.9623932 13.9434 0.368457 9.58945 1.76572 12.389 -10.8629
12007.1976214 3015.9623922 13.9410 0.406738 9.62773 1.84707 12.3613 -10.8772
12007.1976217 3015.9623898 13.9367 0.325391 9.56074 1.7418 12.3522 -10.9726
12007.1976252 3015.9623893 13.9301 0.311035 9.53203 1.51689 12.3331 -11.2303
12007.1976233 3015.9623885 13.9337 1.01445 9.45547 1.70352 12.301 -11.1222
12007.1976229 3015.9623868 13.9326 0.311035 9.56074 1.7083 12.3097 -11.0586
12007.1976223 3015.9623835 13.9360 0.210547 9.49854 1.36855 12.3219 -11.3788
12007.1976227 3015.9623839 13.9378 1.11494 9.34063 1.20586 12.2843 -11.6636
12007.1976242 3015.9623821 13.9419 2.49307 9.12051 2.33994 12.2468 -10.6055
12007.1976183 3015.9623748 13.9415 -0.153125 10.1493 1.3207 12.3764 -11.2195
12007.1976135 3015.9623707 13.9418 0.311035 9.42197 -0.0430664 12.315 -12.8873
12007.1976150 3015.9623667 13.9474 1.16758 9.43633 0.961816 12.0998 -12.4409
12007.1976162 3015.9623630 13.9470 1.04795 9.7043 1.46904 12.1289 -11.6354
12007.1976182 3015.9623598 13.9467 0.679492 9.5416 1.1293 12.2348 -11.7035
12007.1976191 3015.9623564 13.9474 0.837402 9.46025 1.26807 12.2403 -11.6566
12007.1976187 3015.9623519 13.9478 0.559863 10.0393 1.94277 12.2473 -10.9682
12007.1976157 3015.9623501 13.9520 2.14375 9.59424 0.693848 12.3394 -11.9707
12007.1976122 3015.9623414 13.9592 0.468945 9.48896 1.43076 12.2299 -11.6496
12007.1976093 3015.9623369 13.9644 -0.521582 9.84307 0.784766 12.2613 -12.1064
12007.1976095 3015.9623356 13.9607 1.23936 9.34063 1.26807 12.204 -11.8103
12007.1976081 3015.9623303 13.9628 0.736914 9.63252 0.937891 12.2362 -11.9957
12007.1976066 3015.9623254 13.9625 1.3542 9.32627 1.19629 12.2164 -11.825
12007.1976036 3015.9623186 13.9702 0.966602 9.78086 0.832617 12.2424 -12.1095
12007.1976004 3015.9623121 13.9756 1.04316 9.59902 1.18193 12.2142 -11.8759
12007.1975962 3015.9623061 13.9735 0.382812 9.8 0.866113 12.2385 -12.0908
12007.1975953 3015.9623018 13.9750 0.200977 9.40762 0.885254 12.2155 -12.1638
12007.1975935 3015.9622958 13.9734 0.344531 9.74258 1.88535 12.2019 -11.1763
12007.1975909 3015.9622919 13.9727 0.334961 9.10615 0.861328 12.3252 -11.836
12007.1975897 3015.9622879 13.9757 0.870898 9.32148 1.8375 12.2596 -11.1747
12007.1975885 3015.9622831 13.9715 0.320605 9.68994 1.27764 12.3317 -11.4568
12007.1975875 3015.9622799 13.9723 1.0623 9.7043 1.14844 12.3057 -11.7333
12007.1975883 3015.9622772 13.9691 0.717773 9.67559 1.59346 12.2644 -11.3734
12007.1975883 3015.9622739 13.9679 0.660352 9.45547 1.29199 12.3039 -11.5195
12007.1975871 3015.9622699 13.9689 0.0765625 9.33584 1.71309 12.2912 -11.1757
12007.1975864 3015.9622663 13.9674 -0.0813477 9.3167 1.75615 12.3321 -11.0015
12007.1975868 3015.9622652 13.9618 0.334961 9.29277 1.87578 12.3545 -10.8487
12007.1975849 3015.9622629 13.9608 0.129199 9.42197 2.04326 12.3759 -10.6412
12007.1975827 3015.9622620 13.9590 0.933105 9.82871 1.1915 12.4035 -11.433
12007.1975787 3015.9622607 13.9582 0.736914 9.73301 1.20107 12.3056 -11.727
12007.1975771 3015.9622582 13.9568 0.368457 9.62773 1.43076 12.2545 -11.5416
12007.1975764 3015.9622576 13.9583 -0.440234 9.73301 1.36377 12.2729 -11.5081
12007.1975744 3015.9622576 13.9575 -0.110059 9.69473 0.995313 12.2788 -11.8768
12007.1975743 3015.9622579 13.9566 -0.100488 9.60381 1.42119 12.2318 -11.5882
12007.1975746 3015.9622583 13.9572 -0.229688 9.64688 1.29678 12.2631 -11.5781
12007.1975739 3015.9622611 13.9566 -0.712988 9.6708 1.3877 12.2678 -11.504
12007.1975708 3015.9622657 13.9578 0.550293 10.1302 -1.71309 12.2789 -14.5803
12007.1975705 3015.9622628 13.9589 -0.186621 9.66602 1.11973 11.8898 -12.863
12007.1975729 3015.9622590 13.9596 0.205762 9.63252 1.0623 12.0595 -12.052
12007.1975734 3015.9622629 13.9566 0.0382813 9.64688 1.05273 12.1816 -11.8796
12007.1975772 3015.9622613 13.9541 -0.373242 9.77129 0.550293 12.2169 -12.3996
12007.1975756 3015.9622592 13.9483 0.244043 9.58945 1.23936 12.1502 -11.9243
12007.1975767 3015.9622606 13.9473 -0.0143555 9.60859 1.26328 12.2013 -11.6869
12007.1975777 3015.9622660 13.9458 -0.205762 9.52725 1.7083 12.2367 -11.19
12007.1975761 3015.9622674 13.9436 -0.00957031 9.95312 -0.62207 12.3025 -13.3652
12007.1975750 3015.9622634 13.9392 -3.11992 9.57031 1.871 12.0303 -11.7014
12007.1975790 3015.9622661 13.9416 0.31582 9.53682 1.43555 12.2094 -11.3613
12007.1975750 3015.9622628 13.9450 -0.937891 9.64209 1.48818 12.2785 -11.2984
12007.1975750 3015.9622653 13.9483 0.732129 9.75215 -0.200977 12.2981 -13.0069
12007.1975736 3015.9622627 13.9455 -1.34463 9.97705 -0.143555 12.0808 -13.5799
12007.1975788 3015.9622634 13.9448 1.91406 9.42197 0.985742 11.9796 -12.5186
12007.1975794 3015.9622644 13.9410 -0.550293 9.4124 2.59355 12.0985 -10.4659
12007.1975779 3015.9622668 13.9438 -0.856543 10.2115 -1.225 12.3772 -13.6186
12007.1975797 3015.9622610 13.9387 1.11016 8.71377 4.57939 12.0071 -9.1324
12007.1975754 3015.9622586 13.9356 -1.67959 9.7665 0.564648 12.5281 -11.2949
12007.1975753 3015.9622602 13.9373 -0.856543 9.79521 0.468945 12.3208 -12.5024
12007.1975752 3015.9622625 13.9379 -1.26328 9.51289 2.15332 12.1412 -11.1204
12007.1975740 3015.9622669 13.9386 -0.535938 9.58945 1.26807 12.2949 -11.3922
12007.1975702 3015.9622722 13.9377 1.53125 9.91963 -1.97627 12.279 -14.8333
12007.1975710 3015.9622699 13.9380 -0.267969 9.65166 0.813477 11.8394 -13.2739
12007.1975738 3015.9622668 13.9373 -0.0813477 9.57031 1.4499 11.9813 -11.7946
12007.1975717 3015.9622672 13.9388 -0.15791 9.77607 0.205762 12.1889 -12.5952
