12007.1976873 3015.9623224 13.9916 -0.617285 9.72344 0.579004 13.9699 -2.23955
12007.1976879 3015.9623247 13.9909 -0.756055 9.74736 0.708203 13.9774 -9.10881
12007.1976885 3015.9623247 13.9890 -0.358887 9.46504 0.598145 13.0552 -12.2703
12007.1976887 3015.9623246 13.9937 -0.712988 9.68516 0.401953 12.334 -13.2417
12007.1976887 3015.9623232 13.9905 -0.45459 9.7043 0.631641 12.0952 -12.8823
12007.1976879 3015.9623246 13.9914 -0.492871 9.69951 0.60293 12.1114 -12.6283
12007.1976884 3015.9623241 13.9873 -0.712988 9.60859 0.492871 12.1418 -12.6607
12007.1976885 3015.9623249 13.9857 -0.588574 9.68516 0.746484 12.14 -12.4393
12007.1976896 3015.9623231 13.9908 -0.607715 9.68037 0.378027 12.1724 -12.7236
12007.1976909 3015.9623238 13.9889 -0.598145 9.82393 0.339746 12.1387 -12.8863
12007.1976925 3015.9623224 13.9907 -0.660352 9.57988 0.564648 12.1153 -12.6974
12007.1976950 3015.9623217 13.9965 -0.736914 9.69473 0.301465 12.1414 -12.8737
12007.1976985 3015.9623215 13.9963 -0.397168 9.73301 0.411523 12.1221 -12.8441
12007.1977028 3015.9623206 13.9961 -0.512012 9.71387 0.425879 12.1233 -12.8069
12007.1977060 3015.9623184 13.9998 -0.497656 9.57031 0.248828 12.1314 -12.9688
12007.1977114 3015.9623166 14.0034 -0.401953 9.60381 0.607715 12.115 -12.6712
12007.1977153 3015.9623137 14.0106 -0.397168 9.68516 0.588574 12.157 -12.568
12007.1977211 3015.9623122 14.0086 -0.200977 9.66123 0.406738 12.1738 -12.7407
12007.1977241 3015.9623106 14.0084 -0.46416 9.85742 0.239258 12.1537 -12.9814
12007.1977292 3015.9623096 14.0083 -0.507227 9.62773 0.46416 12.1205 -12.8305
12007.1977328 3015.9623068 14.0084 -0.535938 9.73779 0.172266 12.1355 -13.0466
12007.1977371 3015.9623046 14.0067 -0.598145 9.70908 0.440234 12.1085 -12.8673
12007.1977415 3015.9623028 14.0081 -0.397168 9.61338 0.44502 12.1291 -12.7797
12007.1977439 3015.9622996 14.0127 -0.564648 9.6373 0.636426 12.1469 -12.5669
12007.1977483 3015.9622999 14.0106 -0.665137 9.78086 0.114844 12.1744 -13.0245
12007.1977523 3015.9622972 14.0165 -0.492871 9.73301 0.0287109 12.1248 -13.2894
12007.1977552 3015.9622942 14.0206 -0.712988 9.72822 -0.0143555 12.0883 -13.3937
12007.1977600 3015.9622924 14.0207 -0.535938 9.6373 0.526367 12.0705 -12.8672
12007.1977612 3015.9622889 14.0271 -0.976172 9.43154 0.200977 12.1408 -12.9872
12007.1977637 3015.9622890 14.0219 -0.980957 9.60859 -0.0382813 12.13 -13.3181
12007.1977675 3015.9622868 14.0170 -1.20586 9.71865 0.272754 12.0822 -13.1225
12007.1977691 3015.9622852 14.0199 -1.44033 9.68037 -0.378027 12.1035 -13.6704
12007.1977741 3015.9622843 14.0183 -1.12451 9.62295 0.0334961 12.0352 -13.4711
12007.1977800 3015.9622822 14.0171 -1.00967 9.67559 0.191406 12.0508 -13.1983
12007.1977836 3015.9622802 14.0186 -1.14365 9.77607 -0.124414 12.0888 -13.4248
12007.1977865 3015.9622786 14.0189 -1.44033 9.79043 -0.459375 12.065 -13.8656
12007.1977895 3015.9622759 14.0199 -1.49297 9.80957 -0.545508 12.0068 -14.0948
12007.1977951 3015.9622733 14.0218 -1.03838 9.53682 -0.181836 11.9719 -13.7753
12007.1977997 3015.9622712 14.0216 -1.21543 9.54639 -0.344531 12.0079 -13.8006
12007.1978020 3015.9622678 14.0221 -1.78486 9.47461 -0.756055 12.0097 -14.244
12007.1978069 3015.9622629 14.0199 -1.33027 9.34541 -0.162695 11.9516 -13.8131
12007.1978134 3015.9622589 14.0166 -1.24893 9.73779 0.425879 11.9962 -13.0341
12007.1978177 3015.9622557 14.0119 -1.59346 9.68037 -0.287109 12.0969 -13.4977
12007.1978219 3015.9622544 14.0148 -1.00967 9.67559 -0.100488 12.0532 -13.5408
12007.1978279 3015.9622519 14.0153 -1.0958 9.93877 0.191406 12.0426 -13.2362
12007.1978325 3015.9622503 14.0147 -1.84707 9.72344 -1.0001 12.0795 -14.3114
12007.1978398 3015.9622487 14.0205 -0.899609 9.49854 0.162695 11.9524 -13.5562
12007.1978490 3015.9622466 14.0285 -0.698633 9.42676 0.258398 12.0394 -13.1019
12007.1978541 3015.9622441 14.0328 -1.31592 9.67559 -0.0813477 12.112 -13.3306
12007.1978607 3015.9622429 14.0308 -0.545508 9.7665 -0.440234 12.0904 -13.8197
12007.1978652 3015.9622409 14.0296 -1.37813 9.90527 -0.45459 12.0243 -13.9973
12007.1978700 3015.9622400 14.0310 -0.435449 9.68516 0.358887 11.9946 -13.2048
12007.1978758 3015.9622376 14.0281 -0.961816 9.79043 0.411523 12.0891 -12.8492
12007.1978774 3015.9622354 14.0268 -1.1915 9.43154 -0.287109 12.1452 -13.4809
12007.1978822 3015.9622341 14.0268 -1.0623 9.58467 -0.105273 12.072 -13.5627
12007.1978855 3015.9622317 14.0293 -1.08145 9.37891 -0.062207 12.0544 -13.5007
12007.1978885 3015.9622283 14.0276 -1.41162 9.98662 -0.177051 12.0586 -13.5831
12007.1978930 3015.9622269 14.0289 -1.21064 9.66123 -0.46416 12.0498 -13.9017
12007.1978992 3015.9622247 14.0259 -1.30635 9.49375 -0.378027 12.0055 -13.9268
12007.1979052 3015.9622222 14.0224 -1.3207 9.47461 -0.598145 11.9936 -14.1298
12007.1979106 3015.9622194 14.0208 -1.21543 9.79043 0.172266 11.9649 -13.4261
12007.1979152 3015.9622174 14.0093 -1.07666 9.22578 -0.133984 12.0407 -13.4675
12007.1979195 3015.9622137 14.0029 -1.43555 10.69 -0.526367 12.0395 -13.9275
12007.1979239 3015.9622094 14.0047 -2.01934 9.83828 -1.42598 11.9824 -14.991
12007.1979337 3015.9622055 14.0042 -1.60781 9.5416 -0.378027 11.8394 -14.2903
12007.1979440 3015.9622041 14.0081 -0.823047 9.46504 0.143555 11.9138 -13.4221
12007.1979489 3015.9622007 14.0048 -0.272754 9.23535 0.186621 12.0308 -13.1157
12007.1979477 3015.9621941 14.0050 -2.33994 9.5416 0.0382813 12.0849 -13.2283
12007.1979459 3015.9621886 14.0099 -2.94287 9.39326 0.0191406 12.0817 -13.3194
12007.1979519 3015.9621830 14.0090 -3.12471 9.65166 1.35898 12.0689 -12.011
12007.1979583 3015.9621812 14.0117 -2.33037 9.93877 0.0191406 12.2361 -12.8692
12007.1979681 3015.9621811 14.0107 -2.05283 8.88604 0.0669922 12.1473 -13.2383
12007.1979756 3015.9621826 14.0118 -1.56475 9.30713 0.952246 12.09 -12.4287
12007.1979805 3015.9621832 14.0097 -2.31123 9.96748 0.497656 12.1839 -12.5561
12007.1979874 3015.9621850 14.0057 -1.71309 8.46494 0.937891 12.1762 -12.2244
12007.1979922 3015.9621884 14.0079 -1.90928 9.35977 0.947461 12.2193 -12.0888
12007.1980003 3015.9621934 14.0069 0.263184 9.37891 0.531152 12.2412 -12.4845
12007.1980033 3015.9621961 14.0082 -0.717773 9.49854 0.311035 12.1948 -12.8604
12007.1980057 3015.9621980 14.0051 0.287109 9.98662 -0.100488 12.1383 -13.3798
12007.1980063 3015.9621992 14.0038 -0.378027 9.46982 0.45459 12.0639 -12.9767
12007.1980057 3015.9622004 14.0030 0.258398 10.6518 -0.636426 12.105 -13.8753
12007.1980061 3015.9622016 14.0025 -0.277539 8.82383 0.732129 11.9955 -12.8574
12007.1980045 3015.9622015 14.0029 -0.579004 9.66123 0.736914 12.1114 -12.4153
12007.1980047 3015.9622029 14.0006 0.29668 9.30713 0.641211 12.1804 -12.4272
12007.1980033 3015.9622033 13.9995 -0.143555 9.89092 -0.200977 12.1867 -13.3185
12007.1980029 3015.9622031 13.9986 0.062207 9.46504 0.330176 12.0733 -13.1133
12007.1980023 3015.9622029 13.9957 0.0478516 9.81914 -0.119629 12.0825 -13.4185
12007.1980014 3015.9622021 13.9964 0.143555 10.3934 -0.641211 12.0454 -14.0555
12007.1980005 3015.9622021 13.9927 0.172266 9.46025 0.191406 11.9564 -13.4312
12007.1979993 3015.9622010 13.9921 -0.244043 9.91484 -0.0765625 12.024 -13.4176
12007.1979986 3015.9622009 13.9950 -0.497656 9.53203 0.890039 12.0369 -12.4874
12007.1979991 3015.9622021 13.9910 0.0478516 8.96738 0.334961 12.1534 -12.7179
12007.1979975 3015.9622033 13.9941 0.177051 9.26885 0.655566 12.1416 -12.5529
12007.1979980 3015.9622032 13.9895 -0.133984 9.55596 1.05273 12.1571 -12.0916
12007.1979971 3015.9622047 13.9924 -0.344531 9.96748 -0.177051 12.2202 -13.1632
12007.1979981 3015.9622058 13.9926 0.435449 9.39326 0.435449 12.0921 -12.9773
12007.1979978 3015.9622057 13.9923 0.220117 9.62773 0.555078 12.0992 -12.7089
12007.1979973 3015.9622063 13.9951 -0.468945 9.69473 0.277539 12.1367 -12.8924
12007.1979968 3015.9622073 13.9977 0.655566 9.80479 -0.291895 12.1204 -13.5503
12007.1979956 3015.9622071 13.9928 0.0430664 9.7043 0.00478516 12.0303 -13.4836
12007.1979946 3015.9622067 13.9914 0.0430664 10.1063 -0.349316 12.0261 -13.7569
12007.1979945 3015.9622067 13.9926 0.220117 9.61816 0.392383 11.9919 -13.1103
12007.1979939 3015.9622068 13.9920 -0.0957031 9.32148 -0.0287109 12.0693 -13.2767
12007.1979926 3015.9622061 13.9861 0.311035 9.7665 -0.00478516 12.0528 -13.3661
12007.1979919 3015.9622057 13.9836 0.224902 9.52725 0.15791 12.0371 -13.2267
12007.1979905 3015.9622056 13.9747 0.153125 9.71387 0.832617 12.0451 -12.4974
12007.1979899 3015.9622053 13.9702 -0.177051 9.94355 0.205762 12.135 -12.8693
12007.1979889 3015.9622060 13.9660 0.784766 9.56553 0.756055 12.0955 -12.5132
12007.1979872 3015.9622083 13.9532 0.669922 10.446 -0.741699 12.1246 -13.8655
12007.1979842 3015.9622068 13.9504 0.13877 9.64688 -0.421094 11.9537 -14.0529
12007.1979829 3015.9622055 13.9390 -0.196191 8.94346 0.540723 11.8982 -13.0567
12007.1979833 3015.9622065 13.9340 -0.263184 9.58467 -0.368457 12.0135 -13.5743
12007.1979839 3015.9622061 13.9345 0.344531 9.56074 0.90918 11.9628 -12.5568
12007.1979839 3015.9622060 13.9297 1.54082 9.49854 0.660352 12.0816 -12.4093
12007.1979732 3015.9622047 13.9332 -0.961816 9.76172 -2.32559 12.1186 -15.4159
12007.1979627 3015.9621955 13.9359 -4.32578 9.28799 1.10059 11.743 -13.0956
12007.1979653 3015.9621987 13.9329 -1.23936 9.57031 -0.301465 11.9879 -13.4229
12007.1979664 3015.9621994 13.9307 -1.24414 9.60859 -0.703418 11.9755 -14.1008
12007.1979680 3015.9622000 13.9285 -0.631641 9.61816 -0.555078 11.8857 -14.1904
12007.1979691 3015.9621993 13.9285 -1.10537 9.71865 -0.665137 11.8629 -14.2753
12007.1979673 3015.9621986 13.9262 -1.42598 9.56553 0.0526367 11.8472 -13.575
12007.1979665 3015.9621970 13.9302 -1.69873 9.49854 0.200977 11.9378 -13.1616
12007.1979670 3015.9621969 13.9306 -0.741699 9.75215 -1.225 12.0023 -14.4962
12007.1979659 3015.9621958 13.9376 -1.53125 9.43154 1.33506 11.8468 -12.4541
12007.1979638 3015.9621998 13.9404 -1.17236 9.63252 -0.449805 12.0893 -13.4014
12007.1979623 3015.9622040 13.9452 -0.818262 9.64688 -1.11016 12.0038 -14.5554
12007.1979607 3015.9622031 13.9402 -1.24414 9.60859 -1.0958 11.8417 -14.9056
12007.1979590 3015.9622022 13.9402 -1.85664 9.51768 -0.6125 11.7765 -14.4449
12007.1979613 3015.9622065 13.9400 -0.579004 9.64688 -1.22979 11.8266 -14.8545
12007.1979604 3015.9622060 13.9366 -1.22021 9.58945 -1.02881 11.7779 -14.8355
12007.1979587 3015.9622067 13.9335 -1.41162 9.54639 -0.689063 11.7715 -14.4597
12007.1979579 3015.9622066 13.9282 -1.64609 9.52725 -1.01924 11.8138 -14.6537
12007.1979585 3015.9622070 13.9302 -1.3542 9.55596 -1.19629 11.7963 -14.9265
12007.1979588 3015.9622077 13.9297 -1.37813 9.55117 -1.11016 11.7589 -14.9278
12007.1979604 3015.9622046 13.9333 -1.45947 9.53682 -1.0001 11.7571 -14.792
12007.1979579 3015.9622027 13.9402 -1.38291 9.55117 -1.0958 11.7802 -14.8332
12007.1979569 3015.9622035 13.9401 -1.42598 9.54639 -1.08145 11.7778 -14.8485
12007.1979586 3015.9622046 13.9345 -1.43555 9.53682 -1.07188 11.7707 -14.8465
12007.1979589 3015.9622034 13.9388 -1.40205 9.53682 -1.07188 11.7738 -14.8385
12007.1979578 3015.9622030 13.9378 -1.44512 9.53682 -1.11494 11.7743 -14.8813
12007.1979582 3015.9622025 13.9368 -1.44512 9.53682 -1.1293 11.768 -14.912
12007.1979590 3015.9622040 13.9345 -1.45947 9.53682 -1.13408 11.7613 -14.9254
12007.1979587 3015.9622046 13.9369 -1.44512 9.53682 -1.12451 11.7609 -14.9148
12007.1979585 3015.9622040 13.9342 -1.45469 9.53203 -1.13887 11.7598 -14.9268
