12007.1976522 3015.9622840 13.9169 0.143555 9.57031 1.75615 13.8953 -1.09967
12007.1976500 3015.9622826 13.9201 0.354102 9.57031 1.64609 13.9134 -8.14802
12007.1976502 3015.9622813 13.9177 -0.354102 9.68516 1.22979 13.0831 -11.319
12007.1976506 3015.9622813 13.9179 0.416309 9.57988 1.45469 12.3907 -11.9107
12007.1976499 3015.9622811 13.9184 0.0143555 9.61338 1.42598 12.2089 -11.6906
12007.1976501 3015.9622808 13.9173 -0.665137 9.74736 0.971387 12.2128 -11.9502
12007.1976532 3015.9622831 13.9161 0.60293 9.46025 2.15332 12.1788 -10.8662
12007.1976536 3015.9622829 13.9172 0.0239258 9.5751 1.72744 12.3133 -10.8788
12007.1976540 3015.9622833 13.9210 0.344531 9.52725 1.84707 12.3321 -10.8473
12007.1976541 3015.9622827 13.9169 -0.0478516 9.57988 1.55518 12.335 -11.1425
12007.1976546 3015.9622831 13.9169 0.425879 9.55596 1.67002 12.2978 -11.1359
12007.1976546 3015.9622835 13.9161 0.0478516 9.57031 1.75137 12.2932 -11.0289
12007.1976541 3015.9622827 13.9181 0.0334961 9.55117 1.804 12.3079 -10.9335
12007.1976544 3015.9622833 13.9180 0.110059 9.59424 1.804 12.3219 -10.9086
12007.1976535 3015.9622824 13.9184 0.512012 9.50811 1.84229 12.3272 -10.87
12007.1976519 3015.9622815 13.9186 0.177051 9.5416 1.77051 12.3329 -10.9311
12007.1976498 3015.9622797 13.9205 -0.110059 9.59424 1.53604 12.3275 -11.1901
12007.1976489 3015.9622786 13.9184 -0.531152 9.64209 1.41162 12.2921 -11.4058
12007.1976461 3015.9622781 13.9204 -0.0239258 9.60859 1.37334 12.2619 -11.4979
12007.1976448 3015.9622788 13.9193 0.47373 9.61816 0.957031 12.2453 -11.9288
12007.1976417 3015.9622769 13.9236 0.0382813 9.68994 0.607715 12.1922 -12.4201
12007.1976397 3015.9622740 13.9199 0.110059 9.68037 0.674707 12.1196 -12.4987
12007.1976398 3015.9622732 13.9171 -0.741699 9.71865 0.746484 12.098 -12.4106
12007.1976386 3015.9622713 13.9205 -0.30625 9.66123 0.866113 12.1094 -12.2432
12007.1976399 3015.9622725 13.9194 -0.31582 9.68516 0.775195 12.1312 -12.2818
12007.1976407 3015.9622721 13.9204 -0.291895 9.66123 0.952246 12.1299 -12.1319
12007.1976410 3015.9622720 13.9189 -0.30625 9.66602 0.952246 12.1475 -12.078
12007.1976415 3015.9622724 13.9160 -0.205762 9.68994 1.11016 12.1541 -11.9138
12007.1976428 3015.9622726 13.9172 -0.00957031 9.61338 1.22979 12.1769 -11.7384
12007.1976419 3015.9622718 13.9183 -0.229688 9.65645 1.0001 12.203 -11.9187
12007.1976412 3015.9622725 13.9178 -0.354102 9.69473 0.794336 12.183 -12.2065
12007.1976420 3015.9622734 13.9150 -0.153125 9.62773 1.15801 12.1414 -11.9356
12007.1976422 3015.9622731 13.9155 -0.210547 9.64209 1.12451 12.171 -11.8445
12007.1976422 3015.9622730 13.9174 -0.330176 9.68037 0.933105 12.188 -12.0208
12007.1976421 3015.9622737 13.9169 -0.258398 9.66123 1.02881 12.1673 -11.9998
12007.1976415 3015.9622733 13.9112 -0.47373 9.69951 0.846973 12.1624 -12.1645
12007.1976426 3015.9622731 13.9147 -0.162695 9.63252 1.13887 12.1438 -11.9266
12007.1976420 3015.9622733 13.9139 -0.162695 9.63252 1.15801 12.1711 -11.8103
12007.1976417 3015.9622734 13.9154 -0.411523 9.69473 0.885254 12.1906 -12.0576
12007.1976420 3015.9622738 13.9145 -0.114844 9.61338 1.23936 12.1609 -11.8058
12007.1976421 3015.9622734 13.9149 -0.291895 9.66602 1.02881 12.1895 -11.9062
12007.1976420 3015.9622733 13.9169 -0.244043 9.64688 1.10059 12.1821 -11.8877
12007.1976414 3015.9622737 13.9175 -0.282324 9.65645 1.07666 12.184 -11.8998
12007.1976426 3015.9622733 13.9153 -0.344531 9.6708 1.02402 12.1808 -11.9595
12007.1976422 3015.9622730 13.9173 -0.339746 9.68994 0.899609 12.1745 -12.1021
12007.1976429 3015.9622752 13.9147 -0.574219 9.70908 0.861328 12.1533 -12.1894
12007.1976446 3015.9622760 13.9179 -0.330176 9.69473 0.947461 12.1423 -12.1192
12007.1976497 3015.9622781 13.9198 0.47373 9.45068 2.15811 12.1515 -10.8749
12007.1976513 3015.9622792 13.9216 0.861328 9.43633 2.12939 12.3126 -10.4598
12007.1976513 3015.9622779 13.9235 0.224902 9.5416 1.92363 12.3876 -10.6176
12007.1976539 3015.9622782 13.9170 0.287109 9.56074 1.78965 12.3713 -10.8606
12007.1976522 3015.9622777 13.9204 0.684277 9.46504 2.09111 12.3413 -10.6342
12007.1976512 3015.9622758 13.9157 -0.0957031 9.61338 1.61738 12.3622 -11.0101
12007.1976501 3015.9622762 13.9108 0.0382813 9.65645 1.28721 12.3128 -11.4923
12007.1976492 3015.9622762 13.9140 0.172266 9.61816 1.52646 12.2479 -11.3933
12007.1976511 3015.9622772 13.9044 -0.0430664 9.51768 2.17725 12.2439 -10.6714
12007.1976520 3015.9622797 13.9081 1.07666 9.42676 2.44043 12.3384 -10.143
12007.1976529 3015.9622782 13.9034 -0.200977 9.68994 1.36855 12.4136 -11.0879
12007.1976543 3015.9622794 13.9139 0.124414 9.60381 1.49775 12.3121 -11.3407
12007.1976544 3015.9622795 13.9213 1.30156 9.35977 2.81367 12.2735 -10.0463
12007.1976513 3015.9622760 13.9217 -1.39248 9.86221 0.866113 12.4336 -11.5022
12007.1976499 3015.9622779 13.9203 1.06709 9.46982 1.82793 12.2675 -11.1686
12007.1976494 3015.9622761 13.9262 0.133984 9.56553 1.75615 12.294 -11.0101
12007.1976477 3015.9622740 13.9226 -0.177051 9.7043 1.19629 12.3144 -11.5321
12007.1976495 3015.9622749 13.9240 -0.0191406 9.62773 1.6748 12.2518 -11.2539
12007.1976487 3015.9622751 13.9255 0.143555 9.65645 1.53125 12.2805 -11.2562
12007.1976475 3015.9622750 13.9293 0.90918 9.52725 1.35898 12.2872 -11.4452
12007.1976487 3015.9622748 13.9275 0.421094 9.46025 2.03848 12.2624 -10.8393
12007.1976477 3015.9622742 13.9335 0.488086 9.32627 1.85664 12.3416 -10.783
12007.1976456 3015.9622735 13.9347 0.119629 9.40762 1.78965 12.3599 -10.8795
12007.1976451 3015.9622753 13.9351 -0.0382813 9.57988 0.698633 12.3503 -12.0168
12007.1976471 3015.9622773 13.9389 1.02881 9.55596 2.18682 12.2077 -10.9301
12007.1976467 3015.9622796 13.9358 0.267969 9.72822 0.976172 12.3251 -11.6597
12007.1976472 3015.9622816 13.9367 0.650781 9.62295 1.52646 12.248 -11.447
12007.1976469 3015.9622831 13.9395 0.502441 9.62295 1.07188 12.2677 -11.7738
12007.1976493 3015.9622856 13.9365 0.31582 9.69473 1.59824 12.226 -11.3797
12007.1976494 3015.9622864 13.9406 0.540723 9.68994 0.904395 12.2744 -11.9022
12007.1976509 3015.9622881 13.9377 0.287109 9.50811 1.36377 12.2115 -11.6641
12007.1976535 3015.9622908 13.9408 0.397168 9.81436 1.24893 12.2366 -11.6509
12007.1976549 3015.9622941 13.9389 0.512012 9.45068 1.23936 12.2398 -11.6729
12007.1976558 3015.9622955 13.9405 0.29668 9.57031 1.2585 12.2388 -11.6627
12007.1976594 3015.9622973 13.9428 0.46416 9.63252 1.29199 12.2419 -11.6234
12007.1976616 3015.9622989 13.9412 0.416309 9.71387 1.13887 12.2459 -11.7654
12007.1976661 3015.9623014 13.9397 0.244043 9.71865 1.51689 12.2271 -11.4421
12007.1976696 3015.9623028 13.9398 0.114844 9.57988 1.85664 12.2659 -10.9737
12007.1976729 3015.9623055 13.9408 0.267969 9.69473 1.59346 12.3313 -11.0922
12007.1976725 3015.9623092 13.9451 0.224902 9.3167 1.2585 12.3283 -11.5089
12007.1976759 3015.9623131 13.9422 0.0382813 9.52246 1.22979 12.2724 -11.6878
12007.1976791 3015.9623196 13.9412 0.46416 9.84785 1.59824 12.2416 -11.3488
12007.1976817 3015.9623237 13.9429 0.483301 9.76172 1.24414 12.2823 -11.5598
12007.1976844 3015.9623271 13.9459 0.267969 9.66602 1.21064 12.2633 -11.6936
12007.1976888 3015.9623309 13.9468 0.0813477 9.5416 1.31592 12.2446 -11.6238
12007.1976931 3015.9623336 13.9519 0.282324 9.68516 1.04316 12.2556 -11.8561
12007.1976974 3015.9623363 13.9546 0.15791 9.62295 1.23936 12.2298 -11.749
12007.1977010 3015.9623389 13.9558 -0.0239258 9.58945 1.40684 12.2412 -11.5256
12007.1977043 3015.9623426 13.9526 0.0813477 9.51768 1.54082 12.2682 -11.3204
12007.1977060 3015.9623455 13.9557 -0.0957031 9.58945 0.851758 12.3005 -11.9509
12007.1977075 3015.9623471 13.9546 -0.196191 9.64209 0.732129 12.2234 -12.3191
12007.1977097 3015.9623505 13.9567 -0.124414 9.56074 1.21543 12.1686 -11.918
12007.1977116 3015.9623531 13.9568 0.0334961 9.52246 0.468945 12.2127 -12.4847
12007.1977165 3015.9623573 13.9554 -0.0861328 9.82393 1.37813 12.145 -11.809
12007.1977170 3015.9623603 13.9591 0.143555 9.81914 0.239258 12.2256 -12.6585
12007.1977196 3015.9623633 13.9590 0.090918 9.48418 1.1915 12.1277 -12.0642
12007.1977213 3015.9623663 13.9541 -0.215332 9.64209 0.387598 12.1866 -12.5943
12007.1977222 3015.9623690 13.9574 -0.440234 9.60381 0.799121 12.1295 -12.4095
12007.1977229 3015.9623712 13.9550 0.0717773 9.45068 0.46416 12.1437 -12.6428
12007.1977245 3015.9623748 13.9584 -0.244043 9.56074 0.483301 12.1187 -12.7147
12007.1977262 3015.9623747 13.9543 -0.60293 9.72822 0.741699 12.1028 -12.4689
12007.1977259 3015.9623775 13.9566 0.205762 9.71387 0.253613 12.1341 -12.8568
12007.1977274 3015.9623781 13.9539 -0.459375 9.6373 0.913965 12.0864 -12.358
12007.1977277 3015.9623775 13.9588 -0.124414 9.7043 0.368457 12.148 -12.69
12007.1977285 3015.9623779 13.9588 -0.215332 9.67559 0.6125 12.1136 -12.6051
12007.1977270 3015.9623767 13.9591 -0.200977 9.50811 0.6125 12.1203 -12.5523
12007.1977279 3015.9623777 13.9560 -0.0861328 9.7665 0.416309 12.1252 -12.7357
12007.1977274 3015.9623774 13.9596 -0.301465 9.72822 0.765625 12.1056 -12.4533
12007.1977277 3015.9623776 13.9563 0.0287109 9.55117 0.354102 12.1362 -12.7526
12007.1977279 3015.9623782 13.9537 -0.0813477 9.51768 0.430664 12.0997 -12.8052
12007.1977269 3015.9623764 13.9530 -0.272754 9.5751 0.6125 12.0878 -12.6194
12007.1977295 3015.9623772 13.9492 -0.531152 9.60381 0.334961 12.1066 -12.8248
12007.1977280 3015.9623754 13.9460 -0.598145 9.74736 0.354102 12.08 -12.8937
12007.1977279 3015.9623764 13.9486 -0.406738 9.52246 0.574219 12.0702 -12.6799
12007.1977269 3015.9623780 13.9428 0.224902 9.78086 0.373242 12.0911 -12.8011
12007.1977281 3015.9623787 13.9360 -0.205762 9.62773 0.339746 12.0723 -12.896
12007.1977296 3015.9623789 13.9371 -0.923535 9.7665 0.765625 12.0588 -12.4917
12007.1977284 3015.9623791 13.9355 -0.440234 10.2259 0.301465 12.1072 -12.8025
12007.1977293 3015.9623770 13.9369 -0.244043 9.66602 0.832617 12.075 -12.4134
12007.1977322 3015.9623769 13.9335 -0.6125 9.70908 0.827832 12.1175 -12.2595
12007.1977340 3015.9623756 13.9330 -1.06709 9.66602 0.971387 12.142 -12.0879
12007.1977333 3015.9623754 13.9323 -0.813477 9.64209 0.942676 12.1664 -12.0709
12007.1977347 3015.9623764 13.9316 -0.784766 9.66123 0.827832 12.171 -12.1956
12007.1977338 3015.9623772 13.9274 -0.674707 9.66602 0.746484 12.1521 -12.3276
12007.1977337 3015.9623770 13.9303 -0.846973 9.65645 0.846973 12.1354 -12.2607
12007.1977339 3015.9623763 13.9284 -0.823047 9.65645 0.856543 12.1401 -12.2176
12007.1977330 3015.9623763 13.9294 -0.636426 9.66123 0.717773 12.1471 -12.3432
12007.1977333 3015.9623765 13.9279 -0.669922 9.66602 0.684277 12.1307 -12.4274
12007.1977342 3015.9623766 13.9276 -0.741699 9.64209 0.842188 12.1176 -12.2896
12007.1977329 3015.9623757 13.9303 -0.741699 9.65166 0.866113 12.1358 -12.2058
12007.1977332 3015.9623762 13.9282 -0.727344 9.66123 0.789551 12.147 -12.2652
12007.1977330 3015.9623755 13.9256 -0.62207 9.66123 0.727344 12.1386 -12.3576
12007.1977351 3015.9623764 13.9271 -0.732129 9.66123 0.794336 12.1271 -12.3176
12007.1977353 3015.9623779 13.9188 -1.24414 9.51768 1.06709 12.1234 -12.0284
12007.1977333 3015.9623750 13.9242 -0.899609 9.68037 0.75127 12.1645 -12.2342
12007.1977332 3015.9623762 13.9228 -0.660352 9.64688 0.77041 12.1423 -12.3164
12007.1977331 3015.9623765 13.9243 -0.842188 9.6708 0.732129 12.1303 -12.3691
12007.1977331 3015.9623757 13.9263 -0.732129 9.63252 0.894824 12.1238 -12.2165
12007.1977334 3015.9623759 13.9233 -0.449805 9.57031 0.775195 12.1398 -12.2789
12007.1977340 3015.9623772 13.9223 -0.971387 9.66602 0.813477 12.133 -12.274
12007.1977340 3015.9623772 13.9259 -0.827832 9.71387 0.593359 12.136 -12.4857
12007.1977348 3015.9623785 13.9232 -0.30625 9.61816 0.722559 12.107 -12.4364
12007.1977336 3015.9623772 13.9237 -0.851758 9.67559 0.913965 12.1101 -12.2084
12007.1977345 3015.9623777 13.9236 -0.650781 9.65645 0.660352 12.1394 -12.3818
12007.1977335 3015.9623767 13.9276 -0.961816 9.66123 0.799121 12.1245 -12.3217
12007.1977337 3015.9623773 13.9242 -0.818262 9.66123 0.775195 12.1273 -12.3167
12007.1977346 3015.9623773 13.9230 -0.799121 9.64688 0.832617 12.1273 -12.26
12007.1977337 3015.9623777 13.9230 -0.813477 9.65166 0.803906 12.1345 -12.2682
12007.1977345 3015.9623788 13.9220 -0.665137 9.65166 0.818262 12.1335 -12.2621
12007.1977338 3015.9623784 13.9252 -0.645996 9.62773 0.851758 12.1369 -12.2237
12007.1977337 3015.9623770 13.9223 -0.712988 9.6373 0.832617 12.1397 -12.2331
12007.1977325 3015.9623771 13.9227 -0.689063 9.64688 0.698633 12.1392 -12.3719
12007.1977328 3015.9623764 13.9210 -1.03838 9.68516 0.617285 12.12 -12.5041
12007.1977325 3015.9623765 13.9205 -1.1293 9.68994 0.507227 12.1003 -12.6499
12007.1977328 3015.9623750 13.9220 -0.756055 9.61816 0.717773 12.0805 -12.4783
12007.1977306 3015.9623743 13.9202 -1.07188 9.66123 0.564648 12.0983 -12.5581
12007.1977315 3015.9623747 13.9210 -1.00967 9.64209 0.756055 12.0911 -12.4063
12007.1977310 3015.9623742 13.9200 -0.923535 9.68037 0.502441 12.1086 -12.6013
12007.1977316 3015.9623739 13.9211 -0.985742 9.6373 0.636426 12.087 -12.5481
12007.1977327 3015.9623733 13.9219 -1.11494 9.65645 0.478516 12.0917 -12.6725
12007.1977323 3015.9623734 13.9224 -1.12451 9.63252 0.559863 12.0769 -12.6387
12007.1977322 3015.9623740 13.9228 -1.1293 9.62773 0.579004 12.0797 -12.5976
12007.1977315 3015.9623739 13.9228 -1.17236 9.63252 0.531152 12.0853 -12.6324
12007.1977326 3015.9623752 13.9196 -1.16279 9.62773 0.550293 12.0788 -12.6315
12007.1977313 3015.9623742 13.9216 -1.18672 9.62295 0.535938 12.0798 -12.64
12007.1977312 3015.9623738 13.9196 -1.20107 9.62773 0.516797 12.0771 -12.6642
12007.1977312 3015.9623734 13.9204 -1.20107 9.62773 0.521582 12.0744 -12.6659
12007.1977317 3015.9623746 13.9196 -1.20107 9.62295 0.516797 12.0731 -12.67
12007.1977311 3015.9623745 13.9173 -1.21543 9.62773 0.512012 12.0704 -12.677
12007.1977332 3015.9623751 13.9149 -1.22021 9.62295 0.502441 12.0671 -12.6889
12007.1977327 3015.9623752 13.9156 -1.225 9.62773 0.502441 12.0658 -12.6906
12007.1977336 3015.9623759 13.9157 -1.225 9.61816 0.502441 12.0655 -12.6903
12007.1977339 3015.9623760 13.9171 -1.22979 9.62295 0.492871 12.0667 -12.6987
12007.1977326 3015.9623756 13.9232 -1.22979 9.61816 0.497656 12.0711 -12.6938
12007.1977339 3015.9623756 13.9252 -1.23936 9.61816 0.483301 12.074 -12.7079
12007.1977343 3015.9623757 13.9272 -1.24414 9.62295 0.483301 12.0744 -12.7136
12007.1977338 3015.9623760 13.9282 -1.24414 9.62773 0.483301 12.0745 -12.7152
12007.1977330 3015.9623757 13.9229 -1.25371 9.61816 0.483301 12.0697 -12.7193
12007.1977341 3015.9623760 13.9235 -1.2585 9.61816 0.478516 12.0691 -12.7221
12007.1977333 3015.9623756 13.9245 -1.2585 9.62295 0.47373 12.0696 -12.7269
12007.1977343 3015.9623755 13.9283 -1.26328 9.61816 0.47373 12.0723 -12.7265
12007.1977327 3015.9623747 13.9264 -1.26807 9.61816 0.478516 12.0711 -12.7245
12007.1977332 3015.9623752 13.9221 -1.27285 9.61816 0.46416 12.0674 -12.7401
12007.1977334 3015.9623761 13.9257 -1.26807 9.61816 0.46416 12.0681 -12.7411
12007.1977322 3015.9623742 13.9266 -1.27285 9.62295 0.46416 12.0689 -12.7413
12007.1977332 3015.9623750 13.9291 -1.28242 9.61816 0.459375 12.0711 -12.7451
12007.1977333 3015.9623753 13.9259 -1.27764 9.61816 0.45459 12.0681 -12.7547
12007.1977331 3015.9623743 13.9279 -1.28721 9.61816 0.459375 12.0683 -12.7502
12007.1977351 3015.9623763 13.9234 -1.29199 9.61816 0.459375 12.0649 -12.7515
12007.1977335 3015.9623781 13.9222 -1.28721 9.61816 0.459375 12.0633 -12.7506
12007.1977299 3015.9623729 13.9360 -1.29678 9.62295 0.45459 12.0752 -12.7452
12007.1977302 3015.9623737 13.9338 -1.29199 9.61816 0.449805 12.0755 -12.7571
12007.1977317 3015.9623766 13.9336 -1.29199 9.61816 0.449805 12.0739 -12.7617
12007.1977326 3015.9623798 13.9310 -1.29678 9.62295 0.45459 12.0708 -12.7592
12007.1977322 3015.9623794 13.9263 -1.30156 9.61816 0.44502 12.0666 -12.7689
12007.1977325 3015.9623801 13.9255 -1.30156 9.61816 0.449805 12.0642 -12.7655
12007.1977319 3015.9623790 13.9255 -1.30156 9.61816 0.435449 12.0643 -12.777
12007.1977289 3015.9623778 13.9303 -1.30635 9.61816 0.435449 12.067 -12.7782
12007.1977327 3015.9623763 13.9145 -1.31113 9.61338 0.430664 12.0534 -12.7952
12007.1977301 3015.9623802 13.9181 -1.30635 9.61816 0.430664 12.0527 -12.7904
12007.1977271 3015.9623740 13.9222 -1.31113 9.61816 0.430664 12.0568 -12.7855
12007.1977269 3015.9623750 13.9171 -1.31592 9.61338 0.430664 12.0535 -12.7897
12007.1977270 3015.9623765 13.9184 -1.31592 9.61338 0.425879 12.0537 -12.793
12007.1977289 3015.9623770 13.9151 -1.3207 9.61338 0.425879 12.0504 -12.7964
12007.1977285 3015.9623763 13.9187 -1.3207 9.61816 0.425879 12.0527 -12.7933
12007.1977289 3015.9623781 13.9156 -1.3207 9.60859 0.421094 12.0507 -12.8004
12007.1977286 3015.9623783 13.9173 -1.3207 9.61816 0.425879 12.051 -12.7958
12007.1977287 3015.9623776 13.9151 -1.3207 9.61816 0.421094 12.0497 -12.8005
12007.1977293 3015.9623774 13.9128 -1.3207 9.61338 0.425879 12.0469 -12.7981
