12007.1266464 3015.6937505 16.6646 -4.05303 7.86201 1.15801 16.6387 -0.326788
12007.1266466 3015.6937599 16.6765 -1.46904 9.61816 -0.722559 16.6743 -10.4909
12007.1266474 3015.6937737 16.6842 -0.325391 9.3502 -0.856543 15.6091 -14.1929
12007.1266491 3015.6937928 16.6975 -2.51699 8.74248 1.0958 14.7773 -13.1483
12007.1266488 3015.6938083 16.7047 -1.4834 9.02002 1.08145 14.7869 -12.2256
12007.1266524 3015.6938224 16.7087 -1.4499 9.0583 0.784766 14.9089 -12.1933
12007.1266517 3015.6938336 16.7033 -0.765625 9.70908 -0.382812 14.9235 -13.4317
12007.1266423 3015.6938388 16.7004 -0.526367 9.23057 0.105273 14.7652 -13.4014
12007.1266265 3015.6938474 16.6988 -0.382812 9.30713 0.363672 14.7475 -13.0318
12007.1266068 3015.6938583 16.6947 -0.363672 9.07266 1.13887 14.7887 -12.1147
12007.1265842 3015.6938724 16.6798 0.287109 10.2163 1.26328 14.8976 -11.6955
12007.1265706 3015.6938907 16.6753 -0.0430664 10.4412 1.10537 14.9609 -11.7748
12007.1265606 3015.6939169 16.6697 -0.421094 10.1828 0.535938 14.954 -12.4168
12007.1265473 3015.6939458 16.6442 0.0765625 9.4124 1.20586 14.8491 -11.9903
12007.1265409 3015.6939776 16.6520 -0.339746 9.68037 1.33027 14.8969 -11.6401
12007.1265315 3015.6940120 16.6557 -0.162695 8.98652 1.78008 14.9507 -11.0921
12007.1265253 3015.6940473 16.6565 0.301465 10.5465 0.392383 15.028 -12.3162
12007.1265184 3015.6940800 16.6539 0.526367 9.29277 0.655566 14.8798 -12.5455
12007.1265134 3015.6941216 16.6490 -0.961816 9.04873 2.16768 14.8275 -11.0244
12007.1265163 3015.6941597 16.6234 -1.03838 9.26885 1.83271 14.9921 -10.7938
12007.1265392 3015.6942001 16.6083 -0.937891 10.4938 -0.248828 15.0292 -12.9071
12007.1265600 3015.6942321 16.5880 -1.04795 10.3455 1.56475 14.7473 -11.8922
12007.1265885 3015.6942666 16.6000 -1.804 12.5036 0.976172 14.851 -11.9269
12007.1266278 3015.6942930 16.6229 -2.76104 8.62764 0.866113 14.8798 -12.1012
12007.1266791 3015.6943078 16.6449 -1.06709 7.79502 0.449805 14.8805 -12.5847
12007.1267219 3015.6943192 16.6299 -0.368457 9.85264 -0.00478516 14.8059 -13.2236
12007.1267675 3015.6943228 16.6336 0.382812 9.84785 0.712988 14.7184 -12.6862
12007.1268162 3015.6943266 16.6290 0.555078 9.92441 0.492871 14.7716 -12.6595
12007.1268667 3015.6943220 16.6205 -1.07188 9.00566 0.756055 14.7744 -12.4261
12007.1269214 3015.6943156 16.6044 -0.124414 10.3838 1.92842 14.7904 -11.1817
12007.1269863 3015.6943059 16.6064 -0.0526367 15.0924 0.507227 14.9525 -12.1631
12007.1270513 3015.6942989 16.6456 -0.607715 8.63721 -0.191406 14.8824 -13.2943
12007.1271088 3015.6942899 16.6683 0.373242 6.79492 2.57441 14.7494 -10.877
12007.1271732 3015.6942786 16.6642 1.17715 8.2209 0.478516 15.0365 -12.0188
12007.1272421 3015.6942720 16.6366 0.559863 8.9291 1.871 14.9036 -11.2393
12007.1273144 3015.6942668 16.6202 1.2585 13.0587 0.588574 14.9716 -12.1662
12007.1273941 3015.6942622 16.6280 -0.421094 10.9389 2.04805 14.8691 -11.0794
12007.1274723 3015.6942602 16.6410 0.00478516 8.27832 0.579004 15.0057 -12.0827
12007.1275420 3015.6942535 16.6581 0.91875 7.12031 1.53604 14.9104 -11.5639
12007.1276143 3015.6942448 16.6416 0.440234 8.26875 0.985742 14.9499 -11.8767
12007.1276918 3015.6942410 16.6263 -0.0861328 10.8001 1.95713 14.9017 -11.0531
12007.1277637 3015.6942298 16.6078 -0.196191 13.9487 2.15332 14.9842 -10.541
12007.1278411 3015.6942177 16.6325 -0.894824 10.0201 -0.559863 15.0815 -13.1065
12007.1279069 3015.6942047 16.6597 -0.0574219 7.01025 2.8376 14.7911 -10.6788
12007.1279781 3015.6941916 16.6655 1.00488 8.75684 -0.0717773 15.0682 -12.5235
12007.1280518 3015.6941805 16.6661 0.483301 8.76641 1.91885 14.8692 -11.3748
12007.1281266 3015.6941699 16.6473 0.636426 10.4221 2.21553 14.9736 -10.5487
12007.1282078 3015.6941574 16.6401 0.411523 12.5419 1.30635 15.0858 -11.2315
12007.1282870 3015.6941411 16.6513 -0.330176 9.68037 -0.172266 15.0229 -13.0208
12007.1283546 3015.6941286 16.6718 2.48828 8.10605 -1.00967 14.8051 -14.45
12007.1284239 3015.6941232 16.6820 2.16768 7.37393 -0.272754 14.6045 -14.0827
12007.1284908 3015.6941233 16.6686 0.727344 8.64199 1.79443 14.614 -11.7633
12007.1285597 3015.6941166 16.6470 3.07686 12.4845 2.46436 14.8915 -10.277
12007.1286365 3015.6941065 16.6599 0.708203 11.5131 -1.03838 15.1272 -13.413
12007.1287012 3015.6941026 16.6924 -0.325391 6.17285 3.8042 14.7865 -9.83106
12007.1287751 3015.6940870 16.6874 -0.440234 8.89561 0.799121 15.1946 -11.33
12007.1288494 3015.6940694 16.6673 0.985742 8.35488 2.44521 15.0382 -10.4981
12007.1289253 3015.6940524 16.6400 0.799121 10.7379 1.05273 15.1003 -11.5082
12007.1290037 3015.6940344 16.6167 1.00967 11.0059 0.904395 14.9594 -12.0753
12007.1290832 3015.6940213 16.6149 1.56953 10.647 -0.00957031 14.8677 -13.1048
12007.1291624 3015.6940082 16.6334 0.378027 7.37393 1.28721 14.7412 -12.1087
12007.1292353 3015.6939906 16.6241 1.16758 7.82852 1.0001 14.8437 -11.9618
12007.1293123 3015.6939767 16.5964 1.0958 9.40762 2.04805 14.8513 -10.9441
12007.1293915 3015.6939582 16.5816 1.3542 12.2404 1.34463 14.9688 -11.2949
12007.1294707 3015.6939424 16.6008 0.775195 11.9294 -0.75127 14.9559 -13.5802
12007.1295421 3015.6939378 16.6307 0.492871 6.49824 1.9332 14.6896 -11.6923
12007.1296176 3015.6939290 16.6211 0.732129 9.16357 0.124414 14.8875 -12.6562
12007.1296939 3015.6939241 16.6167 0.559863 8.87168 1.90928 14.7862 -11.3483
12007.1297702 3015.6939139 16.5971 0.799121 11.0537 2.11025 14.9226 -10.6235
12007.1298509 3015.6939047 16.5884 -1.24414 12.7189 1.22021 15.0246 -11.345
12007.1299314 3015.6938924 16.6149 0.334961 9.10137 0.741699 14.9689 -12.1319
12007.1300062 3015.6938830 16.6215 1.11016 6.84756 0.105273 14.8675 -13.0122
12007.1300806 3015.6938750 16.6125 1.29678 8.07256 1.37334 14.7347 -12.0025
12007.1301611 3015.6938657 16.5897 0.717773 10.891 1.66045 14.8264 -11.2809
12007.1302437 3015.6938529 16.5771 0.971387 14.1976 0.277539 14.9189 -12.4704
12007.1303246 3015.6938459 16.6072 1.36377 8.9291 0.191406 14.8056 -13.0253
12007.1304007 3015.6938430 16.6228 -0.344531 6.12979 2.48828 14.7341 -10.846
12007.1304772 3015.6938346 16.6190 1.37334 8.39795 0.62207 14.999 -11.8833
12007.1305568 3015.6938314 16.6099 -0.272754 9.97705 2.22988 14.8928 -10.8247
12007.1306397 3015.6938237 16.5928 0.76084 10.8097 4.71816 14.9991 -7.89769
12007.1307286 3015.6938101 16.5957 1.07666 10.6135 0.846973 15.3876 -10.7796
12007.1308142 3015.6938010 16.6215 -0.846973 7.17773 1.04795 15.0928 -11.8497
12007.1308962 3015.6937874 16.6141 -0.0287109 7.82373 0.952246 14.9127 -12.1475
12007.1309780 3015.6937679 16.6035 0.287109 9.6373 1.69873 14.8426 -11.3999
12007.1310594 3015.6937499 16.5874 1.91885 12.9917 0.205762 14.9148 -12.5889
12007.1311422 3015.6937299 16.5956 1.56475 10.5513 -0.282324 14.7798 -13.5465
12007.1312192 3015.6937269 16.6293 -0.339746 5.93838 2.60791 14.6702 -10.8937
12007.1312969 3015.6937121 16.6282 0.483301 7.62275 0.60293 14.9929 -11.8729
12007.1313764 3015.6936998 16.6156 1.48818 9.40283 2.0959 14.8983 -10.9473
12007.1314575 3015.6936862 16.5859 0.942676 11.7811 3.34004 14.9782 -9.32797
12007.1315465 3015.6936727 16.5833 -1.62695 11.0824 2.50742 15.1921 -9.62944
12007.1316334 3015.6936550 16.6044 -1.05273 8.01035 1.01445 15.1994 -11.3544
12007.1317091 3015.6936281 16.6254 0.574219 7.1873 0.722559 14.9991 -12.2595
12007.1317829 3015.6936036 16.6051 1.55518 9.19707 1.52168 14.8408 -11.6716
12007.1318645 3015.6935810 16.5894 1.53604 11.7619 1.7083 14.8817 -11.1818
12007.1319432 3015.6935568 16.5965 -0.143555 12.2979 0.0382813 14.9555 -12.6969
12007.1320128 3015.6935373 16.6195 2.00977 6.87627 1.9667 14.7921 -11.3472
12007.1320878 3015.6935242 16.6262 0.172266 8.65635 0.263184 14.9489 -12.4553
12007.1321597 3015.6935073 16.6054 1.87578 8.88604 1.57432 14.8097 -11.6573
12007.1322330 3015.6934948 16.5671 1.22979 11.0824 1.54561 14.8601 -11.3338
12007.1323125 3015.6934803 16.5536 1.27285 10.4938 3.69414 14.8959 -9.10944
12007.1323936 3015.6934643 16.5496 0.555078 11.0872 1.99541 15.18 -10.0316
12007.1324682 3015.6934464 16.5752 0.210547 8.15391 1.11494 15.1212 -11.4099
12007.1325420 3015.6934304 16.5722 0.92832 7.20645 0.813477 14.9357 -12.1726
12007.1326155 3015.6934102 16.5617 1.07188 9.86221 1.36855 14.8059 -11.7806
12007.1326936 3015.6933918 16.5429 1.87578 10.7475 2.08154 14.8228 -10.8553
12007.1327721 3015.6933757 16.5421 1.18193 13.609 -1.21543 14.942 -13.83
12007.1328438 3015.6933655 16.5723 0.267969 7.37393 1.97148 14.605 -11.7725
12007.1329169 3015.6933524 16.5701 0.669922 7.91943 0.942676 14.822 -11.8454
12007.1329942 3015.6933397 16.5562 1.57432 9.0583 1.65088 14.8282 -11.3112
12007.1330743 3015.6933251 16.5455 0.45459 11.2451 0.971387 14.8877 -11.8088
12007.1331601 3015.6933109 16.5393 -1.05752 11.5418 1.871 14.8265 -11.1306
12007.1332436 3015.6932942 16.5517 -0.378027 10.3694 0.397168 14.9158 -12.3129
12007.1333183 3015.6932764 16.5590 1.07666 6.81885 0.631641 14.7831 -12.5571
12007.1333933 3015.6932597 16.5529 0.880469 8.27832 1.00488 14.7299 -12.191
12007.1334721 3015.6932411 16.5423 1.28242 9.89092 2.7084 14.7604 -10.3282
12007.1335537 3015.6932231 16.5317 -1.89492 13.7238 0.0574219 14.9921 -12.3338
12007.1336256 3015.6932121 16.5390 2.02412 9.57988 0.220117 14.7727 -13.0378
12007.1336934 3015.6932074 16.5554 0.569434 8.27832 0.550293 14.6696 -12.8106
12007.1337639 3015.6932086 16.5518 1.14844 7.80938 0.330176 14.6822 -12.8852
12007.1338330 3015.6932135 16.5469 1.03359 10.4316 0.253613 14.67 -12.9998
12007.1339027 3015.6932254 16.5340 -1.44033 12.317 0.660352 14.6426 -12.6349
12007.1339620 3015.6932377 16.5338 0.607715 10.8575 0.45459 14.6854 -12.6917
12007.1340205 3015.6932502 16.5630 1.71787 8.23525 0.526367 14.7091 -12.6491
12007.1340720 3015.6932696 16.5560 1.08623 8.30703 -0.555078 14.7114 -13.7348
12007.1341172 3015.6932975 16.5343 -0.77041 10.8384 -0.957031 14.5546 -14.5436
12007.1341459 3015.6933200 16.5401 -0.60293 10.4556 1.67959 14.4368 -12.0946
12007.1341681 3015.6933475 16.5448 2.56006 9.38369 1.225 14.7376 -11.5879
12007.1341862 3015.6933818 16.5420 0.842188 9.40283 -0.689063 14.8379 -13.5133
12007.1341983 3015.6934225 16.5431 1.40684 7.19209 2.83281 14.6066 -10.7491
12007.1342178 3015.6934707 16.5127 0.119629 12.1399 0.435449 14.9024 -12.0214
12007.1342418 3015.6935233 16.5116 1.21064 12.1591 0.90918 14.7772 -12.1962
12007.1342623 3015.6935840 16.5191 1.33027 8.81904 0.913965 14.7455 -12.1696
12007.1342805 3015.6936402 16.5585 0.378027 7.42178 0.703418 14.7793 -12.3251
12007.1343004 3015.6936992 16.5533 1.23936 8.25439 1.24893 14.7592 -11.8606
12007.1343209 3015.6937580 16.5457 0.746484 9.83828 2.43086 14.8092 -10.5032
12007.1343496 3015.6938225 16.5195 1.39727 13.6138 0.569434 14.9654 -11.9239
12007.1343759 3015.6938862 16.5477 0.966602 9.80957 -0.440234 14.8291 -13.5277
12007.1343905 3015.6939475 16.5609 0.0861328 6.33555 2.11025 14.6192 -11.4598
12007.1344126 3015.6940070 16.5745 1.3542 8.01992 0.105273 14.8675 -12.5763
12007.1344303 3015.6940693 16.5603 2.89023 8.56064 1.0623 14.7446 -12.1897
12007.1344397 3015.6941368 16.5403 1.54561 10.4699 1.29199 14.7607 -11.7548
12007.1344553 3015.6942091 16.5320 0.875684 10.001 3.90469 14.8109 -9.00095
12007.1344771 3015.6942831 16.5357 -0.0191406 11.5944 0.631641 15.1709 -11.3108
12007.1345019 3015.6943498 16.5639 0.392383 6.31641 0.650781 14.9474 -12.3366
12007.1345210 3015.6944202 16.5394 0.827832 8.07734 0.435449 14.767 -12.7946
12007.1345425 3015.6944862 16.5306 0.799121 9.68994 2.29209 14.6781 -10.9934
12007.1345692 3015.6945568 16.5147 1.5791 11.9198 0.60293 14.8821 -11.9864
12007.1345914 3015.6946225 16.5188 -0.0574219 12.0203 -0.875684 14.7853 -13.9509
12007.1346107 3015.6946803 16.5449 0.406738 6.62744 2.81367 14.5458 -10.8913
12007.1346292 3015.6947484 16.5391 -0.373242 8.21133 0.459375 14.8996 -11.9929
12007.1346509 3015.6948157 16.5234 1.22021 9.48418 1.19629 14.7907 -11.8895
12007.1346699 3015.6948851 16.5025 0.535938 11.1877 2.10547 14.7718 -10.8868
12007.1346917 3015.6949574 16.5022 -0.76084 11.2547 2.07197 14.8967 -10.5468
12007.1347163 3015.6950297 16.5189 0.47373 8.75205 1.03359 14.9704 -11.5318
12007.1347441 3015.6950965 16.5376 0.488086 7.64668 0.181836 14.8708 -12.7739
12007.1347657 3015.6951641 16.5202 0.904395 8.23525 1.49775 14.6849 -11.8533
12007.1347905 3015.6952355 16.4785 0.411523 10.3216 3.2252 14.742 -9.70166
12007.1348220 3015.6953056 16.4765 0.827832 14.1401 -1.28242 15.0213 -13.4713
12007.1348378 3015.6953680 16.4891 2.3543 8.29746 1.3207 14.5882 -12.3979
12007.1348498 3015.6954305 16.5086 -0.133984 7.68496 0.617285 14.6867 -12.4248
12007.1348641 3015.6954960 16.5053 0.756055 8.04863 1.58867 14.6929 -11.5283
12007.1348803 3015.6955672 16.4859 0.574219 10.6661 1.64131 14.7908 -11.1687
12007.1348939 3015.6956407 16.4678 0.105273 12.451 1.76572 14.8332 -10.9889
12007.1349134 3015.6957104 16.4817 0.899609 11.0441 1.29199 14.8736 -11.416
12007.1349364 3015.6957764 16.5093 0.291895 6.93369 1.11016 14.8485 -11.7601
12007.1349644 3015.6958442 16.5088 0.564648 8.06299 0.679492 14.8011 -12.299
12007.1349859 3015.6959108 16.4887 0.966602 10.0536 1.98105 14.709 -11.1743
12007.1350143 3015.6959770 16.4740 0.31582 13.0061 0.875684 14.8275 -11.8246
12007.1350416 3015.6960456 16.4692 2.27773 10.3646 -0.090918 14.7557 -13.1046
12007.1350633 3015.6961001 16.4865 0.564648 6.61787 2.17725 14.5987 -11.2409
12007.1350851 3015.6961678 16.4818 -0.0287109 8.54629 0.856543 14.8118 -11.7923
12007.1351065 3015.6962342 16.4579 0.645996 9.73779 2.23945 14.7479 -10.7598
12007.1351279 3015.6963104 16.4444 0.631641 10.7331 2.98594 14.8594 -9.60876
12007.1351537 3015.6963817 16.4482 -0.301465 10.9102 1.36377 15.0234 -10.8848
12007.1351791 3015.6964512 16.4661 -0.15791 7.95771 0.684277 14.8975 -12.1177
12007.1352072 3015.6965125 16.4873 0.177051 7.58926 0.378027 14.7431 -12.7745
12007.1352323 3015.6965773 16.4661 0.942676 9.50332 1.10059 14.6213 -12.2036
12007.1352590 3015.6966382 16.4452 0.358887 11.8863 0.937891 14.6603 -12.0959
12007.1352856 3015.6966940 16.4284 0.980957 10.3599 1.79922 14.6643 -11.2314
12007.1353120 3015.6967490 16.4376 1.79443 8.48408 1.43555 14.7828 -11.2801
12007.1353334 3015.6968054 16.4374 1.25371 8.17305 0.880469 14.7915 -11.9286
12007.1353524 3015.6968641 16.4191 1.33506 7.79502 1.75615 14.6941 -11.304
12007.1353707 3015.6969279 16.3863 1.37813 10.1972 1.62217 14.7326 -11.1715
12007.1353854 3015.6969956 16.3732 0.0957031 11.7571 1.69873 14.7429 -11.0801
12007.1353976 3015.6970597 16.3814 0.497656 11.3887 1.28242 14.763 -11.4649
12007.1354194 3015.6971172 16.4127 0.44502 7.85723 1.43076 14.7439 -11.4481
12007.1354314 3015.6971779 16.4014 0.92832 7.7041 0.741699 14.7338 -12.1261
12007.1354459 3015.6972389 16.3856 1.31113 9.33105 0.957031 14.6324 -12.1589
12007.1354573 3015.6972990 16.3685 1.72266 10.7857 1.871 14.6004 -11.2028
12007.1354596 3015.6973639 16.3625 -0.334961 11.3121 0.703418 14.7128 -12.0091
12007.1354629 3015.6974208 16.3710 1.54082 8.14912 1.97148 14.6319 -11.0981
12007.1354623 3015.6974824 16.3721 1.10059 8.5415 0.631641 14.7385 -12.0571
12007.1354563 3015.6975464 16.3606 1.11494 8.30703 2.30166 14.62 -10.8083
12007.1354512 3015.6976146 16.3375 0.947461 11.2978 3.47881 14.7436 -9.11994
12007.1354502 3015.6976838 16.3478 -0.0478516 10.7666 2.53613 14.9832 -9.52634
12007.1354514 3015.6977555 16.3568 -0.846973 8.46016 1.1915 14.9698 -11.1649
12007.1354607 3015.6978212 16.3696 0.291895 7.77109 0.521582 14.7708 -12.4089
12007.1354676 3015.6978851 16.3685 1.82314 8.36924 1.32549 14.5862 -11.927
12007.1354739 3015.6979511 16.3374 0.497656 10.6087 2.28252 14.5969 -10.698
12007.1354820 3015.6980199 16.3247 -0.210547 12.8721 0.0526367 14.7436 -12.4998
12007.1354901 3015.6980793 16.3388 1.71309 9.40762 1.10537 14.5453 -12.1814
12007.1354874 3015.6981409 16.3641 1.30156 7.23516 1.29678 14.5826 -11.7323
12007.1354836 3015.6982068 16.3497 0.641211 7.68496 1.99063 14.632 -10.9096
12007.1354817 3015.6982739 16.3186 -0.215332 10.5704 1.54561 14.7158 -11.1094
12007.1354817 3015.6983516 16.3045 -0.181836 11.1303 2.74668 14.6887 -10.043
12007.1354915 3015.6984278 16.3028 -0.172266 11.9294 0.559863 14.8195 -11.8291
12007.1355044 3015.6984949 16.3265 0.559863 6.58916 1.45469 14.6295 -11.6467
12007.1355181 3015.6985604 16.3127 0.808691 7.59404 0.818262 14.6165 -12.1047
12007.1355353 3015.6986243 16.2838 1.30635 10.623 1.76572 14.5314 -11.3326
12007.1355480 3015.6986910 16.2641 -0.593359 13.3649 -0.0287109 14.6016 -12.8068
12007.1355574 3015.6987515 16.2702 1.52168 9.08701 0.966602 14.4283 -12.384
12007.1355554 3015.6988125 16.2824 0.980957 7.79502 1.03838 14.4707 -12.0411
12007.1355481 3015.6988753 16.2765 0.535938 8.0582 1.41162 14.5145 -11.5751
12007.1355461 3015.6989376 16.2598 0.803906 9.91484 1.0001 14.5648 -11.8574
12007.1355370 3015.6990042 16.2454 -0.0143555 11.8433 1.22021 14.5227 -11.7804
12007.1355251 3015.6990675 16.2369 -0.0861328 11.4365 0.995313 14.5198 -11.9561
12007.1355146 3015.6991300 16.2849 0.698633 7.53184 1.40684 14.5389 -11.5753
12007.1355037 3015.6991879 16.2763 0.449805 7.7041 1.11494 14.5823 -11.7477
12007.1354841 3015.6992370 16.2725 0.937891 8.92432 1.04316 14.5626 -11.9117
12007.1354680 3015.6992982 16.2478 1.92842 11.2978 1.41162 14.5176 -11.6056
12007.1354429 3015.6993521 16.2340 0.00478516 13.2405 -0.890039 14.5388 -13.777
12007.1354091 3015.6993943 16.2490 2.35908 9.41719 0.382812 14.2783 -13.291
12007.1353708 3015.6994350 16.2369 0.344531 8.11084 -0.15791 14.2964 -13.4977
12007.1353374 3015.6994738 16.2032 1.91885 7.86201 0.540723 14.243 -12.9067
12007.1352833 3015.6995116 16.1746 0.813477 10.6374 0.904395 14.2865 -12.3141
12007.1352315 3015.6995476 16.1652 2.12461 10.5704 3.08164 14.3592 -9.95695
12007.1351779 3015.6995859 16.1958 -0.75127 11.3504 1.21543 14.6951 -11.0002
12007.1351198 3015.6996185 16.2157 0.827832 7.02939 1.89492 14.6225 -10.899
12007.1350594 3015.6996578 16.1927 1.07666 7.88594 0.741699 14.606 -11.9839
12007.1349960 3015.6996938 16.1967 0.110059 9.04873 1.13408 14.4694 -11.9697
12007.1349395 3015.6997390 16.1718 2.97637 11.8624 0.569434 14.4321 -12.4577
12007.1348705 3015.6997705 16.1824 0.617285 10.9054 0.765625 14.3745 -12.4068
12007.1348088 3015.6997976 16.2001 0.497656 7.90508 2.81846 14.3891 -10.2875
12007.1347427 3015.6998291 16.2163 0.641211 8.53672 0.0574219 14.6747 -12.2834
12007.1346785 3015.6998636 16.1978 2.21553 8.5415 1.54561 14.441 -11.7093
12007.1346080 3015.6998930 16.1842 0.287109 11.5083 0.794336 14.4724 -12.1128
12007.1345307 3015.6999231 16.1735 1.07188 10.6374 2.01455 14.4157 -11.0651
12007.1344551 3015.6999525 16.1852 -0.205762 8.01035 1.0623 14.5521 -11.5958
12007.1343801 3015.6999810 16.2136 1.11973 7.46006 -0.248828 14.5267 -13.1673
12007.1343085 3015.7000079 16.1937 2.23945 8.28311 0.784766 14.3061 -12.6968
12007.1342350 3015.7000317 16.1933 1.07666 10.8001 1.29199 14.3375 -11.8792
12007.1341552 3015.7000581 16.1874 -0.00478516 13.8435 -0.44502 14.4404 -13.3452
12007.1340854 3015.7000789 16.2080 1.54082 9.94355 -0.827832 14.285 -14.3093
12007.1340153 3015.7000914 16.2370 1.41162 7.13467 1.14365 14.1678 -12.5674
12007.1339412 3015.7001026 16.2296 1.86621 7.77109 0.957031 14.3681 -12.0558
12007.1338655 3015.7001119 16.2057 0.540723 10.245 1.60781 14.4378 -11.3639
12007.1337852 3015.7001271 16.1879 1.36377 10.8049 3.87598 14.5192 -8.90228
12007.1336953 3015.7001419 16.2035 -1.33506 10.9149 0.976172 14.8564 -10.9566
12007.1336110 3015.7001597 16.2347 0.0239258 8.00078 0.736914 14.6651 -12.1322
12007.1335350 3015.7001818 16.2358 0.775195 7.74717 0.502441 14.4922 -12.6675
12007.1334544 3015.7001999 16.2351 1.46426 9.31191 1.6126 14.4014 -11.6403
12007.1333770 3015.7002224 16.2091 2.20596 11.1733 1.77051 14.4979 -11.0705
12007.1332933 3015.7002442 16.2171 0.966602 12.451 -2.07197 14.5897 -14.7642
12007.1332248 3015.7002622 16.2419 0.851758 6.64658 1.75137 14.153 -12.3154
12007.1331450 3015.7002726 16.2649 0.775195 7.66104 0.483301 14.4291 -12.4066
12007.1330673 3015.7002921 16.2441 0.598145 9.8335 1.51211 14.4344 -11.6006
12007.1329874 3015.7003079 16.2361 2.2873 10.8814 2.64141 14.5307 -10.1892
12007.1329010 3015.7003225 16.2283 -0.430664 11.269 1.46904 14.7158 -10.9192
12007.1328171 3015.7003383 16.2719 -0.846973 9.11572 0.334961 14.6845 -12.407
12007.1327378 3015.7003596 16.2913 0.46416 7.25908 0.545508 14.5081 -12.7004
12007.1326613 3015.7003833 16.2803 1.7418 8.92432 0.799121 14.4387 -12.4469
12007.1325881 3015.7004037 16.2672 1.74658 10.9054 1.37813 14.4507 -11.7405
12007.1325075 3015.7004239 16.2590 -0.282324 13.2597 -0.650781 14.535 -13.5276
12007.1324346 3015.7004454 16.2526 1.71309 8.59893 0.287109 14.3127 -13.292
12007.1323633 3015.7004620 16.2780 1.21543 6.98633 0.980957 14.3366 -12.3549
12007.1322946 3015.7004749 16.2550 1.85186 8.57021 1.39727 14.4388 -11.6306
12007.1322176 3015.7004863 16.2447 1.12451 11.3839 0.913965 14.535 -11.9247
12007.1321404 3015.7004972 16.2474 -0.291895 11.3982 0.421094 14.5121 -12.5834
12007.1320519 3015.7005053 16.2654 0.277539 10.2929 0.598145 14.4411 -12.6178
12007.1319734 3015.7005146 16.2985 -0.416309 7.84766 1.16758 14.4566 -11.9941
12007.1318953 3015.7005245 16.2975 0.846973 8.04863 0.100488 14.537 -12.8469
12007.1318211 3015.7005349 16.2821 1.87578 9.26885 1.08145 14.4253 -12.2347
12007.1317421 3015.7005425 16.2621 1.39727 10.1972 2.53135 14.4716 -10.5054
12007.1316618 3015.7005506 16.2803 -0.16748 13.8387 -1.37334 14.7134 -13.8046
12007.1315917 3015.7005542 16.3056 2.11982 8.60371 0.507227 14.3464 -13.2519
12007.1315250 3015.7005543 16.3155 0.46416 6.35947 1.62695 14.3787 -11.692
12007.1314559 3015.7005546 16.3078 1.47383 8.34053 1.00488 14.5746 -11.7772
12007.1313820 3015.7005510 16.2880 1.871 11.5944 2.69404 14.5714 -10.2566
12007.1312974 3015.7005432 16.2834 1.04316 11.5418 2.51221 14.7604 -9.89114
12007.1312205 3015.7005472 16.3089 -1.86143 11.0489 0.985742 14.8533 -11.3904
12007.1311438 3015.7005517 16.3285 0.521582 7.25908 1.52168 14.6914 -11.4419
12007.1310727 3015.7005537 16.3359 0.660352 8.0582 0.0765625 14.6707 -12.7973
12007.1310010 3015.7005531 16.3264 1.45947 8.65635 1.63174 14.4873 -11.7237
12007.1309299 3015.7005466 16.3028 0.181836 10.4699 1.21064 14.58 -11.6555
12007.1308587 3015.7005385 16.3005 -0.110059 13.676 -2.38779 14.5985 -15.2901
12007.1308070 3015.7005240 16.3253 2.16289 8.77119 -0.172266 14.16 -14.381
12007.1307582 3015.7004951 16.3500 -0.0717773 7.17295 1.08145 14.2414 -12.5033
12007.1307031 3015.7004660 16.3407 1.14844 8.9626 1.0001 14.4826 -11.9657
12007.1306472 3015.7004293 16.3356 -0.607715 12.1064 0.732129 14.5772 -12.1973
12007.1305893 3015.7003902 16.3337 -1.00488 12.3505 0.741699 14.5581 -12.3329
12007.1305322 3015.7003467 16.3549 0.502441 9.77607 0.813477 14.557 -12.2843
12007.1304833 3015.7003051 16.3777 -0.574219 6.57959 1.41162 14.5829 -11.6533
12007.1304316 3015.7002643 16.3757 1.40684 8.61328 -0.784766 14.6647 -13.64
12007.1303834 3015.7002195 16.3618 0.832617 9.75215 1.75615 14.4102 -11.8767
12007.1303299 3015.7001689 16.3649 1.21543 12.4558 0.46416 14.6049 -12.3681
12007.1302821 3015.7001216 16.3922 1.15801 11.2499 -2.17246 14.591 -15.289
12007.1302469 3015.7000788 16.4123 0.440234 6.31162 0.736914 14.2351 -13.411
12007.1302057 3015.7000264 16.4231 1.20586 7.76631 -0.133984 14.4382 -13.3703
12007.1301727 3015.6999738 16.4038 1.51211 10.1206 1.56953 14.4524 -11.7943
12007.1301393 3015.6999090 16.3913 1.36377 11.7236 1.3207 14.6438 -11.492
12007.1301029 3015.6998415 16.4016 -0.0574219 11.9677 -0.248828 14.7156 -13.0683
12007.1300701 3015.6997747 16.4173 -0.851758 8.13477 0.703418 14.5379 -12.7203
12007.1300398 3015.6997109 16.4301 0.0813477 6.98633 1.04795 14.5707 -12.1285
12007.1300036 3015.6996456 16.4387 1.14365 10.0632 0.478516 14.6577 -12.5
12007.1299689 3015.6995783 16.4307 0.267969 11.4174 0.358887 14.6145 -12.8143
12007.1299373 3015.6995073 16.4352 -1.42598 12.518 -0.971387 14.573 -14.2275
12007.1299130 3015.6994408 16.4611 -0.894824 8.62764 -0.0957031 14.4105 -13.8181
12007.1298903 3015.6993807 16.4870 1.62217 7.81416 2.0624 14.4645 -11.392
12007.1298677 3015.6993111 16.4877 -1.31592 8.37881 -0.91875 14.7807 -13.5325
12007.1298431 3015.6992446 16.4942 -1.33506 9.7043 1.36377 14.5542 -12.2197
12007.1298160 3015.6991715 16.4853 -0.636426 10.7905 1.31113 14.6847 -11.6599
12007.1297903 3015.6990993 16.5006 -2.04326 10.9915 0.382812 14.7858 -12.4601
12007.1297668 3015.6990283 16.5290 -2.10547 8.14434 0.488086 14.7217 -12.6898
12007.1297332 3015.6989602 16.5264 -1.81836 8.37881 -0.555078 14.682 -13.7765
12007.1296964 3015.6988975 16.5112 -0.392383 9.43154 0.703418 14.5254 -12.8941
12007.1296633 3015.6988262 16.5173 1.16279 10.8862 -0.0574219 14.6231 -13.2328
12007.1296307 3015.6987602 16.5183 -0.382812 12.1208 -2.54092 14.5933 -15.9002
12007.1296090 3015.6986997 16.5523 1.3542 7.91465 0.119629 14.2798 -14.1606
12007.1295972 3015.6986354 16.5428 -0.660352 8.11084 -0.392383 14.453 -13.851
12007.1295831 3015.6985745 16.5319 -2.72754 8.95781 0.674707 14.5049 -12.79
12007.1295604 3015.6985067 16.5308 -1.19629 11.293 1.33506 14.6455 -11.781
12007.1295370 3015.6984306 16.5318 -1.40684 10.7857 1.53604 14.7927 -11.3055
12007.1295074 3015.6983574 16.5378 0.258398 10.0919 -0.411523 14.8772 -13.1719
12007.1294869 3015.6982898 16.5452 -0.794336 6.53174 1.51689 14.6569 -11.9657
12007.1294656 3015.6982143 16.5555 -1.26328 9.16357 -0.277539 14.7913 -13.1778
12007.1294374 3015.6981424 16.5451 -0.942676 11.0729 -0.129199 14.6451 -13.5591
12007.1294095 3015.6980693 16.5479 -0.234473 11.9581 -0.287109 14.5804 -13.7592
12007.1293786 3015.6980026 16.5555 0.942676 10.4604 -0.607715 14.5534 -14.1057
12007.1293521 3015.6979352 16.5764 -0.282324 7.68496 0.397168 14.5241 -13.1951
12007.1293301 3015.6978633 16.5770 -0.253613 8.48887 0.258398 14.6367 -12.9865
12007.1293059 3015.6977911 16.5762 -0.703418 10.1589 1.1915 14.6769 -12.0507
12007.1292767 3015.6977187 16.5570 -0.0478516 11.0872 2.72754 14.7844 -10.2152
12007.1292452 3015.6976435 16.5732 -2.1916 11.1255 -0.248828 15.0457 -12.5881
12007.1292120 3015.6975718 16.6028 -1.14844 7.12031 1.07188 14.8029 -12.2712
12007.1291808 3015.6975040 16.6045 -0.827832 8.03428 -0.0813477 14.8138 -13.1538
12007.1291433 3015.6974357 16.5757 -0.090918 10.4651 0.717773 14.6777 -12.6983
12007.1291037 3015.6973699 16.5628 -0.100488 11.7236 0.631641 14.7071 -12.5414
12007.1290638 3015.6973041 16.5696 1.1293 11.7523 -1.75137 14.7368 -14.8823
12007.1290341 3015.6972443 16.6043 0.526367 6.7375 0.913965 14.4729 -13.0578
12007.1290075 3015.6971803 16.5976 -0.923535 7.80459 0.267969 14.6657 -12.8815
12007.1289805 3015.6971107 16.5953 -1.10537 10.4651 0.91875 14.7106 -12.2919
12007.1289448 3015.6970440 16.5645 -0.301465 11.6136 2.22988 14.7645 -10.8166
12007.1289115 3015.6969708 16.5713 -1.93799 11.671 -0.665137 14.965 -13.2098
12007.1288770 3015.6968977 16.6068 -0.76084 7.90029 0.942676 14.717 -12.5704
12007.1288404 3015.6968306 16.6165 -0.263184 7.72324 -0.0765625 14.7753 -13.1943
12007.1287994 3015.6967618 16.6080 0.535938 9.79521 0.62207 14.6959 -12.7633
12007.1287591 3015.6966961 16.5971 0.46416 11.4413 1.01445 14.7311 -12.1717
12007.1287196 3015.6966302 16.5862 -0.650781 11.3887 -0.607715 14.8013 -13.6101
12007.1286827 3015.6965676 16.6091 1.01924 7.94336 1.08145 14.6472 -12.4698
12007.1286591 3015.6965033 16.6269 -0.846973 8.42666 -0.531152 14.7883 -13.5613
12007.1286287 3015.6964356 16.6164 -0.334961 9.8957 0.789551 14.6582 -12.7311
12007.1285975 3015.6963692 16.5960 0.823047 11.3504 1.5791 14.7294 -11.572
12007.1285652 3015.6962931 16.5906 -2.26816 11.2882 0.521582 14.8813 -12.2607
12007.1285245 3015.6962219 16.5945 -0.851758 8.77598 -0.0287109 14.8164 -13.1539
12007.1284851 3015.6961535 16.6142 -0.516797 6.80449 0.76084 14.7117 -12.6323
12007.1284426 3015.6960903 16.6001 0.248828 8.29268 0.0813477 14.7524 -13.0657
12007.1284017 3015.6960217 16.5874 0.0861328 10.9102 -0.334961 14.6913 -13.6725
12007.1283570 3015.6959574 16.5807 -1.05752 12.5132 -1.94756 14.6005 -15.4691
12007.1283136 3015.6958983 16.5983 1.85664 11.0298 -1.75615 14.3757 -15.8562
12007.1282819 3015.6958371 16.6187 0.425879 6.29248 1.22979 14.3157 -12.853
12007.1282514 3015.6957701 16.6031 0.684277 7.74238 0.588574 14.6765 -12.383
12007.1282209 3015.6956987 16.6030 -0.842188 9.94355 1.34941 14.7822 -11.6835
12007.1281859 3015.6956304 16.5748 0.13877 11.0729 2.3543 14.86 -10.512
12007.1281475 3015.6955545 16.5939 -1.71787 10.5369 0.119629 15.0357 -12.3618
12007.1281085 3015.6954894 16.6097 -0.105273 7.02461 0.765625 14.8364 -12.485
12007.1280660 3015.6954268 16.6014 0.435449 8.31182 -0.0717773 14.7881 -13.2447
12007.1280293 3015.6953596 16.5982 -0.373242 10.4029 -0.339746 14.6825 -13.7578
12007.1279898 3015.6952980 16.5664 0.378027 11.8576 -0.119629 14.5761 -13.6755
12007.1279541 3015.6952360 16.5941 1.39727 11.1446 -1.6126 14.5972 -15.0529
12007.1279333 3015.6951753 16.6024 0.808691 6.59873 1.63174 14.4318 -12.3135
12007.1279059 3015.6951078 16.6160 0.277539 8.38838 -0.0813477 14.7712 -12.9244
12007.1278850 3015.6950435 16.5896 -0.588574 10.0153 1.12451 14.7136 -12.1727
12007.1278584 3015.6949745 16.5827 -0.330176 10.8384 2.49785 14.7959 -10.4959
12007.1278280 3015.6949009 16.5959 -2.15332 11.0537 0.0191406 15.0313 -12.4143
12007.1277992 3015.6948380 16.6083 -0.980957 8.20654 0 14.828 -13.2676
12007.1277679 3015.6947789 16.6052 0.291895 8.00078 -0.358887 14.6908 -13.8062
12007.1277418 3015.6947191 16.6037 0.47373 9.21143 0.665137 14.6035 -12.8896
12007.1277078 3015.6946594 16.5765 -0.0861328 10.9484 0.636426 14.6853 -12.5494
12007.1276732 3015.6946033 16.5791 1.22979 14.0444 -1.42598 14.7413 -14.5397
12007.1276415 3015.6945475 16.6084 -0.588574 7.90508 0.727344 14.5207 -13.1211
12007.1276104 3015.6944952 16.6296 -0.550293 8.40752 0.191406 14.6916 -12.991
12007.1275737 3015.6944433 16.6239 -0.31582 8.61328 0.775195 14.725 -12.4732
12007.1275314 3015.6943918 16.5993 -0.712988 11.2978 0.153125 14.7736 -12.9456
12007.1274877 3015.6943356 16.5911 -1.26807 11.5179 0.483301 14.7126 -12.8222
12007.1274467 3015.6942811 16.6073 -0.344531 8.93867 1.31113 14.7346 -11.9004
12007.1274018 3015.6942283 16.6288 -2.52178 7.46484 0.799121 14.8735 -12.0804
12007.1273477 3015.6941816 16.6047 -0.555078 9.11572 0.0574219 14.8472 -12.9912
12007.1272937 3015.6941392 16.5943 0.727344 10.0919 0.133984 14.7189 -13.2329
12007.1272394 3015.6941014 16.5820 -0.363672 10.5943 -0.430664 14.6611 -13.8105
12007.1271845 3015.6940565 16.5820 0.555078 12.4893 -2.27773 14.5802 -15.8289
12007.1271370 3015.6940175 16.6063 -0.301465 8.1874 0.626855 14.3343 -13.5848
12007.1270882 3015.6939761 16.6059 0.660352 8.55586 -0.574219 14.5882 -13.8198
12007.1270515 3015.6939348 16.6060 -2.43564 8.95781 0.29668 14.5907 -13.1959
12007.1270095 3015.6938967 16.5759 0.732129 12.8146 0.186621 14.6442 -13.1018
12007.1269776 3015.6938625 16.5877 -2.26338 10.7188 1.33506 14.6732 -11.9461
12007.1269457 3015.6938258 16.6117 -0.555078 8.35967 0.00478516 14.8449 -12.8629
12007.1269125 3015.6937953 16.6191 -2.08633 9.09658 -0.703418 14.7566 -14.0067
12007.1268786 3015.6937740 16.6122 -0.44502 8.80947 1.0001 14.5938 -12.6636
12007.1268448 3015.6937561 16.5917 -0.478516 9.45547 0.746484 14.7261 -12.3419
12007.1268125 3015.6937393 16.5799 0.186621 10.312 0.387598 14.7736 -12.6769
12007.1267833 3015.6937256 16.5821 1.46904 11.4844 -1.03359 14.7389 -14.2479
12007.1267633 3015.6937150 16.6046 -0.904395 9.46025 -0.92832 14.5542 -14.6725
12007.1267429 3015.6937102 16.6019 -0.545508 9.11094 -0.248828 14.4743 -14.0297
12007.1267324 3015.6937007 16.5995 -2.91416 9.6373 -0.799121 14.5439 -14.2987
12007.1267282 3015.6936933 16.5929 -2.82324 8.36924 -0.406738 14.5127 -14.052
12007.1267185 3015.6936836 16.5726 0.0669922 10.9245 -1.38291 14.5224 -14.9323
12007.1267179 3015.6936763 16.5651 -0.354102 10.1445 0.344531 14.4051 -13.5332
12007.1267236 3015.6936676 16.5581 -1.87578 10.1493 -0.478516 14.5621 -13.7813
12007.1267289 3015.6936554 16.5645 -1.51211 9.86221 -1.7083 14.5561 -15.1968
12007.1267297 3015.6936446 16.5742 -0.971387 8.26396 -1.89492 14.3837 -15.8838
12007.1267257 3015.6936423 16.5704 -0.263184 8.85254 -0.210547 14.271 -14.3392
12007.1267224 3015.6936413 16.5614 -0.76084 10.8671 -1.73223 14.4453 -15.2377
12007.1267098 3015.6936420 16.5622 -0.890039 8.90518 -2.33516 14.3539 -16.2756
12007.1266935 3015.6936431 16.5614 -0.00957031 9.54639 -1.25371 14.2095 -15.5104
12007.1266707 3015.6936434 16.5588 0.952246 9.8957 -0.961816 14.2862 -14.8519
12007.1266510 3015.6936456 16.5506 -1.14844 9.96748 -1.05273 14.3726 -14.7598
12007.1266267 3015.6936418 16.5244 -0.913965 9.92441 -0.756055 14.3725 -14.5018
12007.1266150 3015.6936363 16.5198 -0.636426 8.89561 -0.421094 14.4013 -14.0767
12007.1266083 3015.6936296 16.5052 0.368457 8.02471 -1.71309 14.4463 -15.2432
12007.1266031 3015.6936305 16.4714 0.47373 9.1875 -1.5791 14.2741 -15.5802
12007.1265852 3015.6936378 16.4139 -0.775195 9.82871 -0.0861328 14.1591 -14.1354
12007.1265787 3015.6936392 16.3795 -0.870898 10.7235 -0.440234 14.2983 -13.917
12007.1265756 3015.6936428 16.3522 -0.363672 10.8145 -1.36855 14.32 -14.8731
12007.1265714 3015.6936462 16.3381 -0.598145 10.2785 -1.3207 14.1888 -15.1928
12007.1265679 3015.6936489 16.3321 -0.813477 10.0536 -0.617285 14.1261 -14.5246
12007.1265658 3015.6936495 16.3258 -0.957031 10.5848 -1.25371 14.1977 -14.8841
12007.1265675 3015.6936494 16.3371 -0.976172 9.38848 -1.50732 14.1709 -15.3059
12007.1265651 3015.6936475 16.3400 -0.535938 9.0583 -1.01445 14.1164 -14.9461
12007.1265638 3015.6936456 16.3440 0.100488 9.53682 -0.942676 14.1587 -14.7071
12007.1265613 3015.6936464 16.3389 -0.421094 9.70908 -0.846973 14.1901 -14.5556
12007.1265625 3015.6936460 16.3385 -0.47373 10.0919 -1.36855 14.213 -15.0429
12007.1265634 3015.6936457 16.3455 -0.732129 9.46025 -1.18672 14.16 -15.0469
12007.1265614 3015.6936443 16.3430 -0.0143555 9.6708 -1.11016 14.1506 -14.9395
12007.1265643 3015.6936438 16.3499 -0.559863 9.50332 -0.904395 14.1691 -14.6846
12007.1265640 3015.6936438 16.3437 -0.497656 9.60381 -1.38291 14.1984 -15.087
12007.1265644 3015.6936435 16.3421 -0.191406 9.49854 -1.12451 14.1496 -14.9935
12007.1265668 3015.6936430 16.3438 0.253613 9.7043 -1.10537 14.1567 -14.9083
12007.1265685 3015.6936441 16.3399 -0.0669922 9.85742 -1.33027 14.1651 -15.1095
12007.1265692 3015.6936449 16.3418 -0.196191 9.74258 -1.39727 14.1422 -15.2532
12007.1265706 3015.6936467 16.3454 -0.133984 10.2642 -1.22979 14.1241 -15.1206
12007.1265723 3015.6936499 16.3581 -0.330176 9.85264 -1.05273 14.1498 -14.8761
12007.1265719 3015.6936517 16.3630 -0.497656 10.044 -1.21543 14.1885 -14.9639
12007.1265742 3015.6936528 16.3792 -0.808691 9.83828 -1.47861 14.1963 -15.2731
12007.1265767 3015.6936561 16.3900 -0.669922 9.62773 -1.78486 14.1674 -15.6889
12007.1265779 3015.6936596 16.4001 -0.344531 10.2115 -1.94277 14.1196 -15.9718
12007.1265874 3015.6936651 16.4390 -1.15322 9.5751 -2.16768 14.1115 -16.2433
12007.1265902 3015.6936708 16.4772 -1.31113 9.00566 -2.0002 14.1093 -16.1441
12007.1265878 3015.6936776 16.4968 -1.24414 9.17793 -2.00498 14.1387 -16.0991
12007.1265888 3015.6936814 16.5205 -1.41641 9.37412 -2.04326 14.1689 -16.1249
12007.1265887 3015.6936882 16.5436 -1.37334 9.6708 -1.92842 14.1896 -16.0238
12007.1265900 3015.6936953 16.5779 -1.7083 9.26885 -1.71309 14.235 -15.7634
12007.1265813 3015.6936989 16.5886 -0.971387 9.07744 -1.3542 14.2833 -15.3328
12007.1265722 3015.6937052 16.5897 -1.26807 9.58945 -0.368457 14.3452 -14.222
12007.1265764 3015.6937083 16.6221 -2.65098 8.93867 0.181836 14.5227 -13.29
12007.1265751 3015.6937127 16.6350 -3.40225 8.72813 -0.00478516 14.6751 -13.2459
12007.1265735 3015.6937106 16.6487 -1.74658 9.90527 -1.18672 14.7121 -14.5006
12007.1265674 3015.6937107 16.6609 -1.09102 9.8 -0.392383 14.5678 -14.1745
12007.1265611 3015.6937183 16.6695 -3.42139 8.73291 -0.320605 14.5984 -13.8874
12007.1265535 3015.6937230 16.6746 -3.029 8.26875 -0.507227 14.6433 -13.9868
12007.1265439 3015.6937213 16.6709 -2.01455 10.5752 0.937891 14.6331 -12.6086
12007.1265411 3015.6937197 16.6714 -0.244043 9.22578 0.301465 14.8076 -12.7413
12007.1265382 3015.6937235 16.6697 -1.97627 9.60859 1.00967 14.8115 -12.1936
12007.1265401 3015.6937268 16.6850 -2.96201 9.66123 0.870898 14.895 -12.1276
12007.1265399 3015.6937260 16.6889 -1.91885 9.23535 0.971387 14.9174 -12.0542
12007.1265406 3015.6937222 16.6939 -1.00488 9.7043 0.679492 14.934 -12.3308
12007.1265422 3015.6937193 16.6956 -1.27764 9.64209 0.655566 14.9024 -12.4639
12007.1265452 3015.6937164 16.6979 -0.885254 9.25928 1.0958 14.8834 -12.05
12007.1265464 3015.6937154 16.6934 -0.669922 9.03438 0.330176 14.9298 -12.6572
12007.1265466 3015.6937134 16.6878 -0.531152 9.96748 1.29199 14.8535 -11.9475
12007.1265488 3015.6937152 16.6886 -1.88535 9.73779 1.10537 14.9348 -11.8289
12007.1265540 3015.6937158 16.6902 -2.21074 9.9292 0.756055 14.9617 -12.1865
12007.1265542 3015.6937110 16.6933 -0.942676 9.58945 0.880469 14.9223 -12.2061
12007.1265538 3015.6937074 16.6995 -0.856543 9.88613 0.703418 14.9202 -12.3611
12007.1265529 3015.6937041 16.6986 -0.105273 9.30234 0.77041 14.8994 -12.3493
12007.1265499 3015.6937025 16.6946 0.555078 8.93389 1.41162 14.8948 -11.6931
12007.1265516 3015.6937063 16.6903 0.0574219 9.36455 1.46426 14.9739 -11.4036
12007.1265550 3015.6937108 16.6842 -0.961816 9.60859 1.27285 15.0155 -11.5452
12007.1265574 3015.6937144 16.6761 -2.46914 9.50811 0.846973 14.9957 -12.0539
12007.1265579 3015.6937153 16.6717 -2.45479 9.27842 0.62207 14.9246 -12.4523
12007.1265596 3015.6937153 16.6671 -2.71318 8.87646 1.2585 14.8609 -11.9171
12007.1265620 3015.6937130 16.6504 -3.83291 8.75684 1.82314 14.9063 -11.1293
12007.1265677 3015.6937068 16.6397 -2.38301 10.3981 0.0239258 15.003 -12.6804
12007.1265701 3015.6937012 16.6355 -2.96201 9.91963 0.540723 14.8142 -12.7874
12007.1265724 3015.6936965 16.6352 -3.63193 8.93389 0.545508 14.7763 -12.7006
12007.1265736 3015.6936877 16.6329 -2.62705 9.00088 0.598145 14.7806 -12.594
12007.1265734 3015.6936808 16.6323 -2.08154 9.82871 0.105273 14.7941 -13.0515
12007.1265745 3015.6936772 16.6361 -1.74658 9.4459 0.16748 14.741 -13.1605
12007.1265733 3015.6936793 16.6297 -2.49307 9.3167 0.46416 14.7147 -12.8732
12007.1265726 3015.6936829 16.6298 -2.57441 9.07266 0.631641 14.7481 -12.5853
12007.1265701 3015.6936879 16.6145 -3.11514 9.27363 0.598145 14.7756 -12.5461
12007.1265696 3015.6936913 16.6102 -2.93809 9.21621 0.531152 14.7803 -12.6193
12007.1265702 3015.6936965 16.6033 -2.96201 8.98652 0.425879 14.7656 -12.7584
12007.1265717 3015.6937021 16.6119 -3.46445 9.15879 0.291895 14.7535 -12.9276
12007.1265708 3015.6937090 16.6123 -4.03867 8.7042 0.507227 14.7308 -12.7653
12007.1265698 3015.6937157 16.6067 -4.08174 8.75684 0.679492 14.7437 -12.5236
12007.1265693 3015.6937215 16.6097 -3.85205 9.03916 0.44502 14.7787 -12.6772
12007.1265664 3015.6937280 16.6031 -4.03867 9.16836 0.545508 14.7578 -12.6587
12007.1265666 3015.6937327 16.6058 -3.95254 9.39326 0.378027 14.7599 -12.8045
12007.1265655 3015.6937382 16.6029 -4.12002 8.42666 0.550293 14.7391 -12.6879
12007.1265651 3015.6937426 16.6049 -3.50752 8.8334 0.90918 14.753 -12.2724
12007.1265698 3015.6937436 16.6065 -4.73252 8.33096 0.966602 14.809 -12.0731
12007.1265709 3015.6937399 16.6043 -4.9 8.65635 0.0239258 14.8396 -12.9811
12007.1265726 3015.6937279 16.5957 -3.61279 8.6707 0.77998 14.7204 -12.5775
12007.1265749 3015.6937129 16.5796 -3.95254 8.51758 0.851758 14.7426 -12.2943
12007.1265850 3015.6936958 16.5549 -3.40703 7.68018 -0.550293 14.7599 -13.6242
12007.1265976 3015.6936771 16.5266 -2.86152 6.86191 0.583789 14.5682 -12.9988
12007.1266110 3015.6936584 16.4676 -3.7085 7.4792 0.598145 14.5719 -12.6741
12007.1266307 3015.6936390 16.4039 -4.70859 8.57021 -0.62207 14.5581 -13.8203
12007.1266391 3015.6936140 16.3316 -4.12002 10.135 -1.30156 14.3473 -14.9505
12007.1266406 3015.6935944 16.2721 -2.52178 10.9771 -0.478516 14.1248 -14.4382
12007.1266373 3015.6935824 16.2265 -1.26807 10.2354 0.200977 14.1219 -13.4609
12007.1266289 3015.6935782 16.1560 -1.80879 9.70908 1.42598 14.1843 -11.9267
12007.1266267 3015.6935802 16.1039 -3.56016 10.4316 0.593359 14.342 -12.2794
12007.1266237 3015.6935880 16.0921 -3.47881 10.3455 1.78965 14.3069 -11.3187
12007.1266218 3015.6935925 16.0807 -4.5459 9.76172 1.16279 14.4147 -11.584
12007.1266160 3015.6935920 16.0769 -3.86641 9.08701 0.842188 14.3914 -12.0716
12007.1266101 3015.6935918 16.0749 -3.21084 9.36934 0.564648 14.3246 -12.5113
12007.1265990 3015.6935914 16.0678 -2.85195 9.47939 1.79443 14.254 -11.4019
12007.1265912 3015.6935886 16.0650 -3.00029 9.59902 2.18203 14.3837 -10.571
12007.1265867 3015.6935860 16.0673 -2.41172 9.6708 1.77051 14.508 -10.7643
12007.1265841 3015.6935869 16.0774 -1.804 8.28789 1.10059 14.508 -11.577
12007.1265810 3015.6935861 16.0668 -1.12451 8.50322 1.27285 14.3953 -11.7045
12007.1265807 3015.6935878 16.0469 -0.75127 9.38848 1.72266 14.3474 -11.2414
12007.1265838 3015.6935878 16.0330 -0.813477 10.2594 0.952246 14.3881 -11.8231
12007.1265849 3015.6935897 16.0191 -1.2585 10.1397 -0.406738 14.3071 -13.4267
12007.1265823 3015.6935909 16.0057 -1.43076 9.0583 0.30625 14.0811 -13.2487
12007.1265797 3015.6935916 15.9892 -0.77041 9.21143 0.492871 14.0606 -12.8639
12007.1265791 3015.6935939 15.9663 -1.63174 9.45547 0.153125 14.0869 -13.0664
12007.1265809 3015.6935964 15.9510 -2.71318 9.80957 -0.181836 14.0512 -13.501
12007.1265778 3015.6935979 15.9242 -2.40215 9.33105 0.229688 13.9679 -13.2405
12007.1265772 3015.6935935 15.9198 -0.894824 8.62764 1.46904 13.9866 -11.8568
12007.1265794 3015.6935906 15.9198 -0.354102 9.40283 -0.14834 14.1651 -12.9872
12007.1265834 3015.6935927 15.9225 -1.15322 9.71865 -0.650781 14.0463 -14.0096
12007.1265824 3015.6935936 15.9131 -1.8375 9.52725 -0.330176 13.8929 -13.9877
12007.1265821 3015.6935932 15.9076 -2.09111 9.55596 0.00478516 13.8714 -13.5503
12007.1265838 3015.6935926 15.9051 -1.26807 9.87178 -0.00478516 13.9221 -13.39
12007.1265833 3015.6935923 15.9010 -1.14365 9.68994 -0.234473 13.9454 -13.5969
12007.1265835 3015.6935925 15.9004 -1.01445 9.6373 -0.13877 13.9215 -13.5911
12007.1265844 3015.6935928 15.9053 -1.55039 9.59902 0.062207 13.9235 -13.3696
12007.1265837 3015.6935937 15.8951 -1.83271 9.68037 0.062207 13.943 -13.2975
12007.1265837 3015.6935923 15.8956 -0.961816 9.69951 0.0478516 13.9551 -13.2981
12007.1265799 3015.6935926 15.8898 -0.980957 9.65645 0.196191 13.9515 -13.1614
12007.1265797 3015.6935951 15.8928 -1.26807 9.56553 0.468945 13.971 -12.8351
12007.1265811 3015.6935958 15.8911 -1.76094 9.52725 0.569434 14.0136 -12.6306
12007.1265796 3015.6935961 15.8851 -1.59346 9.62295 0.258398 14.0398 -12.8989
12007.1265813 3015.6935952 15.8867 -1.34941 9.63252 0.29668 14.0104 -12.9731
12007.1265805 3015.6935947 15.8835 -1.33027 9.61338 0.330176 13.9944 -12.9496
12007.1265800 3015.6935941 15.8823 -1.23457 9.53682 0.569434 13.9943 -12.6924
12007.1265814 3015.6935951 15.8859 -1.43076 9.64209 0.272754 14.0301 -12.894
12007.1265811 3015.6935968 15.8807 -1.64131 9.52725 0.411523 14.0045 -12.8542
12007.1265828 3015.6935966 15.8830 -1.55518 9.57031 0.46416 14.0083 -12.7693
12007.1265840 3015.6935972 15.8845 -1.53604 9.62295 0.239258 14.0209 -12.9651
12007.1265868 3015.6935954 15.8927 -1.3542 9.58467 0.191406 14.0048 -13.0863
12007.1265884 3015.6935945 15.8924 -1.4499 9.58467 0.210547 13.987 -13.1008
12007.1265914 3015.6935930 15.8953 -1.22979 9.65166 0.133984 13.9855 -13.1693
12007.1265924 3015.6935933 15.8943 -1.34941 9.6373 0.244043 13.9757 -13.0836
12007.1265914 3015.6935923 15.8993 -1.30156 9.64209 0.0669922 13.9897 -13.2203
12007.1265925 3015.6935937 15.8981 -1.21064 9.69473 0.00957031 13.973 -13.3368
12007.1265910 3015.6935926 15.8990 -1.1915 9.7043 0.0813477 13.9569 -13.2958
12007.1265869 3015.6935941 15.8904 -0.971387 9.61338 0.459375 13.9525 -12.8981
12007.1265872 3015.6935952 15.8924 -1.4499 9.48896 0.521582 14.0043 -12.6885
12007.1265879 3015.6935933 15.8964 -1.27285 9.62295 0.110059 14.0411 -13.055
12007.1265861 3015.6935943 15.8885 -1.00488 9.7043 0.277539 13.9922 -13.0482
12007.1265852 3015.6935928 15.8898 -0.985742 9.62295 0.363672 13.988 -12.9275
12007.1265873 3015.6935936 15.8956 -1.1293 9.59902 0.468945 14.0079 -12.7724
12007.1265845 3015.6935945 15.8908 -0.885254 9.66602 0.425879 14.026 -12.7753
12007.1265831 3015.6935943 15.8914 -1.34941 9.60859 0.679492 14.0284 -12.5339
12007.1265861 3015.6935935 15.8888 -1.17715 9.66602 0.0813477 14.0572 -13.0482
12007.1265823 3015.6935926 15.8843 -0.971387 9.6373 0.550293 13.9915 -12.786
12007.1265866 3015.6935933 15.8914 -0.966602 9.68516 0.220117 14.0227 -12.9751
12007.1265860 3015.6935933 15.8866 -1.11016 9.68516 0.31582 13.9984 -12.9705
12007.1265868 3015.6935929 15.8899 -1.06709 9.62295 0.425879 13.9988 -12.8412
12007.1265879 3015.6935925 15.8944 -1.0958 9.66123 0.334961 14.0192 -12.8829
12007.1265870 3015.6935919 15.8865 -1.15801 9.61816 0.435449 14.0096 -12.8155
12007.1265862 3015.6935916 15.8835 -1.06709 9.6373 0.30625 14.0143 -12.9162
12007.1265861 3015.6935913 15.8858 -0.995313 9.65166 0.301465 14.0041 -12.9589
12007.1265881 3015.6935920 15.8907 -1.04795 9.64209 0.354102 14.0017 -12.9119
12007.1265872 3015.6935926 15.8882 -1.1915 9.64209 0.45459 14.0052 -12.7946
12007.1265851 3015.6935916 15.8871 -1.05752 9.64209 0.291895 14.0196 -12.9179
12007.1265864 3015.6935892 15.8837 -0.899609 9.68037 0.30625 14.0027 -12.9594
12007.1265843 3015.6935909 15.8819 -1.05752 9.64209 0.349316 13.9938 -12.9216
12007.1265856 3015.6935903 15.8868 -0.937891 9.65645 0.253613 14.0017 -12.9949
12007.1265848 3015.6935899 15.8779 -0.947461 9.68037 0.31582 13.9856 -12.9698
12007.1265858 3015.6935897 15.8827 -1.00967 9.64209 0.358887 13.9909 -12.9044
12007.1265863 3015.6935901 15.8823 -0.894824 9.62773 0.435449 13.9996 -12.8079
12007.1265847 3015.6935908 15.8849 -1.01924 9.65645 0.521582 14.0152 -12.6908
12007.1265852 3015.6935915 15.8841 -1.00967 9.63252 0.46416 14.0314 -12.7166
12007.1265858 3015.6935916 15.8877 -1.0001 9.64688 0.425879 14.0334 -12.7722
12007.1265856 3015.6935915 15.8864 -0.885254 9.63252 0.416309 14.0254 -12.8039
12007.1265828 3015.6935924 15.8815 -1.10059 9.61816 0.502441 14.0161 -12.7272
12007.1265838 3015.6935917 15.8869 -1.18193 9.62773 0.483301 14.0294 -12.7093
12007.1265851 3015.6935930 15.8861 -0.985742 9.66123 0.545508 14.0326 -12.6496
12007.1265848 3015.6935928 15.8874 -1.04795 9.66602 0.440234 14.0418 -12.7346
12007.1265864 3015.6935927 15.8868 -0.961816 9.67559 0.373242 14.0316 -12.8385
12007.1265847 3015.6935932 15.8775 -1.00967 9.7043 0.339746 14.009 -12.9089
12007.1265842 3015.6935927 15.8795 -1.05273 9.66602 0.497656 13.9989 -12.7606
12007.1265849 3015.6935931 15.8859 -1.10059 9.61816 0.44502 14.022 -12.7493
12007.1265849 3015.6935936 15.8859 -1.0958 9.59424 0.483301 14.0264 -12.7217
12007.1265842 3015.6935931 15.8845 -1.00967 9.65645 0.535938 14.0293 -12.6628
12007.1265825 3015.6935962 15.8773 -1.23936 9.58467 0.468945 14.0309 -12.715
12007.1265828 3015.6935945 15.8809 -1.20107 9.64209 0.545508 14.0276 -12.656
12007.1265844 3015.6935947 15.8824 -1.08623 9.6708 0.31582 14.036 -12.8613
12007.1265861 3015.6935941 15.8893 -1.02881 9.66123 0.545508 14.0169 -12.7066
12007.1265858 3015.6935942 15.8853 -1.17236 9.65645 0.421094 14.0307 -12.7656
12007.1265857 3015.6935944 15.8915 -1.15801 9.58945 0.46416 14.0303 -12.7487
12007.1265848 3015.6935934 15.8781 -1.04316 9.62295 0.483301 14.0208 -12.7318
12007.1265851 3015.6935942 15.8846 -1.09102 9.63252 0.421094 14.0274 -12.7776
12007.1265862 3015.6935946 15.8836 -1.23457 9.60381 0.502441 14.0215 -12.7176
12007.1265853 3015.6935932 15.8805 -1.11016 9.63252 0.512012 14.0257 -12.6847
12007.1265885 3015.6935948 15.8888 -1.1293 9.65645 0.425879 14.0376 -12.7563
12007.1265849 3015.6935944 15.8771 -1.20107 9.6373 0.358887 14.0198 -12.8643
12007.1265867 3015.6935929 15.8859 -1.10537 9.58945 0.583789 14.0115 -12.6613
12007.1265868 3015.6935934 15.8804 -1.13408 9.68037 0.31582 14.0315 -12.8542
12007.1265861 3015.6935945 15.8897 -1.13408 9.66123 0.535938 14.0176 -12.7105
12007.1265839 3015.6935956 15.8828 -1.12451 9.62295 0.483301 14.0281 -12.7069
12007.1265823 3015.6935944 15.8832 -1.225 9.59424 0.636426 14.0302 -12.5589
12007.1265837 3015.6935953 15.8842 -1.22979 9.62295 0.574219 14.0502 -12.5685
12007.1265825 3015.6935949 15.8838 -1.05752 9.62295 0.626855 14.0512 -12.5323
12007.1265806 3015.6935944 15.8813 -1.0958 9.60859 0.636426 14.0537 -12.5119
12007.1265825 3015.6935940 15.8899 -1.1293 9.64209 0.583789 14.0642 -12.5533
12007.1265816 3015.6935948 15.8811 -1.09102 9.63252 0.598145 14.0525 -12.5662
12007.1265818 3015.6935949 15.8866 -1.1293 9.67559 0.598145 14.0542 -12.5599
12007.1265819 3015.6935938 15.8855 -1.14844 9.59902 0.641211 14.0543 -12.5163
12007.1265801 3015.6935942 15.8834 -1.13887 9.60381 0.655566 14.058 -12.4877
12007.1265812 3015.6935950 15.8853 -1.19629 9.63252 0.641211 14.0638 -12.4928
12007.1265822 3015.6935939 15.8819 -1.17236 9.66123 0.607715 14.0609 -12.5341
12007.1265817 3015.6935962 15.8843 -1.05752 9.62295 0.626855 14.0574 -12.5264
12007.1265807 3015.6935948 15.8825 -1.13408 9.62295 0.689063 14.0563 -12.4603
12007.1265803 3015.6935952 15.8807 -1.225 9.61338 0.665137 14.063 -12.4609
12007.1265809 3015.6935944 15.8822 -1.1293 9.59902 0.641211 14.0651 -12.4884
12007.1265819 3015.6935954 15.8812 -1.10537 9.62295 0.588574 14.061 -12.5529
12007.1265800 3015.6935950 15.8747 -1.17236 9.61338 0.732129 14.0466 -12.4341
12007.1265806 3015.6935953 15.8770 -1.23457 9.59902 0.6125 14.0619 -12.5003
12007.1265809 3015.6935954 15.8758 -1.23457 9.60381 0.717773 14.0544 -12.4294
12007.1265816 3015.6935953 15.8741 -1.08623 9.65645 0.535938 14.061 -12.5819
12007.1265830 3015.6935973 15.8783 -1.09102 9.61338 0.579004 14.046 -12.5954
12007.1265823 3015.6935967 15.8765 -1.10059 9.66123 0.574219 14.0409 -12.5967
12007.1265813 3015.6935966 15.8686 -1.27285 9.62773 0.569434 14.0332 -12.6036
12007.1265820 3015.6935979 15.8720 -1.18193 9.62295 0.660352 14.0343 -12.5081
12007.1265828 3015.6935975 15.8713 -1.40684 9.52725 0.626855 14.0459 -12.5083
12007.1265814 3015.6935978 15.8707 -1.01445 9.75693 0.330176 14.0469 -12.8129
12007.1265821 3015.6935981 15.8745 -1.11494 9.69473 0.736914 14.0115 -12.5142
12007.1265813 3015.6935986 15.8723 -1.41641 9.46982 0.660352 14.0431 -12.4619
12007.1265805 3015.6936004 15.8732 -1.3542 9.61816 0.712988 14.0546 -12.41
12007.1265821 3015.6936006 15.8761 -1.4834 9.55596 0.679492 14.0652 -12.4303
12007.1265804 3015.6935998 15.8721 -1.36855 9.57988 0.583789 14.0605 -12.5426
12007.1265828 3015.6935992 15.8779 -1.11016 9.66602 0.579004 14.0506 -12.5812
12007.1265820 3015.6936012 15.8754 -1.44033 9.54639 0.765625 14.0423 -12.4038
12007.1265829 3015.6936020 15.8802 -1.30156 9.57031 0.703418 14.068 -12.3936
12007.1265826 3015.6936014 15.8754 -1.41641 9.60859 0.727344 14.0684 -12.3855
12007.1265834 3015.6936000 15.8765 -1.35898 9.59902 0.6125 14.0704 -12.497
12007.1265833 3015.6936002 15.8767 -1.11973 9.58467 0.588574 14.0567 -12.5623
12007.1265829 3015.6936013 15.8735 -1.3877 9.60859 0.823047 14.0438 -12.3446
12007.1265829 3015.6936016 15.8731 -1.6126 9.60859 0.684277 14.0695 -12.3969
12007.1265819 3015.6936006 15.8706 -1.32549 9.5751 0.732129 14.064 -12.386
12007.1265825 3015.6935998 15.8748 -1.40684 9.59902 0.655566 14.0683 -12.4523
12007.1265834 3015.6936006 15.8782 -1.39248 9.59424 0.746484 14.0634 -12.386
12007.1265827 3015.6936009 15.8809 -1.3207 9.58467 0.564648 14.0736 -12.539
12007.1265828 3015.6936019 15.8783 -1.40684 9.58945 0.794336 14.0531 -12.3726
12007.1265815 3015.6936019 15.8777 -1.55996 9.46982 0.875684 14.0712 -12.2186
12007.1265848 3015.6936015 15.8816 -1.37813 9.5751 0.626855 14.0965 -12.421
12007.1265837 3015.6935989 15.8791 -1.04316 9.74258 0.583789 14.0717 -12.5548
12007.1265839 3015.6936003 15.8785 -1.26328 9.68037 0.583789 14.0511 -12.5876
12007.1265884 3015.6936011 15.8857 -1.40684 9.55117 0.741699 14.0505 -12.4237
12007.1265862 3015.6936012 15.8811 -1.38291 9.55117 0.784766 14.0673 -12.3241
12007.1265871 3015.6936002 15.8846 -1.42119 9.61816 0.512012 14.0852 -12.5695
12007.1265884 3015.6935996 15.8866 -1.24893 9.60859 0.598145 14.058 -12.5819
12007.1265877 3015.6935995 15.8800 -1.33984 9.61816 0.574219 14.0472 -12.5972
12007.1265871 3015.6936014 15.8791 -1.45469 9.61338 0.583789 14.043 -12.5868
12007.1265882 3015.6936017 15.8831 -1.50254 9.57031 0.6125 14.0473 -12.5491
12007.1265865 3015.6936008 15.8757 -1.38291 9.58945 0.6125 14.0462 -12.543
12007.1265874 3015.6936002 15.8831 -1.37334 9.59902 0.607715 14.0533 -12.5402
12007.1265892 3015.6936021 15.8859 -1.46904 9.59902 0.593359 14.057 -12.5562
12007.1265871 3015.6936004 15.8866 -1.41162 9.58945 0.607715 14.0561 -12.5496
12007.1265873 3015.6936007 15.8854 -1.30635 9.60859 0.617285 14.0557 -12.5378
12007.1265871 3015.6936005 15.8861 -1.48818 9.57031 0.674707 14.0578 -12.4755
12007.1265875 3015.6936003 15.8918 -1.53125 9.5751 0.6125 14.071 -12.5129
12007.1265857 3015.6936012 15.8864 -1.40205 9.59902 0.689063 14.0632 -12.4617
12007.1265862 3015.6936023 15.8854 -1.42598 9.54639 0.645996 14.0678 -12.4819
12007.1265864 3015.6936014 15.8835 -1.55996 9.57988 0.789551 14.0642 -12.3499
12007.1265877 3015.6936022 15.8832 -1.62695 9.60859 0.574219 14.0803 -12.5154
12007.1265877 3015.6936020 15.8875 -1.32549 9.60859 0.698633 14.065 -12.4583
12007.1265836 3015.6936017 15.8788 -1.46904 9.54639 0.703418 14.0627 -12.4287
12007.1265830 3015.6936022 15.8795 -1.44512 9.53682 0.77041 14.0668 -12.3491
12007.1265847 3015.6936032 15.8820 -1.41641 9.46982 0.794336 14.0797 -12.2975
12007.1265862 3015.6936038 15.8883 -1.58389 9.65645 0.712988 14.0933 -12.3644
12007.1265863 3015.6936065 15.8852 -2.58877 9.25449 0.875684 14.0839 -12.2366
12007.1265862 3015.6936055 15.8836 -1.54082 9.58945 0.784766 14.0975 -12.2764
12007.1265863 3015.6936044 15.8903 -1.39727 9.5751 0.550293 14.1001 -12.5297
12007.1265852 3015.6936068 15.8807 -1.65088 9.52246 0.952246 14.0598 -12.2268
12007.1265866 3015.6936086 15.8863 -2.40215 9.55596 0.77998 14.0981 -12.2605
12007.1265860 3015.6936082 15.8854 -2.27295 9.28799 1.03838 14.0979 -12.0393
12007.1265863 3015.6936073 15.8874 -2.02412 9.49854 0.803906 14.1277 -12.1926
12007.1265872 3015.6936074 15.8832 -1.83271 9.59424 0.765625 14.1084 -12.308
12007.1265869 3015.6936075 15.8837 -2.30645 9.48896 0.827832 14.0917 -12.2747
12007.1265860 3015.6936069 15.8869 -2.11504 9.40283 0.818262 14.0966 -12.2595
12007.1265865 3015.6936059 15.8905 -1.69873 9.47939 0.861328 14.1023 -12.2118
12007.1265861 3015.6936070 15.8852 -1.9332 9.52725 0.784766 14.1044 -12.2782
12007.1265836 3015.6936067 15.8793 -2.19639 9.4459 1.18193 14.0911 -11.9101
12007.1265837 3015.6936069 15.8841 -2.02412 9.43154 0.92832 14.1404 -12.0194
12007.1265845 3015.6936069 15.8815 -1.75615 9.51768 0.942676 14.1305 -12.0777
12007.1265847 3015.6936072 15.8837 -2.05283 9.47461 0.870898 14.1238 -12.1627
12007.1265841 3015.6936066 15.8813 -2.00498 9.59424 0.722559 14.11 -12.339
12007.1265794 3015.6936069 15.8738 -1.72266 9.52725 0.90918 14.0793 -12.2119
12007.1265795 3015.6936077 15.8798 -2.0002 9.36455 1.09102 14.0968 -11.9607
12007.1265789 3015.6936086 15.8745 -2.15811 9.4124 0.961816 14.1263 -12.0139
12007.1265783 3015.6936073 15.8776 -1.73701 9.48418 0.980957 14.126 -12.0309
12007.1265780 3015.6936088 15.8787 -1.95713 9.46982 0.947461 14.1248 -12.0696
12007.1265789 3015.6936078 15.8793 -2.05762 9.44111 1.1293 14.1202 -11.9006
12007.1265775 3015.6936077 15.8803 -1.871 9.46504 1.00488 14.142 -11.9605
12007.1265768 3015.6936077 15.8772 -1.804 9.53682 1.01924 14.1345 -11.9836
12007.1265766 3015.6936079 15.8777 -1.87578 9.50332 0.971387 14.131 -12.0347
12007.1265772 3015.6936078 15.8824 -1.92842 9.47939 1.03359 14.1282 -11.9857
12007.1265787 3015.6936086 15.8876 -1.87578 9.50811 0.942676 14.1386 -12.0538
12007.1265760 3015.6936079 15.8755 -1.82314 9.42676 1.0958 14.1207 -11.9396
12007.1265762 3015.6936075 15.8807 -1.88535 9.43633 1.0958 14.1375 -11.8837
12007.1265743 3015.6936074 15.8733 -1.96191 9.49375 1.02881 14.1403 -11.946
12007.1265751 3015.6936077 15.8774 -1.86143 9.48418 0.990527 14.1363 -12.0059
12007.1265761 3015.6936069 15.8814 -1.81836 9.55117 0.995313 14.1316 -12.0176
12007.1265750 3015.6936068 15.8729 -1.9332 9.44111 1.09102 14.1221 -11.9286
12007.1265740 3015.6936077 15.8716 -1.92842 9.55596 1.15322 14.1311 -11.829
12007.1265752 3015.6936069 15.8731 -1.9332 9.5416 1.06709 14.1462 -11.884
12007.1265767 3015.6936073 15.8731 -1.85664 9.49375 1.04795 14.1412 -11.9327
12007.1265762 3015.6936079 15.8750 -1.89971 9.41719 1.08145 14.136 -11.9123
12007.1265761 3015.6936071 15.8759 -1.84229 9.45547 1.02881 14.1387 -11.9537
12007.1265767 3015.6936067 15.8766 -1.98105 9.45547 1.03359 14.1344 -11.9651
12007.1265780 3015.6936066 15.8761 -1.91406 9.48896 0.952246 14.132 -12.0481
12007.1265770 3015.6936060 15.8763 -1.82793 9.47939 1.01445 14.1213 -12.0142
12007.1265773 3015.6936078 15.8777 -1.9332 9.47939 1.02402 14.1254 -11.9846
12007.1265785 3015.6936061 15.8797 -1.94756 9.48896 1.04316 14.1315 -11.9562
12007.1265781 3015.6936071 15.8780 -1.90449 9.50332 0.995313 14.1344 -11.9988
12007.1265780 3015.6936074 15.8748 -1.95234 9.48896 0.985742 14.1265 -12.0276
12007.1265788 3015.6936067 15.8773 -1.87578 9.47939 0.985742 14.1241 -12.0314
12007.1265774 3015.6936064 15.8741 -1.94756 9.4124 0.990527 14.1205 -12.0284
12007.1265794 3015.6936059 15.8769 -1.94756 9.48418 1.02881 14.1228 -11.985
12007.1265788 3015.6936067 15.8781 -1.92842 9.45547 0.990527 14.1297 -12.0083
12007.1265782 3015.6936065 15.8740 -1.90449 9.4459 0.971387 14.124 -12.0429
12007.1265788 3015.6936064 15.8748 -1.97148 9.48896 0.966602 14.1196 -12.056
12007.1265770 3015.6936061 15.8683 -1.85186 9.49854 0.990527 14.1117 -12.0382
12007.1265783 3015.6936060 15.8725 -1.95713 9.46982 0.957031 14.1166 -12.0575
12007.1265793 3015.6936066 15.8761 -1.91406 9.52725 0.937891 14.1179 -12.0844
12007.1265784 3015.6936069 15.8693 -1.97627 9.46982 0.990527 14.1088 -12.0467
12007.1265781 3015.6936071 15.8710 -1.98584 9.45547 0.942676 14.1139 -12.074
12007.1265823 3015.6936063 15.8743 -1.98105 9.47939 0.971387 14.1139 -12.0563
12007.1265816 3015.6936074 15.8773 -1.93799 9.50332 0.923535 14.1188 -12.0958
12007.1265844 3015.6936065 15.8843 -2.0959 9.47461 0.966602 14.1205 -12.0657
12007.1265822 3015.6936073 15.8718 -2.00498 9.40762 0.957031 14.1136 -12.0735
12007.1265848 3015.6936065 15.8788 -1.99541 9.46982 0.933105 14.1179 -12.0913
12007.1265841 3015.6936066 15.8832 -1.90449 9.47461 0.985742 14.12 -12.045
12007.1265846 3015.6936064 15.8794 -2.04805 9.46982 0.870898 14.1228 -12.147
12007.1265856 3015.6936065 15.8817 -2.00977 9.47939 0.942676 14.1122 -12.1123
12007.1265860 3015.6936069 15.8813 -2.0002 9.45068 0.923535 14.115 -12.1124
12007.1265847 3015.6936067 15.8820 -2.07197 9.44111 0.894824 14.1159 -12.1425
12007.1265794 3015.6936089 15.8619 -1.99541 9.45068 0.942676 14.0946 -12.1189
12007.1265814 3015.6936100 15.8690 -2.02891 9.46504 0.947461 14.1011 -12.0875
12007.1265822 3015.6936095 15.8684 -2.00977 9.45068 0.976172 14.1054 -12.052
12007.1265810 3015.6936095 15.8664 -2.09111 9.43633 0.966602 14.1088 -12.0528
12007.1265810 3015.6936095 15.8749 -1.99541 9.48896 0.890039 14.1165 -12.1263
12007.1265816 3015.6936106 15.8703 -2.03848 9.40762 1.0001 14.1041 -12.0507
12007.1265783 3015.6936095 15.8692 -2.03848 9.46025 0.995313 14.1112 -12.021
12007.1265792 3015.6936098 15.8680 -2.02412 9.49854 1.0623 14.1148 -11.9485
12007.1265790 3015.6936093 15.8679 -1.92842 9.43154 0.990527 14.1244 -11.9966
12007.1265772 3015.6936092 15.8787 -2.00977 9.43154 1.03359 14.129 -11.9701
12007.1265786 3015.6936100 15.8836 -2.0002 9.43633 0.971387 14.1372 -12.0225
12007.1265776 3015.6936090 15.8806 -1.94756 9.4124 1.02402 14.1289 -11.9959
12007.1265788 3015.6936093 15.8843 -2.05762 9.43633 1.03838 14.1345 -11.9644
12007.1265791 3015.6936097 15.8874 -1.97148 9.46504 1.01924 14.1419 -11.9737
12007.1265791 3015.6936094 15.8840 -2.07676 9.43633 0.966602 14.1387 -12.0366
12007.1265787 3015.6936093 15.8807 -2.02412 9.40283 1.05752 14.1274 -11.9685
12007.1265789 3015.6936090 15.8830 -2.21074 9.42197 0.966602 14.1367 -12.0261
12007.1265773 3015.6936096 15.8797 -1.92363 9.53203 1.04795 14.1276 -11.9736
12007.1265788 3015.6936097 15.8818 -2.04805 9.45547 1.02881 14.135 -11.9666
12007.1265781 3015.6936089 15.8844 -2.02412 9.41719 1.03359 14.1391 -11.9624
12007.1265797 3015.6936086 15.8849 -2.00977 9.44111 1.07666 14.1406 -11.9201
12007.1265787 3015.6936085 15.8834 -2.06719 9.46025 1.05273 14.1448 -11.9307
12007.1265784 3015.6936088 15.8828 -2.07197 9.46982 1.00967 14.1435 -11.9807
12007.1265788 3015.6936082 15.8845 -1.94277 9.47939 0.990527 14.1385 -12.0159
12007.1265793 3015.6936088 15.8867 -2.08633 9.42676 1.04316 14.1353 -11.9714
12007.1265791 3015.6936091 15.8862 -2.10547 9.43633 1.02881 14.1401 -11.9679
12007.1265790 3015.6936088 15.8824 -2.01455 9.45068 1.09102 14.1378 -11.91
12007.1265773 3015.6936088 15.8780 -1.98105 9.50811 0.961816 14.1411 -12.0197
12007.1265778 3015.6936094 15.8808 -2.11982 9.39805 1.10059 14.13 -11.9207
12007.1265782 3015.6936095 15.8813 -2.0624 9.44111 0.995313 14.1416 -11.9829
12007.1265789 3015.6936102 15.8818 -2.07197 9.44111 0.995313 14.1356 -12.0124
12007.1265787 3015.6936104 15.8823 -2.17725 9.46025 1.06709 14.1315 -11.9471
12007.1265775 3015.6936097 15.8789 -2.04326 9.44111 1.00488 14.1363 -11.9854
12007.1265776 3015.6936100 15.8810 -2.05762 9.38848 1.09102 14.1339 -11.9148
12007.1265776 3015.6936108 15.8802 -2.18203 9.4124 1.07666 14.1419 -11.9026
12007.1265786 3015.6936100 15.8786 -2.13418 9.40762 1.05273 14.143 -11.9283
12007.1265760 3015.6936093 15.8781 -1.91406 9.49375 1.00488 14.1395 -11.9865
12007.1265780 3015.6936093 15.8803 -2.12939 9.39805 1.08623 14.1336 -11.9224
12007.1265762 3015.6936096 15.8711 -2.13418 9.43633 1.03838 14.1329 -11.9493
12007.1265761 3015.6936085 15.8704 -1.82793 9.50332 1.02402 14.1288 -11.9733
12007.1265762 3015.6936085 15.8713 -1.88057 9.4459 1.15801 14.126 -11.8448
12007.1265755 3015.6936097 15.8711 -2.03848 9.42676 1.05273 14.1418 -11.9021
12007.1265753 3015.6936103 15.8749 -1.95713 9.41719 1.13408 14.1399 -11.8491
12007.1265744 3015.6936107 15.8730 -1.93799 9.50332 1.09102 14.1447 -11.873
12007.1265737 3015.6936105 15.8735 -2.04805 9.48418 1.11494 14.1427 -11.8605
12007.1265735 3015.6936111 15.8695 -1.97627 9.46025 1.1293 14.1406 -11.8429
12007.1265727 3015.6936103 15.8740 -1.9667 9.39805 1.15801 14.1465 -11.8036
12007.1265732 3015.6936103 15.8747 -2.02412 9.37891 1.18672 14.1528 -11.764
12007.1265721 3015.6936108 15.8764 -2.05283 9.4459 1.22979 14.1602 -11.7097
12007.1265716 3015.6936104 15.8722 -2.01455 9.44111 1.18672 14.1643 -11.7405
12007.1265701 3015.6936101 15.8755 -2.0959 9.4124 1.28242 14.1638 -11.6565
12007.1265718 3015.6936098 15.8784 -1.96191 9.52246 1.13408 14.177 -11.7724
12007.1265701 3015.6936110 15.8716 -2.02891 9.37412 1.29199 14.158 -11.669
12007.1265705 3015.6936117 15.8784 -2.1916 9.3167 1.3542 14.1746 -11.553
12007.1265696 3015.6936111 15.8780 -2.23467 9.36455 1.31113 14.1912 -11.5652
12007.1265700 3015.6936112 15.8804 -1.95234 9.45068 1.28721 14.1938 -11.6025
12007.1265695 3015.6936108 15.8749 -2.10068 9.40762 1.26328 14.1846 -11.6451
12007.1265683 3015.6936111 15.8770 -2.04326 9.38369 1.32549 14.1799 -11.591
12007.1265686 3015.6936118 15.8781 -2.04805 9.42676 1.31592 14.1871 -11.5774
12007.1265685 3015.6936120 15.8764 -1.9667 9.42676 1.28721 14.1883 -11.6069
12007.1265686 3015.6936118 15.8786 -2.14375 9.35498 1.3207 14.1866 -11.5834
12007.1265684 3015.6936115 15.8718 -2.03848 9.52246 1.0001 14.1834 -11.8987
12007.1265689 3015.6936103 15.8792 -1.60781 9.40283 1.37813 14.1494 -11.6277
12007.1265687 3015.6936118 15.8756 -2.3208 9.35977 1.33506 14.1764 -11.5535
12007.1265683 3015.6936121 15.8740 -2.46436 9.30234 1.39727 14.1878 -11.4829
12007.1265682 3015.6936113 15.8715 -1.67002 9.49854 1.18193 14.1961 -11.6817
12007.1265693 3015.6936108 15.8757 -1.98105 9.38848 1.37813 14.1755 -11.5598
12007.1265705 3015.6936115 15.8807 -2.3208 9.39326 1.25371 14.1928 -11.6239
12007.1265684 3015.6936122 15.8699 -1.91885 9.45068 1.28242 14.1774 -11.6362
12007.1265707 3015.6936113 15.8749 -2.16768 9.43633 1.21543 14.1782 -11.6946
12007.1265707 3015.6936120 15.8699 -2.14854 9.40283 1.26807 14.1665 -11.6668
12007.1265699 3015.6936112 15.8659 -1.96191 9.44111 1.22979 14.1651 -11.6901
12007.1265694 3015.6936113 15.8664 -2.03848 9.37891 1.28242 14.1624 -11.6446
12007.1265707 3015.6936122 15.8695 -2.2251 9.36455 1.31113 14.1705 -11.5958
12007.1265712 3015.6936114 15.8687 -2.18203 9.36455 1.38291 14.1771 -11.5122
12007.1265715 3015.6936115 15.8728 -2.11504 9.37412 1.25371 14.1922 -11.6128
12007.1265711 3015.6936120 15.8672 -2.18682 9.39326 1.28242 14.1764 -11.6335
12007.1265716 3015.6936120 15.8695 -2.17246 9.42197 1.27764 14.1737 -11.6342
12007.1265724 3015.6936125 15.8703 -2.08154 9.40762 1.22021 14.174 -11.6897
12007.1265731 3015.6936115 15.8720 -2.13896 9.35977 1.33984 14.1685 -11.5892
12007.1265728 3015.6936118 15.8684 -1.91406 9.59424 1.08145 14.1774 -11.8101
12007.1265739 3015.6936131 15.8803 -1.94277 9.3167 1.52168 14.1608 -11.4476
12007.1265738 3015.6936164 15.8756 -2.95723 8.95781 1.88535 14.2007 -10.9457
12007.1265796 3015.6936153 15.8776 -2.5457 9.26885 1.16279 14.2714 -11.5115
12007.1265834 3015.6936130 15.8765 -2.07676 9.62295 0.736914 14.2075 -12.1873
12007.1265851 3015.6936136 15.8727 -2.24902 9.53682 0.756055 14.11 -12.3733
12007.1265857 3015.6936125 15.8742 -2.54092 9.61816 0.823047 14.0753 -12.3101
12007.1265852 3015.6936128 15.8831 -2.0002 9.34541 0.794336 14.0866 -12.2881
12007.1265844 3015.6936132 15.8803 -2.3543 9.23057 1.17715 14.0884 -11.9065
12007.1265834 3015.6936106 15.8802 -1.90928 9.50811 0.756055 14.1372 -12.1912
12007.1265845 3015.6936114 15.8760 -1.78965 9.67559 0.799121 14.1035 -12.2846
12007.1265836 3015.6936098 15.8809 -1.71309 9.50332 0.832617 14.0916 -12.2601
12007.1265823 3015.6936113 15.8756 -1.95713 9.40762 0.961816 14.0885 -12.1178
12007.1265795 3015.6936118 15.8778 -2.07676 9.4459 0.904395 14.1082 -12.1206
12007.1265783 3015.6936111 15.8743 -1.91406 9.46982 1.12451 14.1073 -11.9163
12007.1265776 3015.6936107 15.8721 -1.82314 9.48896 1.04316 14.1312 -11.9248
12007.1265765 3015.6936121 15.8734 -1.90928 9.46982 1.14365 14.1343 -11.8419
12007.1265769 3015.6936117 15.8739 -1.95234 9.46025 1.10059 14.1457 -11.8567
12007.1265756 3015.6936113 15.8718 -2.02412 9.44111 1.14365 14.1434 -11.8276
12007.1265782 3015.6936133 15.8763 -1.99063 9.4459 1.11973 14.1508 -11.8367
12007.1265775 3015.6936133 15.8776 -1.91406 9.39805 1.22021 14.1517 -11.7434
12007.1265771 3015.6936129 15.8807 -1.97627 9.46504 1.18672 14.1664 -11.7418
12007.1265782 3015.6936144 15.8809 -1.90928 9.48896 1.12451 14.1686 -11.8127
12007.1265781 3015.6936142 15.8775 -1.9332 9.46982 1.08145 14.1569 -11.885
12007.1265788 3015.6936130 15.8825 -1.9332 9.43154 1.1915 14.1506 -11.7903
12007.1265787 3015.6936132 15.8840 -2.00498 9.56553 1.00488 14.1632 -11.9378
12007.1265794 3015.6936127 15.8794 -1.79443 9.4459 1.08623 14.142 -11.9206
12007.1265776 3015.6936133 15.8837 -1.98105 9.38848 1.16758 14.1452 -11.8167
12007.1265769 3015.6936125 15.8793 -2.01934 9.47939 1.17236 14.155 -11.7794
12007.1265788 3015.6936131 15.8855 -1.99541 9.42676 1.1915 14.1664 -11.7491
12007.1265751 3015.6936118 15.8777 -2.0002 9.45068 1.35898 14.1649 -11.583
12007.1265757 3015.6936101 15.8751 -1.57432 9.65166 0.866113 14.1836 -12.0166
12007.1265744 3015.6936098 15.8807 -1.7083 9.42197 1.27285 14.1357 -11.7746
12007.1265744 3015.6936111 15.8769 -2.10068 9.40283 1.16279 14.1571 -11.7692
12007.1265747 3015.6936096 15.8765 -1.86621 9.48896 1.16758 14.1601 -11.7764
12007.1265763 3015.6936094 15.8770 -1.63652 9.49854 1.1293 14.16 -11.8189
12007.1265763 3015.6936105 15.8778 -1.91406 9.48418 1.08145 14.1553 -11.8815
12007.1265771 3015.6936090 15.8793 -1.804 9.49375 1.01924 14.1481 -11.9623
12007.1265763 3015.6936100 15.8748 -1.68916 9.50332 1.00967 14.1329 -11.9993
12007.1265769 3015.6936093 15.8689 -1.76094 9.5416 1.02402 14.1211 -11.9923
12007.1265772 3015.6936098 15.8700 -1.91406 9.50332 1.03359 14.1215 -11.972
12007.1265766 3015.6936118 15.8671 -1.804 9.49375 1.01445 14.1216 -11.9859
12007.1265767 3015.6936100 15.8668 -1.84707 9.47939 1.00488 14.1196 -12.0007
12007.1265765 3015.6936112 15.8678 -1.82314 9.46982 1.03359 14.1183 -11.9755
12007.1265773 3015.6936111 15.8687 -1.871 9.52246 1.07666 14.1221 -11.9219
12007.1265782 3015.6936112 15.8694 -1.79922 9.50332 1.02881 14.1301 -11.9524
12007.1265774 3015.6936115 15.8686 -1.9332 9.4459 1.05273 14.1265 -11.9451
12007.1265776 3015.6936120 15.8681 -1.89014 9.48896 1.00967 14.1265 -11.9835
12007.1265789 3015.6936113 15.8705 -1.86621 9.49854 1.04316 14.1237 -11.9624
12007.1265780 3015.6936120 15.8692 -1.77529 9.48896 1.01445 14.1249 -11.9825
12007.1265772 3015.6936105 15.8708 -1.93799 9.45547 1.08145 14.1239 -11.9225
12007.1265770 3015.6936117 15.8656 -1.91885 9.45547 1.13408 14.1269 -11.851
12007.1265773 3015.6936127 15.8687 -2.02412 9.46982 1.04795 14.1391 -11.9112
12007.1265784 3015.6936117 15.8729 -1.83271 9.46504 1.09102 14.1366 -11.895
12007.1265784 3015.6936109 15.8732 -1.871 9.50332 1.01445 14.1386 -11.9639
12007.1265753 3015.6936125 15.8645 -1.90928 9.45547 1.12451 14.1225 -11.8856
12007.1265765 3015.6936103 15.8707 -1.97627 9.46504 1.06709 14.1359 -11.9005
12007.1265758 3015.6936108 15.8662 -1.77051 9.50811 1.11973 14.1317 -11.8646
12007.1265762 3015.6936112 15.8685 -1.84707 9.45068 1.0623 14.1378 -11.905
12007.1265752 3015.6936104 15.8659 -1.804 9.47461 1.07188 14.1311 -11.9155
12007.1265753 3015.6936103 15.8676 -1.804 9.50811 1.1293 14.1304 -11.8565
12007.1265763 3015.6936101 15.8706 -1.84707 9.46982 1.09102 14.1405 -11.8712
12007.1265755 3015.6936108 15.8670 -1.81357 9.47939 1.03359 14.1367 -11.9426
12007.1265770 3015.6936101 15.8719 -1.77529 9.49854 1.07188 14.1315 -11.9246
12007.1265756 3015.6936094 15.8711 -1.88057 9.49854 1.02881 14.1324 -11.9583
12007.1265748 3015.6936114 15.8660 -1.89014 9.45547 1.11494 14.1238 -11.8881
12007.1265741 3015.6936092 15.8698 -1.8375 9.50332 1.10537 14.1349 -11.8645
12007.1265756 3015.6936111 15.8742 -1.84707 9.47461 1.12451 14.1432 -11.8411
12007.1265737 3015.6936125 15.8698 -1.9667 9.42197 1.15801 14.1434 -11.8073
12007.1265754 3015.6936116 15.8744 -1.89014 9.43633 1.16758 14.1517 -11.7827
12007.1265739 3015.6936111 15.8655 -1.83271 9.46504 1.15801 14.1481 -11.7944
12007.1265739 3015.6936120 15.8681 -1.94756 9.47939 1.15322 14.1484 -11.7995
12007.1265746 3015.6936109 15.8695 -1.83271 9.47461 1.14844 14.1491 -11.8054
12007.1265751 3015.6936121 15.8725 -1.8375 9.48896 1.15801 14.151 -11.7965
12007.1265710 3015.6936113 15.8629 -1.95713 9.44111 1.15801 14.144 -11.8006
12007.1265728 3015.6936121 15.8720 -1.91406 9.43154 1.20107 14.1505 -11.7488
12007.1265713 3015.6936122 15.8657 -1.83271 9.45547 1.26328 14.1525 -11.6761
12007.1265710 3015.6936125 15.8648 -1.94756 9.43633 1.26807 14.1612 -11.6469
12007.1265701 3015.6936125 15.8622 -1.95234 9.40283 1.28242 14.1637 -11.6292
12007.1265706 3015.6936120 15.8659 -1.97627 9.44111 1.27764 14.1695 -11.6269
12007.1265708 3015.6936126 15.8734 -2.01455 9.45068 1.30635 14.1771 -11.5963
12007.1265718 3015.6936130 15.8753 -2.08633 9.35498 1.37813 14.1836 -11.5171
12007.1265713 3015.6936137 15.8714 -2.08154 9.36934 1.28242 14.1911 -11.5909
12007.1265720 3015.6936134 15.8759 -1.92363 9.4124 1.31113 14.1866 -11.5907
12007.1265723 3015.6936136 15.8795 -2.04805 9.4124 1.30635 14.1892 -11.5903
12007.1265721 3015.6936144 15.8794 -2.13896 9.36934 1.39248 14.1895 -11.5057
12007.1265717 3015.6936146 15.8803 -2.18203 9.40762 1.29199 14.2011 -11.5753
12007.1265724 3015.6936146 15.8818 -2.12461 9.43633 1.37813 14.195 -11.5207
12007.1265720 3015.6936140 15.8818 -2.2251 9.40283 1.28721 14.2012 -11.5881
12007.1265723 3015.6936164 15.8797 -2.17725 9.37891 1.36377 14.1916 -11.5411
12007.1265718 3015.6936152 15.8779 -2.16289 9.36934 1.33984 14.1948 -11.5431
12007.1265718 3015.6936151 15.8756 -2.10547 9.4124 1.29199 14.1929 -11.5951
12007.1265711 3015.6936153 15.8760 -2.16768 9.42676 1.21064 14.1864 -11.6938
12007.1265723 3015.6936158 15.8791 -2.20596 9.36934 1.31592 14.1757 -11.618
12007.1265721 3015.6936155 15.8787 -2.23945 9.35977 1.32549 14.1837 -11.5745
12007.1265717 3015.6936160 15.8828 -2.16289 9.34541 1.39727 14.1938 -11.4895
12007.1265726 3015.6936161 15.8799 -2.20117 9.38848 1.35898 14.2034 -11.5054
12007.1265718 3015.6936159 15.8799 -2.21553 9.36455 1.3542 14.2025 -11.5221
12007.1265723 3015.6936155 15.8833 -2.23467 9.33584 1.34463 14.2033 -11.535
12007.1265716 3015.6936163 15.8813 -2.21074 9.2832 1.46426 14.2 -11.4218
12007.1265717 3015.6936148 15.8785 -2.25381 9.3502 1.40205 14.2115 -11.4428
12007.1265728 3015.6936152 15.8834 -2.05283 9.39326 1.41162 14.2146 -11.4451
12007.1265711 3015.6936146 15.8778 -2.22031 9.38369 1.33027 14.2098 -11.5328
12007.1265722 3015.6936147 15.8815 -2.20596 9.36934 1.34941 14.2013 -11.5399
12007.1265721 3015.6936154 15.8813 -2.2251 9.38848 1.34941 14.1991 -11.5371
12007.1265718 3015.6936143 15.8790 -2.21074 9.40762 1.3207 14.1972 -11.5649
12007.1265712 3015.6936139 15.8808 -2.24424 9.39326 1.31113 14.195 -11.5821
12007.1265720 3015.6936151 15.8846 -2.17246 9.35977 1.39248 14.1958 -11.5031
12007.1265727 3015.6936147 15.8851 -2.21074 9.38848 1.33027 14.2064 -11.537
12007.1265713 3015.6936144 15.8793 -2.21553 9.38848 1.37813 14.1984 -11.5119
12007.1265704 3015.6936156 15.8812 -2.17725 9.34541 1.41641 14.2022 -11.4582
12007.1265705 3015.6936150 15.8820 -2.30645 9.35977 1.45469 14.2102 -11.4025
12007.1265709 3015.6936155 15.8815 -2.29209 9.34063 1.51689 14.2179 -11.3257
12007.1265710 3015.6936151 15.8834 -2.12461 9.37412 1.3877 14.2303 -11.4309
12007.1265708 3015.6936144 15.8832 -2.18682 9.38848 1.46426 14.2183 -11.4003
12007.1265706 3015.6936148 15.8837 -2.3208 9.2832 1.47861 14.2211 -11.3669
12007.1265704 3015.6936152 15.8848 -2.28252 9.33584 1.47383 14.2267 -11.3608
12007.1265700 3015.6936148 15.8810 -2.11982 9.39805 1.39727 14.2249 -11.4411
12007.1265698 3015.6936153 15.8821 -2.16289 9.37891 1.44033 14.2154 -11.4251
12007.1265700 3015.6936148 15.8797 -2.3543 9.35977 1.3877 14.2141 -11.4675
12007.1265694 3015.6936133 15.8806 -2.24424 9.30234 1.50732 14.2094 -11.3617
12007.1265694 3015.6936145 15.8727 -2.04326 9.39326 1.35898 14.2153 -11.4739
12007.1265699 3015.6936143 15.8799 -2.15811 9.39326 1.33027 14.2081 -11.5423
12007.1265698 3015.6936138 15.8763 -2.11982 9.4459 1.34463 14.1953 -11.5503
12007.1265699 3015.6936135 15.8772 -2.07197 9.33584 1.4499 14.1935 -11.4392
12007.1265701 3015.6936138 15.8804 -2.15811 9.4124 1.32549 14.2102 -11.5203
12007.1265695 3015.6936143 15.8777 -2.10547 9.34063 1.4499 14.1996 -11.4375
12007.1265692 3015.6936157 15.8797 -2.25859 9.34063 1.41641 14.2105 -11.4331
12007.1265700 3015.6936145 15.8828 -2.2873 9.34063 1.4834 14.2152 -11.3696
12007.1265692 3015.6936149 15.8813 -2.16768 9.38369 1.42598 14.2226 -11.408
12007.1265706 3015.6936142 15.8842 -2.15332 9.42197 1.3542 14.2211 -11.4965
12007.1265710 3015.6936147 15.8882 -2.18682 9.35498 1.3877 14.2132 -11.4914
12007.1265701 3015.6936148 15.8838 -2.2251 9.32627 1.44033 14.209 -11.4347
12007.1265704 3015.6936142 15.8880 -2.16289 9.36934 1.41641 14.2193 -11.4328
12007.1265695 3015.6936139 15.8860 -2.16289 9.37891 1.44512 14.2191 -11.4113
12007.1265703 3015.6936142 15.8838 -2.18203 9.35977 1.47861 14.2199 -11.3713
12007.1265716 3015.6936150 15.8921 -2.29688 9.3502 1.45469 14.2324 -11.3761
12007.1265702 3015.6936146 15.8867 -2.29209 9.34541 1.39727 14.2286 -11.4466
12007.1265685 3015.6936158 15.8856 -1.9332 9.49854 1.33984 14.2182 -11.5278
12007.1265711 3015.6936165 15.8907 -2.91416 9.13486 1.34941 14.211 -11.5375
12007.1265713 3015.6936157 15.8912 -2.42607 9.11094 1.80879 14.2093 -11.0768
12007.1265712 3015.6936153 15.8912 -1.4834 9.61338 1.39248 14.2677 -11.3258
12007.1265706 3015.6936175 15.8864 -3.11992 9.14443 1.41162 14.2393 -11.4369
12007.1265694 3015.6936188 15.8918 -2.92373 9.01045 1.86621 14.2262 -11.0007
12007.1265672 3015.6936186 15.8841 -2.51699 9.04395 1.59824 14.2733 -11.108
12007.1265675 3015.6936204 15.8885 -2.74189 9.02002 1.89492 14.2695 -10.8773
12007.1265687 3015.6936202 15.8876 -2.74189 9.26885 1.50254 14.2976 -11.1847
12007.1265684 3015.6936206 15.8868 -2.79453 9.19707 1.62217 14.2614 -11.1943
12007.1265681 3015.6936209 15.8864 -2.97158 9.20664 1.60303 14.2552 -11.194
12007.1265692 3015.6936210 15.8920 -2.52656 9.06309 1.83271 14.2593 -10.9567
12007.1265657 3015.6936203 15.8874 -2.60791 8.99609 1.871 14.286 -10.8385
12007.1265665 3015.6936217 15.8859 -3.08164 9.18271 1.63174 14.3032 -11.0531
12007.1265669 3015.6936220 15.8881 -2.92373 9.24971 1.79922 14.28 -10.9726
12007.1265662 3015.6936219 15.8883 -2.85674 8.84775 2.24902 14.2874 -10.4788
12007.1265677 3015.6936204 15.8875 -2.72754 9.11572 1.59346 14.3505 -10.9616
12007.1265698 3015.6936194 15.8900 -2.96201 9.11572 1.83271 14.2993 -10.9351
12007.1265717 3015.6936198 15.8908 -2.85195 9.30234 1.41641 14.2968 -11.3086
12007.1265714 3015.6936185 15.8861 -2.44521 9.49854 1.37813 14.2449 -11.483
12007.1265702 3015.6936192 15.8873 -2.7084 9.10615 1.98105 14.2171 -10.909
12007.1265706 3015.6936196 15.8873 -3.16299 9.25449 1.45947 14.2867 -11.2059
12007.1265688 3015.6936205 15.8830 -2.51699 8.99609 2.0002 14.254 -10.8194
12007.1265700 3015.6936201 15.8856 -2.66055 9.24014 1.50732 14.3013 -11.1503
12007.1265682 3015.6936207 15.8832 -2.97158 9.13008 1.871 14.2631 -10.9378
12007.1265695 3015.6936194 15.8873 -2.6749 9.15879 1.60781 14.2888 -11.0973
12007.1265676 3015.6936196 15.8870 -2.62705 9.07744 1.85664 14.2716 -10.9226
12007.1265677 3015.6936202 15.8859 -2.68926 9.20664 1.77051 14.2906 -10.9354
12007.1265681 3015.6936205 15.8903 -2.59355 9.13486 1.80879 14.2953 -10.9111
12007.1265667 3015.6936206 15.8869 -2.60791 9.16357 1.77529 14.296 -10.941
12007.1265682 3015.6936205 15.8884 -2.69883 9.1875 1.78008 14.2936 -10.9465
12007.1265687 3015.6936201 15.8885 -2.75625 9.25928 1.73223 14.2927 -10.9947
12007.1265691 3015.6936202 15.8887 -2.62227 9.14922 1.81836 14.2866 -10.9253
12007.1265693 3015.6936198 15.8894 -2.75146 9.23535 1.64131 14.2952 -11.0729
12007.1265698 3015.6936203 15.8885 -2.52178 9.21143 1.58867 14.2768 -11.185
12007.1265672 3015.6936198 15.8889 -2.46914 9.22578 1.72266 14.2605 -11.0793
12007.1265680 3015.6936192 15.8907 -2.38779 9.16836 2.0624 14.2735 -10.6899
12007.1265667 3015.6936196 15.8862 -2.54092 9.10137 1.92363 14.3207 -10.6994
12007.1265672 3015.6936204 15.8962 -2.33037 9.19707 1.88057 14.3343 -10.7698
12007.1265677 3015.6936197 15.8960 -2.45 9.13008 1.89014 14.3269 -10.7943
12007.1265674 3015.6936208 15.8926 -2.60791 9.21143 1.79443 14.3198 -10.8963
12007.1265676 3015.6936207 15.8927 -2.55049 9.17793 1.81357 14.306 -10.9094
12007.1265679 3015.6936196 15.8945 -2.56006 9.23057 1.71309 14.3042 -11.0046
12007.1265688 3015.6936190 15.8963 -2.55527 9.27363 1.94277 14.2934 -10.807
12007.1265674 3015.6936199 15.8930 -2.43086 9.04395 1.6748 14.3143 -10.9989
12007.1265672 3015.6936192 15.8940 -2.44043 9.0918 1.90449 14.2934 -10.8511
12007.1265683 3015.6936209 15.8930 -2.73232 9.13965 1.89492 14.3087 -10.7947
12007.1265686 3015.6936208 15.8927 -3.13428 9.04395 1.82314 14.3176 -10.8561
12007.1265697 3015.6936206 15.8965 -2.73711 9.19707 1.77529 14.3142 -10.9293
12007.1265697 3015.6936187 15.8933 -2.42607 9.40762 1.54561 14.3017 -11.1853
12007.1265688 3015.6936211 15.8909 -2.78018 9.12051 1.91406 14.2654 -10.9026
12007.1265684 3015.6936211 15.8921 -2.83281 9.13008 1.71787 14.2978 -10.9729
12007.1265678 3015.6936222 15.8908 -2.91416 9.04873 2.03848 14.2918 -10.6992
12007.1265675 3015.6936221 15.8861 -2.8998 9.20664 1.871 14.3218 -10.7672
12007.1265676 3015.6936211 15.8883 -2.77061 9.17314 1.80879 14.3189 -10.8717
12007.1265688 3015.6936221 15.8903 -2.60791 9.20186 1.66045 14.307 -11.0546
12007.1265684 3015.6936213 15.8897 -2.89023 9.06309 1.94277 14.2817 -10.8309
12007.1265666 3015.6936224 15.8875 -2.9333 9.10615 1.83271 14.305 -10.8456
12007.1265657 3015.6936225 15.8892 -2.79453 9.06787 1.94277 14.3076 -10.7546
12007.1265656 3015.6936224 15.8933 -2.80889 9.05352 1.92363 14.323 -10.74
12007.1265639 3015.6936237 15.8876 -2.68926 9.15879 2.08154 14.3219 -10.5904
12007.1265646 3015.6936236 15.8905 -2.78975 9.11094 1.94277 14.3433 -10.6726
12007.1265651 3015.6936245 15.8924 -3.14385 8.98652 2.04326 14.3372 -10.6143
12007.1265643 3015.6936238 15.8920 -3.03379 9.03438 1.97148 14.3435 -10.6614
12007.1265666 3015.6936231 15.8939 -2.75146 9.17314 1.79922 14.34 -10.8534
12007.1265644 3015.6936244 15.8916 -2.82803 8.99609 2.11504 14.3131 -10.6061
12007.1265652 3015.6936250 15.8938 -3.17256 9.02002 2.04805 14.3431 -10.5653
12007.1265650 3015.6936237 15.8917 -2.67969 9.19229 1.90928 14.3503 -10.7098
12007.1265650 3015.6936229 15.8978 -2.82324 9.1875 1.93799 14.3381 -10.7339
12007.1265639 3015.6936231 15.8958 -2.88545 8.91953 2.14854 14.3317 -10.5256
12007.1265641 3015.6936232 15.8953 -2.77061 9.11572 1.89014 14.357 -10.7051
12007.1265630 3015.6936222 15.8960 -2.65576 9.13965 2.11982 14.338 -10.5559
12007.1265620 3015.6936222 15.8916 -2.89502 9.02002 2.11025 14.3507 -10.5023
12007.1265623 3015.6936233 15.8910 -2.75146 9.221 1.88535 14.3586 -10.7164
12007.1265610 3015.6936235 15.8907 -2.77539 8.97695 2.27295 14.3321 -10.4112
12007.1265609 3015.6936233 15.8910 -2.92852 8.95303 2.12461 14.3679 -10.4324
12007.1265626 3015.6936236 15.8954 -2.93809 9.0583 2.0624 14.3735 -10.5223
12007.1265623 3015.6936228 15.8932 -2.65576 9.14443 1.95713 14.3609 -10.665
12007.1265625 3015.6936225 15.8937 -2.73232 9.14922 2.02891 14.3416 -10.6363
12007.1265624 3015.6936230 15.8898 -2.87109 9.04873 2.11982 14.3394 -10.5252
12007.1265612 3015.6936224 15.8891 -2.77539 9.11094 1.98105 14.3526 -10.6229
12007.1265617 3015.6936230 15.8892 -2.80889 8.97695 2.07197 14.342 -10.5756
12007.1265619 3015.6936228 15.8903 -2.90459 9.00088 2.11504 14.3476 -10.508
12007.1265618 3015.6936236 15.8910 -2.75625 9.04395 2.21074 14.3575 -10.391
12007.1265616 3015.6936233 15.8952 -2.95723 9.12529 1.92363 14.3773 -10.6397
12007.1265616 3015.6936221 15.8918 -2.75625 9.04395 2.18203 14.3452 -10.4857
12007.1265599 3015.6936224 15.8911 -2.73232 9.06309 2.06719 14.3601 -10.525
12007.1265607 3015.6936222 15.8934 -2.91895 9.07266 2.10068 14.359 -10.5137
12007.1265600 3015.6936219 15.8932 -2.75625 9.08223 2.06719 14.3602 -10.5426
12007.1265610 3015.6936221 15.8993 -2.75625 9.08223 2.06719 14.3619 -10.5498
12007.1265602 3015.6936212 15.8945 -2.75625 9.08223 2.06719 14.3571 -10.5566
12007.1265609 3015.6936213 15.8963 -2.75625 9.08223 2.06719 14.3571 -10.5548
12007.1265608 3015.6936214 15.8964 -2.75625 9.08223 2.06719 14.3575 -10.5542
12007.1265596 3015.6936206 15.8950 -2.75625 9.08223 2.06719 14.3564 -10.555
12007.1265608 3015.6936215 15.8962 -2.75625 9.08223 2.06719 14.3572 -10.5539
12007.1265609 3015.6936208 15.8964 -2.75625 9.08223 2.06719 14.3576 -10.5538
12007.1265605 3015.6936174 15.8965 -2.75625 9.08223 2.06719 14.3577 -10.554
12007.1265621 3015.6936122 15.8930 -2.75625 9.08223 2.06719 14.3547 -10.5564
12007.1265610 3015.6936068 15.8904 -2.75625 9.08223 2.06719 14.3517 -10.557
12007.1265606 3015.6936046 15.8844 -2.75625 9.08223 2.06719 14.346 -10.5591
12007.1265612 3015.6936061 15.8863 -2.75625 9.08223 2.06719 14.3467 -10.5551
12007.1265808 3015.6936279 15.9407 -2.75625 9.08223 2.06719 14.3948 -10.5192
12007.1265825 3015.6936222 16.0352 -3.4166 8.46016 2.78975 14.4879 -9.75407
12007.1265827 3015.6936224 16.0254 -3.86162 8.36445 2.54092 14.5886 -9.79285
12007.1265813 3015.6936214 16.0335 -3.78027 8.40273 2.72754 14.6035 -9.6794
12007.1265801 3015.6936195 16.0352 -3.74199 8.47451 2.58877 14.6214 -9.78573
12007.1265810 3015.6936208 16.0385 -4.44063 8.4793 2.67012 14.613 -9.75201
12007.1265806 3015.6936228 16.0405 -4.00996 8.22568 2.8998 14.6179 -9.50352
12007.1265798 3015.6936217 16.0427 -3.92383 8.34531 2.87588 14.6521 -9.43963
12007.1265790 3015.6936195 16.0426 -4.10566 8.60371 2.58877 14.6645 -9.72561
12007.1265781 3015.6936192 16.0435 -3.99082 8.41709 3.00508 14.6305 -9.41977
12007.1265782 3015.6936197 16.0493 -4.17744 7.91465 3.43096 14.6701 -8.85814
12007.1265752 3015.6936225 16.0349 -4.57939 7.81895 3.70371 14.7341 -8.41746
12007.1265766 3015.6936199 16.0442 -4.79951 7.66104 4.0626 14.8064 -7.93462
12007.1265747 3015.6936173 16.0427 -4.3832 7.92422 3.68457 14.8757 -8.18576
12007.1265756 3015.6936174 16.0414 -4.58896 8.40752 3.07207 14.8515 -8.93398
12007.1265724 3015.6936090 16.0420 -2.56963 9.30713 2.37822 14.7537 -9.8817
12007.1265769 3015.6936111 16.0641 -2.12461 9.25449 2.0002 14.6399 -10.5248
12007.1265833 3015.6936147 16.0741 -3.16299 8.84297 2.30166 14.5524 -10.3761
12007.1265861 3015.6936138 16.0727 -2.60791 9.29277 2.34951 14.5589 -10.2195
12007.1265838 3015.6936096 16.0762 -2.30166 9.3167 2.20117 14.5827 -10.3133
12007.1265860 3015.6936091 16.0787 -3.14385 8.85732 2.55527 14.576 -10.0067
12007.1265837 3015.6936077 16.0811 -2.6127 8.91475 2.53135 14.6163 -9.91421
12007.1265822 3015.6936070 16.0835 -2.30166 9.30713 2.05762 14.6353 -10.3788
12007.1265823 3015.6936119 16.0844 -2.78975 9.0248 2.2251 14.5793 -10.3904
12007.1265805 3015.6936120 16.0831 -2.51699 9.16357 2.34951 14.5696 -10.2352
12007.1265813 3015.6936124 16.0850 -2.5792 8.9291 2.50742 14.5898 -10.014
12007.1265778 3015.6936081 16.0846 -2.36865 9.21621 2.11025 14.6202 -10.3445
12007.1265708 3015.6936037 16.0763 -2.26816 9.12051 2.2873 14.5747 -10.3113
12007.1265700 3015.6935992 16.0741 -2.36387 9.154 2.34951 14.5712 -10.2095
12007.1265690 3015.6935973 16.0740 -2.12939 9.31191 2.03369 14.5837 -10.4865
12007.1265686 3015.6935985 16.0694 -2.19639 9.21621 2.25859 14.546 -10.3723
12007.1265716 3015.6935985 16.0690 -2.35908 9.07744 2.45 14.5554 -10.1159
12007.1265759 3015.6935991 16.0709 -2.44521 9.26406 2.44521 14.5908 -10.033
12007.1265791 3015.6935997 16.0690 -2.59834 9.1875 2.20596 14.6042 -10.2663
12007.1265801 3015.6936032 16.0626 -2.52178 9.02002 2.68447 14.5707 -9.88458
12007.1265827 3015.6936031 16.0683 -2.67012 9.14443 2.44521 14.62 -9.96109
12007.1265806 3015.6936029 16.0695 -2.33037 9.01523 2.56484 14.6175 -9.89979
12007.1265772 3015.6936022 16.0603 -2.39258 9.16836 2.55049 14.617 -9.89638
12007.1265741 3015.6936009 16.0667 -2.17246 9.18271 2.29209 14.623 -10.1491
12007.1265739 3015.6936042 16.0642 -2.41172 8.97217 2.83281 14.5894 -9.70492
12007.1265735 3015.6936032 16.0669 -2.36865 9.03438 2.52656 14.644 -9.82781
12007.1265728 3015.6936029 16.0701 -2.16768 9.14922 2.33994 14.6381 -10.0916
12007.1265727 3015.6936042 16.0619 -2.37344 9.14443 2.52656 14.5966 -10.0016
12007.1265726 3015.6936028 16.0626 -2.52656 9.19229 2.23467 14.6034 -10.234
12007.1265722 3015.6936021 16.0647 -2.50264 9.26406 2.17725 14.5765 -10.3783
12007.1265708 3015.6936023 16.0632 -2.18203 9.24492 2.41172 14.5534 -10.1796
12007.1265722 3015.6936012 16.0630 -2.31602 9.27363 2.49307 14.5756 -10.012
12007.1265768 3015.6936011 16.0660 -3.60322 8.80947 2.31602 14.6024 -10.1408
12007.1265758 3015.6935910 16.0729 -3.22041 9.35498 0.765625 14.5954 -11.7504
12007.1265682 3015.6935816 16.0711 -1.88535 9.49854 0.512012 14.3881 -12.581
12007.1265661 3015.6935810 16.0698 -1.98584 9.11572 1.02881 14.2549 -12.232
12007.1265631 3015.6935858 16.0744 -0.239258 9.29756 1.90449 14.2864 -11.1424
12007.1265795 3015.6935851 16.0718 -3.43574 9.154 0.162695 14.4268 -12.5131
12007.1265829 3015.6935818 16.0710 -0.44502 9.72344 -0.378027 14.2695 -13.6383
12007.1265901 3015.6935790 16.0594 -2.44043 9.47939 -0.425879 14.0962 -13.9987
12007.1265912 3015.6935821 16.0586 -0.186621 9.73779 0.277539 14.0276 -13.315
12007.1265988 3015.6935895 16.0556 -2.0002 9.49854 -0.267969 14.1033 -13.572
12007.1265973 3015.6935955 16.0586 -1.46904 9.57988 0.291895 14.0828 -13.1512
12007.1265952 3015.6935963 16.0598 -2.11025 9.51768 0.641211 14.1348 -12.6364
12007.1265869 3015.6935901 16.0608 -0.732129 9.9627 0.229688 14.2078 -12.8949
12007.1265851 3015.6935912 16.0733 -0.961816 9.57988 0.588574 14.1951 -12.6679
12007.1265784 3015.6935955 16.0807 -0.382812 9.7043 1.86621 14.2288 -11.2955
12007.1265740 3015.6935973 16.0960 -0.31582 9.43154 1.42119 14.4211 -11.2575
12007.1265756 3015.6936017 16.1106 -1.24414 9.56074 2.37822 14.4631 -10.4004
12007.1265720 3015.6936023 16.1294 -1.1915 9.06309 2.4835 14.594 -10.001
12007.1265660 3015.6935980 16.1552 -0.387598 9.71865 2.43564 14.684 -9.97194
12007.1265571 3015.6935959 16.1786 -0.239258 8.63721 3.04814 14.7195 -9.39156
12007.1265569 3015.6935928 16.1795 -0.373242 9.25449 2.11504 14.7987 -10.1376
12007.1265576 3015.6935854 16.1755 -0.272754 9.6373 2.10547 14.7103 -10.4693
12007.1265609 3015.6935816 16.1662 -0.177051 9.72822 1.99063 14.6488 -10.6532
12007.1265610 3015.6935804 16.1719 -0.46416 9.06787 2.15332 14.6225 -10.5138
12007.1265602 3015.6935762 16.1625 -0.263184 9.84307 1.3207 14.6287 -11.2854
12007.1265615 3015.6935708 16.1643 -0.45459 9.63252 1.27764 14.5329 -11.6094
12007.1265612 3015.6935660 16.1615 0.14834 9.55596 1.46904 14.477 -11.4754
12007.1265580 3015.6935616 16.1571 -0.0382813 9.60859 1.35898 14.4831 -11.5042
12007.1265559 3015.6935621 16.1521 0 9.72822 1.28721 14.4759 -11.5935
12007.1265569 3015.6935606 16.1497 -0.220117 9.69473 1.3877 14.4615 -11.5221
12007.1265588 3015.6935600 16.1512 -0.31582 9.68516 1.17715 14.4701 -11.6967
12007.1265562 3015.6935592 16.1451 0.124414 9.61338 1.36855 14.4436 -11.5777
12007.1265560 3015.6935600 16.1445 -0.411523 9.84307 1.22021 14.4549 -11.6666
12007.1265569 3015.6935600 16.1478 0.0957031 10.0153 1.41641 14.4479 -11.5075
12007.1265588 3015.6935559 16.1565 -0.177051 9.53682 1.7418 14.4748 -11.1147
12007.1265570 3015.6935508 16.1643 0.129199 9.32148 1.45469 14.535 -11.2725
12007.1265587 3015.6935487 16.1671 -0.0239258 9.73301 1.26328 14.525 -11.5574
12007.1265574 3015.6935448 16.1566 -0.090918 9.65166 1.53125 14.4784 -11.3926
12007.1265551 3015.6935421 16.1587 0.186621 9.55596 1.20107 14.4952 -11.6321
12007.1265546 3015.6935419 16.1573 0.248828 9.68037 1.22021 14.4657 -11.711
12007.1265545 3015.6935438 16.1527 0.153125 9.5751 1.22979 14.4479 -11.7139
12007.1265580 3015.6935465 16.1493 0.0191406 9.73301 1.07666 14.4422 -11.8589
12007.1265604 3015.6935508 16.1425 -0.334961 9.57031 1.20107 14.4172 -11.7875
12007.1265621 3015.6935563 16.1333 -0.45459 9.46504 1.70352 14.415 -11.2492
12007.1265643 3015.6935585 16.1253 -0.617285 9.87656 1.29678 14.4763 -11.4655
12007.1265640 3015.6935595 16.1229 -0.497656 9.78564 1.33984 14.4544 -11.5412
12007.1265637 3015.6935625 16.1224 -0.717773 9.39326 1.69873 14.4416 -11.1959
12007.1265610 3015.6935641 16.1222 -0.6125 9.65166 1.46904 14.4837 -11.2931
12007.1265586 3015.6935656 16.1175 -0.756055 9.58945 1.37334 14.4726 -11.4537
12007.1265576 3015.6935667 16.1127 -0.483301 9.67559 1.4499 14.4466 -11.4311
12007.1265588 3015.6935652 16.1092 -0.641211 9.64209 1.51211 14.4431 -11.3463
12007.1265605 3015.6935612 16.1142 -0.497656 9.55117 1.1293 14.4578 -11.6931
12007.1265593 3015.6935607 16.1126 -0.756055 9.65645 1.13408 14.4141 -11.8238
12007.1265590 3015.6935619 16.1112 -0.626855 9.55117 1.30156 14.3907 -11.6764
12007.1265588 3015.6935625 16.1087 -0.655566 9.74258 1.14844 14.4043 -11.763
12007.1265577 3015.6935618 16.1080 -0.655566 9.60381 1.25371 14.3944 -11.6981
12007.1265587 3015.6935614 16.1103 -0.593359 9.58467 1.20586 14.4034 -11.7148
12007.1265582 3015.6935610 16.1081 -0.411523 9.6373 1.225 14.4005 -11.7088
12007.1265595 3015.6935617 16.1096 -0.784766 9.56553 1.38291 14.4022 -11.5459
12007.1265600 3015.6935605 16.1074 -0.890039 9.68516 1.20586 14.4213 -11.6667
12007.1265581 3015.6935572 16.1064 -0.564648 9.50811 1.08145 14.4074 -11.8475
12007.1265572 3015.6935587 16.1036 -0.593359 9.87178 0.813477 14.3802 -12.1736
12007.1265586 3015.6935594 16.1040 -0.77041 9.57031 1.23457 14.3356 -11.8524
12007.1265586 3015.6935601 16.1030 -0.435449 9.43633 0.717773 14.3699 -12.2256
12007.1265562 3015.6935622 16.0945 -0.435449 9.43633 0.717773 14.3194 -12.3875
12007.1265472 3015.6935710 16.0806 -0.373242 9.78564 0.818262 14.2802 -12.3219
12007.1265483 3015.6935707 16.0835 -0.483301 9.56553 0.890039 14.2861 -12.1996
12007.1265505 3015.6935694 16.0843 -0.77998 9.65645 0.851758 14.3031 -12.1971
12007.1265502 3015.6935690 16.0807 -0.736914 9.67559 0.77041 14.3025 -12.2907
12007.1265520 3015.6935698 16.0804 -0.722559 9.80957 0.77998 14.2902 -12.3146
12007.1265520 3015.6935710 16.0758 -0.741699 9.50811 0.741699 14.2816 -12.3566
12007.1265554 3015.6935713 16.0755 -1.08145 9.7043 0.995313 14.2749 -12.1129
12007.1265568 3015.6935693 16.0745 -0.703418 9.53203 0.842188 14.3042 -12.1744
12007.1265582 3015.6935681 16.0695 -0.521582 9.66123 0.842188 14.2957 -12.2186
12007.1265610 3015.6935679 16.0693 -1.03838 9.71387 0.669922 14.2889 -12.4015
12007.1265605 3015.6935668 16.0634 -1.11016 9.58945 0.712988 14.2596 -12.4237
12007.1265603 3015.6935669 16.0599 -0.913965 9.71387 0.626855 14.2499 -12.5014
12007.1265629 3015.6935681 16.0587 -1.19629 9.67559 0.756055 14.2378 -12.3948
12007.1265653 3015.6935680 16.0578 -1.27764 9.75215 0.813477 14.249 -12.2918
12007.1265660 3015.6935678 16.0508 -0.966602 9.50811 0.76084 14.2575 -12.3189
12007.1265665 3015.6935680 16.0503 -1.24414 9.65645 0.947461 14.2546 -12.1478
12007.1265670 3015.6935680 16.0480 -1.20107 9.71387 0.521582 14.274 -12.5116
12007.1265674 3015.6935674 16.0502 -1.21543 9.49854 0.818262 14.2321 -12.3571
12007.1265633 3015.6935731 16.0559 -0.717773 9.56553 1.11494 14.2514 -11.9743
12007.1265619 3015.6935756 16.0488 -1.03838 9.60859 1.05273 14.2964 -11.9154
12007.1265635 3015.6935759 16.0424 -1.34463 9.7665 0.846973 14.304 -12.1327
12007.1265641 3015.6935750 16.0499 -1.07188 9.62773 0.913965 14.2839 -12.1442
12007.1265622 3015.6935760 16.0457 -1.04316 9.52725 0.818262 14.2762 -12.2338
12007.1265629 3015.6935686 15.9492 0.837402 10.2929 0.239258 14.1796 -12.9019
12007.1265698 3015.6935699 15.8804 0.722559 9.8335 0.0669922 14.0223 -13.2973
12007.1265760 3015.6935697 15.8460 1.2585 9.05352 0.0957031 13.9219 -13.3325
12007.1265756 3015.6935777 15.8508 -0.0717773 9.34063 1.27285 13.9088 -12.1009
12007.1265706 3015.6935812 15.8478 0.44502 9.42676 1.62695 14.0613 -11.2962
12007.1265804 3015.6935833 15.8744 -0.382812 9.47939 0.330176 14.2063 -12.3834
12007.1265876 3015.6935877 15.8738 -2.21553 9.51289 0.449805 14.0859 -12.7488
12007.1265709 3015.6935784 15.8642 2.25859 9.14922 2.37822 14.0157 -10.8813
12007.1265729 3015.6935775 15.8669 1.90449 9.65645 0.890039 14.2467 -11.6495
12007.1265775 3015.6935808 15.8781 -0.712988 8.93389 -0.358887 14.1882 -13.316
12007.1265670 3015.6935812 15.8724 1.10059 10.1206 0.0191406 13.9637 -13.5051
12007.1265650 3015.6935828 15.8887 -0.205762 9.42197 0.736914 13.9253 -12.7015
12007.1265613 3015.6935789 15.8969 0.483301 9.37891 0.545508 14.0298 -12.5733
12007.1265616 3015.6935771 15.8989 0.545508 9.84785 0.0717773 14.0612 -13.0664
12007.1265593 3015.6935779 15.9078 0.535938 9.48896 0.30625 14.0102 -13.0241
12007.1265593 3015.6935769 15.9176 0.650781 9.52246 0.31582 14.0176 -12.9604
12007.1265619 3015.6935788 15.9192 0.215332 9.98662 0.239258 14.0281 -13.0177
12007.1265646 3015.6935784 15.9298 0.77041 9.46025 0.425879 14.0314 -12.8517
12007.1265664 3015.6935830 15.9367 0.220117 9.83828 0.574219 14.0589 -12.6412
12007.1265679 3015.6935902 15.9511 0.0239258 9.50332 1.17236 14.1018 -11.9756
12007.1265651 3015.6935916 15.9628 -0.0813477 9.68516 1.2585 14.2022 -11.6693
12007.1265648 3015.6935888 15.9750 0.492871 9.30234 1.14365 14.2645 -11.7302
12007.1265679 3015.6935833 15.9662 0.248828 9.7665 0.665137 14.2571 -12.2761
12007.1265719 3015.6935820 15.9646 0.0191406 9.7665 0.789551 14.1852 -12.3448
12007.1265792 3015.6935769 15.9621 -0.124414 9.75215 0.277539 14.1652 -12.8372
12007.1265803 3015.6935779 15.9584 0.334961 9.80479 0.674707 14.0967 -12.6072
12007.1265825 3015.6935817 15.9560 -0.583789 9.68994 0.784766 14.1152 -12.3719
12007.1265795 3015.6935826 15.9572 -0.0430664 9.70908 1.00967 14.1485 -12.0733
12007.1265801 3015.6935832 15.9604 -0.267969 9.19229 1.45947 14.1936 -11.535
12007.1265784 3015.6935843 15.9593 -0.502441 10.446 1.51211 14.2668 -11.3178
12007.1265762 3015.6935859 15.9813 0.191406 8.79033 1.3207 14.323 -11.4637
12007.1265661 3015.6935885 15.9854 0.449805 9.57988 1.77529 14.3152 -11.095
12007.1265604 3015.6935917 15.9803 0.593359 8.91953 3.17256 14.3566 -9.56304
12007.1265662 3015.6935916 15.9707 -0.258398 9.78564 1.66523 14.5485 -10.5507
12007.1265738 3015.6935993 15.9730 -0.435449 9.34541 1.9332 14.4492 -10.76
12007.1265757 3015.6935987 15.9667 -0.765625 9.86699 1.64609 14.4044 -11.0631
12007.1265738 3015.6936003 15.9688 -0.200977 9.38369 2.24424 14.362 -10.5443
12007.1265734 3015.6935991 15.9633 -0.425879 9.86699 1.49297 14.4178 -11.0849
12007.1265733 3015.6935932 15.9731 -0.0478516 9.5416 2.24902 14.3647 -10.5532
12007.1265825 3015.6935807 15.9858 -0.703418 10.0728 1.55518 14.4367 -11.0132
12007.1265833 3015.6935711 15.9985 0.665137 9.00088 1.20107 14.3984 -11.5711
12007.1265836 3015.6935787 16.0026 0.0143555 9.73779 0.913965 14.3261 -12.0323
12007.1265839 3015.6935858 16.0080 -0.392383 9.44111 2.34473 14.2629 -10.7181
12007.1265828 3015.6935886 16.0074 -0.679492 9.71387 2.49785 14.4216 -10.0511
12007.1265833 3015.6935805 16.0090 0.846973 9.87178 1.11494 14.528 -11.294
12007.1265859 3015.6935791 16.0078 0.105273 9.60381 0.923535 14.3824 -12.0024
12007.1265883 3015.6935847 16.0100 -0.655566 9.52725 1.71309 14.2756 -11.3737
12007.1265869 3015.6935853 16.0123 -0.00957031 9.59424 1.79443 14.3441 -10.9959
12007.1265884 3015.6935831 16.0128 0.0239258 9.85264 1.46904 14.4013 -11.2285
12007.1265928 3015.6935788 16.0148 0.320605 9.5416 0.641211 14.3807 -12.1755
12007.1266012 3015.6935802 16.0236 -0.636426 11.1733 0.617285 14.2653 -12.5221
12007.1266184 3015.6935801 16.0574 -2.20117 10.8097 0.851758 14.236 -12.3172
12007.1266358 3015.6935721 16.2417 -0.823047 9.4459 0.468945 14.4192 -12.4895
12007.1266332 3015.6935764 16.2741 -0.775195 10.0967 -0.579004 14.4488 -13.6961
12007.1266360 3015.6935764 16.3453 -1.17715 9.94834 -1.49775 14.3612 -15.0233
12007.1266145 3015.6935867 16.5293 0.301465 9.43633 -1.4499 14.3418 -15.2803
12007.1265935 3015.6935976 16.6402 -1.00967 8.13477 -2.72275 14.4034 -16.5624
12007.1265351 3015.6936424 16.7070 -0.277539 8.56543 1.90449 14.3064 -12.3942
12007.1265226 3015.6936625 16.7100 -0.62207 9.75215 0.478516 14.827 -12.2533
12007.1265082 3015.6937103 16.7305 -1.1293 9.85264 -0.0239258 14.9291 -13.0248
12007.1264970 3015.6937363 16.7267 -0.899609 9.83828 0.421094 14.8406 -12.9256
12007.1264774 3015.6937866 16.7265 -2.46914 8.97695 1.75615 14.8418 -11.4983
12007.1264755 3015.6938042 16.7215 -2.13418 9.25449 1.27285 15.0192 -11.471
12007.1264816 3015.6938275 16.7227 -1.3877 9.86699 0.947461 15.0463 -11.8992
12007.1264890 3015.6938363 16.7172 -1.90928 10.4077 0.301465 14.9905 -12.7204
12007.1265095 3015.6938444 16.7243 -0.267969 9.13486 0.177051 14.8851 -13.1007
12007.1265171 3015.6938510 16.7269 0.162695 8.93389 1.11016 14.8255 -12.2356
12007.1265284 3015.6938744 16.7118 -0.397168 9.79043 -0.0669922 14.9148 -13.0725
12007.1265294 3015.6938923 16.6970 -0.794336 9.85264 0.00478516 14.8068 -13.369
12007.1265281 3015.6939411 16.6895 -2.02891 10.3646 -1.14365 14.7488 -14.56
12007.1265216 3015.6939615 16.6957 -1.38291 8.96738 -0.569434 14.5953 -14.3742
12007.1265023 3015.6939986 16.6936 -1.40205 9.42197 -0.062207 14.5975 -13.7031
12007.1264904 3015.6940150 16.6942 -2.0624 9.7043 0.0287109 14.6837 -13.3713
12007.1264781 3015.6940455 16.6747 -2.51221 9.3502 0.961816 14.7199 -12.3862
12007.1264842 3015.6940561 16.6641 -2.23467 9.43154 0.727344 14.8406 -12.2954
12007.1264947 3015.6940641 16.6579 -2.77539 9.90049 1.14365 14.8621 -11.9275
12007.1265213 3015.6940811 16.6621 -1.75137 9.33105 1.08145 14.9153 -11.8681
12007.1265385 3015.6940887 16.6741 -1.15322 8.99609 -0.0765625 14.9401 -13.031
12007.1265523 3015.6941037 16.6824 -0.0574219 8.6085 1.44033 14.8026 -11.944
12007.1265704 3015.6941586 16.6725 -0.277539 9.94355 0.645996 14.9147 -12.2648
12007.1265693 3015.6942422 16.6498 -1.64131 10.3981 1.79922 14.8684 -11.3134
12007.1265706 3015.6942860 16.6638 -2.56963 9.79043 0.100488 14.9957 -12.6306
12007.1265734 3015.6943691 16.6786 -1.36377 8.29268 1.27764 14.8573 -12.0003
12007.1265797 3015.6944098 16.6846 -1.36855 9.08223 1.45469 14.9251 -11.5036
12007.1265984 3015.6944981 16.6720 -2.51699 12.6759 1.1293 14.9859 -11.7014
12007.1266138 3015.6945396 16.6877 -1.69395 10.1206 1.58389 14.9822 -11.3469
12007.1266306 3015.6945822 16.7128 -0.16748 7.96729 1.53604 15.0487 -11.2485
