12007.1265240 3015.6937406 16.5389 -2.00498 8.91475 0.90918 16.5132 -0.638337
12007.1265142 3015.6937556 16.5603 -2.94287 8.83818 1.18672 16.5562 -8.57773
12007.1265062 3015.6937730 16.5708 -3.86641 8.68027 1.94277 15.6911 -10.7443
12007.1265007 3015.6937899 16.5889 -4.47412 8.71377 1.90449 15.126 -11.2127
12007.1264960 3015.6938004 16.6028 -4.04824 8.6707 2.00977 14.9885 -10.8877
12007.1264922 3015.6938118 16.6389 -2.97158 8.42666 2.24424 15.0439 -10.4251
12007.1264850 3015.6938160 16.6649 -0.851758 8.34531 2.78975 15.1322 -9.73249
12007.1264802 3015.6938217 16.6741 -1.20107 8.48887 3.21084 15.2395 -9.11229
12007.1264743 3015.6938348 16.6805 2.41172 8.41709 2.79453 15.3376 -9.3695
12007.1264745 3015.6938528 16.6846 2.0002 10.1828 1.86143 15.321 -10.4555
12007.1264810 3015.6938744 16.6906 2.26816 9.87656 0.559863 15.1859 -12.1341
12007.1264726 3015.6939072 16.6755 -1.0001 9.1875 1.0958 14.9419 -12.1267
12007.1264637 3015.6939368 16.6704 -1.08623 8.40273 2.63662 14.9074 -10.4305
12007.1264637 3015.6939644 16.6579 -1.21543 9.40283 2.21074 15.1079 -10.2307
12007.1264690 3015.6939917 16.6566 -0.349316 10.3646 2.15811 15.1577 -10.3403
12007.1264770 3015.6940186 16.6401 -0.090918 10.3312 1.70352 15.1357 -10.8769
12007.1264885 3015.6940463 16.6475 -0.717773 10.3981 1.19629 15.0711 -11.5587
12007.1265002 3015.6940781 16.6485 -0.13877 10.3599 1.14844 14.977 -11.8105
12007.1265091 3015.6941079 16.6626 -0.119629 10.312 -0.186621 14.9453 -13.1671
12007.1265095 3015.6941363 16.6691 1.13408 8.14912 1.64609 14.7743 -11.7991
12007.1265122 3015.6941677 16.6728 0.995313 8.4793 1.61738 14.9298 -11.2229
12007.1265161 3015.6942045 16.6750 1.15801 9.24014 1.47861 15.0249 -11.2519
12007.1265216 3015.6942530 16.6575 -0.540723 10.135 1.54561 15.018 -11.2674
12007.1265335 3015.6943006 16.6628 0.16748 9.9627 2.64619 15.0198 -10.1646
12007.1265506 3015.6943511 16.6360 -2.14854 10.9819 1.30156 15.1369 -11.1298
12007.1265755 3015.6944028 16.6406 0.373242 8.99131 0.674707 15.033 -12.1767
12007.1265955 3015.6944484 16.6443 -0.153125 9.41719 2.08633 14.8898 -11.0738
12007.1266247 3015.6944988 16.6356 -1.76572 8.71855 2.25381 15.0044 -10.4226
12007.1266643 3015.6945408 16.6325 -1.3542 9.89092 1.225 15.0991 -11.2918
12007.1267054 3015.6945780 16.6264 0.990527 11.293 0.870898 14.9952 -12.0238
12007.1267464 3015.6946234 16.6402 1.39248 10.8384 -0.13877 14.9009 -13.2222
12007.1267766 3015.6946631 16.6566 0.090918 8.19219 1.22021 14.7507 -12.2244
12007.1268089 3015.6947025 16.6588 0.856543 7.55576 1.93799 14.8605 -11.0495
12007.1268446 3015.6947461 16.6512 0.311035 8.66113 1.67959 15.0173 -10.9593
12007.1268851 3015.6947921 16.6325 1.35898 9.67559 1.24414 15.0324 -11.4745
12007.1269232 3015.6948493 16.6137 -0.0478516 11.4317 0.468945 14.9524 -12.4571
12007.1269598 3015.6949057 16.6081 -0.358887 11.0489 0.60293 14.8123 -12.6298
12007.1269967 3015.6949605 16.6142 -0.808691 10.5704 0.655566 14.7778 -12.546
12007.1270302 3015.6950149 16.6275 0.631641 7.9625 1.16279 14.7957 -11.978
12007.1270594 3015.6950682 16.6211 0.177051 8.51279 0.708203 14.8647 -12.2433
12007.1270878 3015.6951236 16.6190 0.200977 10.1685 1.19629 14.8379 -11.8963
12007.1271167 3015.6951807 16.6081 0.468945 11.3791 1.45947 14.8691 -11.4978
12007.1271408 3015.6952350 16.6077 -0.100488 10.5226 0.0669922 14.9234 -12.7669
12007.1271643 3015.6952849 16.6232 0.990527 7.13467 1.804 14.7824 -11.5123
12007.1271836 3015.6953364 16.6366 0.531152 8.57979 0.866113 14.9358 -11.899
12007.1272032 3015.6953900 16.6215 0.368457 8.70898 2.16289 14.8929 -10.8494
12007.1272227 3015.6954462 16.6125 0.191406 10.3646 0.794336 15.0131 -11.8179
12007.1272421 3015.6955065 16.6040 -1.19629 11.6423 1.0958 14.8978 -11.948
12007.1272638 3015.6955659 16.5938 -0.497656 10.5943 1.22979 14.8577 -11.7936
12007.1272919 3015.6956225 16.6141 -0.521582 7.80938 1.0623 14.8899 -11.8668
12007.1273224 3015.6956709 16.6010 -0.0765625 8.07256 0.497656 14.8733 -12.4868
12007.1273544 3015.6957202 16.5921 -0.291895 9.49375 0.937891 14.7845 -12.2652
12007.1273864 3015.6957615 16.5864 1.49775 11.3552 1.804 14.7964 -11.2661
12007.1274237 3015.6958046 16.6013 1.07666 10.5561 0.382812 14.9381 -12.3251
12007.1274547 3015.6958424 16.6131 -0.0478516 7.83809 1.0623 14.8316 -12.1105
12007.1274881 3015.6958790 16.6142 0.358887 8.45537 0.846973 14.8464 -12.1797
12007.1275185 3015.6959129 16.6081 0.358887 9.24971 0.722559 14.8341 -12.3424
12007.1275488 3015.6959476 16.6020 0.0526367 9.53682 1.08145 14.8065 -12.0382
12007.1275782 3015.6959842 16.5826 -0.559863 10.8767 0.354102 14.8248 -12.6506
12007.1276066 3015.6960200 16.5906 -0.358887 11.0394 0.124414 14.7562 -13.1077
12007.1276329 3015.6960542 16.5928 -0.344531 9.17793 -0.172266 14.6912 -13.5239
12007.1276502 3015.6960770 16.5883 -0.966602 9.77607 0.411523 14.626 -13.0515
12007.1276677 3015.6960953 16.5951 0.598145 9.00088 0.818262 14.6838 -12.4284
12007.1276829 3015.6961126 16.5976 -0.559863 9.40283 1.49297 14.7726 -11.5644
12007.1276993 3015.6961227 16.5952 -0.143555 9.79043 1.5791 14.8918 -11.2251
12007.1277183 3015.6961314 16.5872 -0.124414 9.51768 1.27285 14.9431 -11.4903
12007.1277391 3015.6961389 16.5820 -0.765625 11.0441 0.741699 14.9114 -12.1532
12007.1277626 3015.6961446 16.5861 1.07188 10.2163 0.172266 14.8265 -12.9388
12007.1277824 3015.6961556 16.5942 0.172266 9.84307 -0.277539 14.7229 -13.6124
12007.1277965 3015.6961675 16.6096 0.904395 8.68027 0.502441 14.6374 -12.9991
12007.1278083 3015.6961857 16.6148 0.77041 9.31191 0.220117 14.7091 -13.0024
12007.1278198 3015.6962078 16.6089 1.225 9.16836 0.14834 14.7127 -13.1249
12007.1278274 3015.6962378 16.6033 0.952246 9.65645 0.598145 14.6926 -12.7252
12007.1278351 3015.6962783 16.5916 -0.0382813 10.0632 1.05752 14.7307 -12.1163
12007.1278431 3015.6963209 16.5849 -0.325391 10.2689 1.4834 14.8072 -11.4996
12007.1278576 3015.6963716 16.5766 -1.30156 10.9006 0.162695 14.8882 -12.6521
12007.1278682 3015.6964132 16.5843 1.42598 10.0105 -0.564648 14.7585 -13.8419
12007.1278738 3015.6964604 16.5876 0.397168 8.21611 0.559863 14.5935 -13.0613
12007.1278786 3015.6965039 16.5764 0.0765625 7.92422 2.05283 14.6621 -11.1886
12007.1278925 3015.6965472 16.5607 0.91875 11.0729 0.732129 14.8954 -11.8879
12007.1279125 3015.6965915 16.5542 1.00967 11.7858 0.775195 14.8304 -12.2504
12007.1279320 3015.6966411 16.5642 0.0765625 11.5274 -0.712988 14.7848 -13.8213
12007.1279503 3015.6966841 16.5888 1.08623 7.28779 1.3207 14.6005 -12.3091
12007.1279675 3015.6967247 16.5955 1.3542 8.86689 1.02881 14.7754 -11.9336
12007.1279867 3015.6967743 16.5945 1.29678 8.35967 2.08633 14.8445 -10.8532
12007.1280012 3015.6968272 16.5959 -0.133984 10.3024 1.68916 14.992 -10.9041
12007.1280229 3015.6968848 16.5965 -0.14834 9.8335 3.11514 15.0048 -9.59043
12007.1280512 3015.6969460 16.5926 -1.31592 10.7762 1.16279 15.1702 -11.0798
12007.1280837 3015.6970056 16.5898 -0.655566 9.15879 1.16279 14.9993 -11.7244
12007.1281184 3015.6970582 16.6113 0.411523 8.2209 0.363672 14.9143 -12.6328
12007.1281584 3015.6971106 16.5927 0.287109 7.996 1.0958 14.7717 -12.1858
12007.1281940 3015.6971594 16.5719 0.665137 10.4125 0.507227 14.7922 -12.5353
12007.1282354 3015.6972063 16.5756 0.440234 11.0489 1.02881 14.7536 -12.1505
12007.1282710 3015.6972514 16.5852 1.70352 11.3695 -1.68438 14.806 -14.6941
12007.1282968 3015.6972943 16.5961 0.368457 7.56533 1.22979 14.4986 -12.7236
12007.1283251 3015.6973439 16.5871 0.693848 8.7999 0.191406 14.7023 -12.8607
12007.1283491 3015.6973886 16.5881 0.913965 8.77119 1.56953 14.7117 -11.6616
12007.1283766 3015.6974460 16.5649 0.784766 11.1781 0.334961 14.8452 -12.4847
12007.1284020 3015.6975036 16.5561 0.641211 10.3934 2.22988 14.7498 -10.9775
12007.1284308 3015.6975653 16.5497 -1.24414 11.1016 0.631641 14.9238 -11.9754
12007.1284621 3015.6976196 16.5813 0.14834 8.44102 0.736914 14.8466 -12.321
12007.1284942 3015.6976696 16.5738 0.172266 7.77109 0.531152 14.7862 -12.6068
12007.1285238 3015.6977255 16.5598 0.976172 8.7042 0.861328 14.73 -12.35
12007.1285551 3015.6977803 16.5404 0.282324 11.4413 0.531152 14.7385 -12.564
12007.1285816 3015.6978316 16.5615 0.91875 11.6758 0.133984 14.7308 -13.0304
12007.1286075 3015.6978857 16.5550 -0.143555 9.94834 -0.325391 14.6648 -13.6571
12007.1286290 3015.6979281 16.5682 1.31592 7.87158 1.24893 14.5882 -12.2581
12007.1286497 3015.6979790 16.5761 1.29678 7.60361 1.28242 14.7633 -11.6662
12007.1286719 3015.6980343 16.5584 1.05273 9.79521 1.20107 14.8455 -11.6574
12007.1286940 3015.6980994 16.5391 0.47373 11.2547 1.41162 14.8402 -11.5086
12007.1287161 3015.6981605 16.5426 -0.961816 11.6854 0.818262 14.8616 -12.0427
12007.1287371 3015.6982238 16.5517 -0.961816 10.0345 0.60293 14.8043 -12.4584
12007.1287632 3015.6982786 16.5582 0.679492 7.58926 0.641211 14.7497 -12.5292
12007.1287912 3015.6983350 16.5566 1.02402 7.57012 1.46904 14.7324 -11.693
12007.1288199 3015.6983934 16.5454 0.258398 10.2881 1.37334 14.8268 -11.4833
12007.1288510 3015.6984477 16.5288 0.105273 11.5179 1.66045 14.851 -11.1916
12007.1288798 3015.6985038 16.5406 0.823047 11.3025 0.129199 14.9015 -12.6256
12007.1289067 3015.6985586 16.5547 0.746484 8.17305 0.937891 14.7378 -12.3572
12007.1289274 3015.6986139 16.5592 0.301465 8.64678 0.641211 14.755 -12.4496
12007.1289515 3015.6986678 16.5518 1.00488 8.37402 1.72744 14.739 -11.4124
12007.1289759 3015.6987268 16.5389 0.492871 10.9532 1.33506 14.8577 -11.4288
12007.1289985 3015.6987918 16.5370 -0.669922 11.1446 0.698633 14.869 -12.1483
12007.1290245 3015.6988520 16.5486 -0.636426 9.52246 0.856543 14.7891 -12.2496
12007.1290557 3015.6989084 16.5581 -0.416309 8.39795 0.234473 14.7743 -12.851
12007.1290872 3015.6989635 16.5488 0.248828 8.33096 0.990527 14.6878 -12.3083
12007.1291191 3015.6990141 16.5485 -0.373242 10.3886 0.535938 14.7455 -12.512
12007.1291521 3015.6990676 16.5280 -0.0765625 11.0346 0.325391 14.7091 -12.8461
12007.1291870 3015.6991125 16.5193 0.593359 11.0729 -0.449805 14.6543 -13.724
12007.1292172 3015.6991620 16.5272 0.172266 8.16826 1.24893 14.5426 -12.3018
12007.1292493 3015.6992111 16.5406 0.641211 7.78545 1.23457 14.721 -11.7233
12007.1292745 3015.6992635 16.5253 0.373242 8.4123 1.79443 14.804 -11.0787
12007.1293034 3015.6993215 16.5036 -0.177051 10.6565 0.660352 14.8776 -12.0473
12007.1293329 3015.6993790 16.4715 0.698633 10.4269 2.79453 14.7357 -10.33
12007.1293666 3015.6994419 16.4884 -1.58867 10.6518 1.77529 14.9509 -10.6285
12007.1294005 3015.6994982 16.4869 -0.378027 8.82383 1.05752 14.939 -11.5925
12007.1294381 3015.6995547 16.4902 0.0717773 7.92422 0.679492 14.8177 -12.3084
12007.1294716 3015.6996134 16.4662 0.373242 8.64199 0.832617 14.6902 -12.3511
12007.1295051 3015.6996677 16.4436 -0.684277 10.9149 0.416309 14.6489 -12.7158
12007.1295317 3015.6997220 16.4389 0.14834 10.9197 1.43076 14.5931 -11.8094
12007.1295612 3015.6997757 16.4470 0.650781 10.5991 -0.29668 14.7084 -13.1691
12007.1295840 3015.6998293 16.4437 0.0813477 8.84297 0.0813477 14.5472 -13.3572
12007.1296071 3015.6998866 16.4386 0.641211 7.75674 1.69395 14.4983 -11.7126
12007.1296320 3015.6999466 16.4229 -0.583789 10.7714 0.363672 14.6876 -12.4287
12007.1296584 3015.7000103 16.4162 0.282324 10.2546 2.98594 14.6147 -10.19
12007.1296917 3015.7000748 16.4151 -1.43555 11.982 0.339746 14.8894 -11.9831
12007.1297244 3015.7001261 16.4220 0.368457 7.82852 0.870898 14.7022 -12.2696
12007.1297597 3015.7001775 16.4326 -0.574219 7.4457 1.06709 14.6511 -12.0503
12007.1297987 3015.7002239 16.4201 -0.478516 8.88125 1.20107 14.6617 -11.8126
12007.1298468 3015.7002688 16.3981 -0.923535 11.3456 1.24414 14.674 -11.7046
12007.1298956 3015.7003112 16.3804 -1.28242 11.6662 1.66523 14.6739 -11.2638
12007.1299480 3015.7003471 16.3824 0.133984 9.59424 0.961816 14.7317 -11.8069
12007.1300058 3015.7003761 16.4076 0.31582 8.68506 0.387598 14.692 -12.5978
12007.1300696 3015.7004098 16.3992 0.378027 7.65146 1.42119 14.5789 -11.8294
12007.1301359 3015.7004351 16.3827 0.181836 10.1397 0.703418 14.6479 -12.2083
12007.1302123 3015.7004612 16.3816 -0.267969 10.379 1.44512 14.6075 -11.6481
12007.1302872 3015.7004781 16.3852 -3.22041 11.4509 0.387598 14.6768 -12.4755
12007.1303620 3015.7004921 16.3748 -1.39727 9.98184 -0.224902 14.5713 -13.4373
12007.1304269 3015.7004960 16.3854 -0.564648 8.21133 0.60293 14.4447 -12.8819
12007.1304926 3015.7004977 16.3784 -0.497656 8.4123 1.41641 14.4932 -11.7918
12007.1305623 3015.7004907 16.3657 -0.593359 11.3647 -0.244043 14.627 -13.0983
12007.1306280 3015.7004822 16.3646 0.741699 10.3886 1.92842 14.4768 -11.4831
12007.1306942 3015.7004788 16.3561 0.430664 10.1876 -0.569434 14.6558 -13.308
12007.1307598 3015.7004704 16.3683 0 7.5127 0.832617 14.457 -12.6706
12007.1308254 3015.7004642 16.3734 -0.0287109 8.74727 1.33984 14.5173 -11.8032
12007.1308939 3015.7004554 16.3511 -0.526367 9.87178 1.78008 14.6158 -11.103
12007.1309690 3015.7004427 16.3443 -0.378027 10.6661 1.34941 14.7115 -11.3486
12007.1310459 3015.7004265 16.3354 -0.0717773 11.0298 0.693848 14.6847 -12.1596
12007.1311216 3015.7004139 16.3256 -2.58398 12.4558 -0.406738 14.5695 -13.5417
12007.1311878 3015.7003963 16.3490 0.866113 7.05811 1.45947 14.3994 -12.0852
12007.1312572 3015.7003820 16.3509 -0.703418 8.38359 0.60293 14.5648 -12.3066
12007.1313183 3015.7003626 16.3465 0.866113 8.40273 2.07676 14.5538 -11.0212
12007.1313842 3015.7003396 16.3483 -0.263184 11.2595 1.41641 14.7176 -11.2099
12007.1314471 3015.7003227 16.3394 0.272754 11.939 -1.79922 14.7066 -14.6039
12007.1315005 3015.7003059 16.3489 -0.15791 7.89072 1.55518 14.2816 -12.4602
12007.1315614 3015.7002884 16.3465 0.569434 9.12051 0.105273 14.4982 -12.867
12007.1316197 3015.7002738 16.3341 0.870898 8.48887 1.50732 14.4632 -11.758
12007.1316895 3015.7002593 16.3232 -0.090918 10.5321 0.650781 14.5904 -12.1993
12007.1317619 3015.7002461 16.3130 0.239258 10.4173 1.70352 14.5415 -11.3935
12007.1318390 3015.7002337 16.3188 -1.43555 11.1733 0.00478516 14.6429 -12.7667
12007.1319071 3015.7002200 16.3257 -1.11973 9.03438 0.14834 14.4871 -13.1787
12007.1319702 3015.7002078 16.3155 -0.105273 7.87158 -0.0861328 14.4059 -13.4686
12007.1320353 3015.7002005 16.3094 0.114844 8.68506 0.904395 14.3534 -12.5346
12007.1321072 3015.7001871 16.2968 -0.382812 11.1351 0.708203 14.4545 -12.3685
12007.1321772 3015.7001794 16.2856 -1.8375 11.7188 -0.267969 14.4788 -13.3566
12007.1322412 3015.7001649 16.2887 0 10.1445 -0.090918 14.3588 -13.5494
12007.1323036 3015.7001531 16.3108 0.890039 8.25918 0.564648 14.3383 -12.8725
12007.1323736 3015.7001474 16.3021 0.387598 7.89072 0.899609 14.4142 -12.2859
12007.1324452 3015.7001396 16.2998 -0.272754 9.56074 1.49775 14.4965 -11.5263
12007.1325179 3015.7001274 16.2863 1.05752 10.2307 2.98115 14.5919 -9.83027
12007.1325972 3015.7001152 16.2735 -2.47393 11.872 0.756055 14.8087 -11.513
12007.1326648 3015.7001006 16.2736 -1.54561 8.58936 0.430664 14.6222 -12.5837
12007.1327284 3015.7000886 16.2744 -0.971387 8.04385 0.31582 14.4629 -12.9648
12007.1327906 3015.7000710 16.2691 0.0191406 8.68506 1.13408 14.3896 -12.1855
12007.1328560 3015.7000557 16.2570 0.133984 11.159 0.832617 14.4688 -12.1668
12007.1329237 3015.7000391 16.2456 -1.27285 11.4509 0.650781 14.4713 -12.3999
12007.1329861 3015.7000200 16.2385 -0.516797 9.78564 -0.277539 14.4358 -13.4184
12007.1330455 3015.6999978 16.2608 0.425879 7.996 1.32549 14.3211 -12.1456
12007.1331115 3015.6999765 16.2544 -0.14834 8.29268 1.34941 14.4629 -11.5935
12007.1331798 3015.6999503 16.2498 -0.46416 10.0536 1.22979 14.5472 -11.6077
12007.1332500 3015.6999228 16.2384 0.267969 10.9293 1.41641 14.5462 -11.4874
12007.1333202 3015.6998963 16.2291 -0.449805 10.5321 0.736914 14.5532 -12.1288
12007.1333845 3015.6998702 16.2205 -0.76084 8.38838 0.196191 14.465 -12.9108
12007.1334398 3015.6998427 16.2186 0.0526367 8.28311 -0.00478516 14.3526 -13.3385
12007.1334996 3015.6998188 16.2117 0.119629 9.38369 0.722559 14.2779 -12.6979
12007.1335626 3015.6997906 16.2089 0.0669922 11.3887 0.813477 14.3474 -12.3301
12007.1336197 3015.6997623 16.2190 -1.50732 11.5466 0.913965 14.4119 -12.1349
12007.1336734 3015.6997320 16.2416 0.540723 8.70898 0.368457 14.4647 -12.6369
12007.1337224 3015.6997040 16.2557 0.641211 7.28301 1.54082 14.4198 -11.6702
12007.1337765 3015.6996778 16.2464 0.124414 8.43145 0.358887 14.529 -12.4809
12007.1338374 3015.6996507 16.2436 0.16748 10.8049 0.665137 14.4373 -12.5385
12007.1338980 3015.6996262 16.2064 -0.459375 11.3695 0.287109 14.3858 -12.9025
12007.1339637 3015.6996011 16.2041 -0.411523 11.1063 1.13887 14.3309 -12.1505
12007.1340279 3015.6995681 16.2173 -0.976172 10.2307 0.483301 14.4312 -12.4914
12007.1340839 3015.6995378 16.2337 0.200977 7.66582 0.607715 14.4149 -12.5435
12007.1341362 3015.6995036 16.2284 -0.00957031 8.13955 0.794336 14.4015 -12.3686
12007.1341873 3015.6994718 16.2103 -0.172266 9.72822 0.856543 14.4063 -12.2464
12007.1342417 3015.6994406 16.2053 0.110059 11.0633 0.727344 14.4181 -12.3378
12007.1342921 3015.6994065 16.2111 -0.708203 11.8815 -0.512012 14.413 -13.6139
12007.1343396 3015.6993756 16.2394 0.521582 8.56543 0.521582 14.2747 -13.0191
12007.1343868 3015.6993450 16.2376 0.789551 8.38359 0.698633 14.3312 -12.5403
12007.1344380 3015.6993169 16.2196 1.15801 8.39795 0.645996 14.3836 -12.468
12007.1345030 3015.6992910 16.2149 0.0191406 10.9149 0.650781 14.3954 -12.4736
12007.1345668 3015.6992620 16.2054 0.698633 10.6518 2.14854 14.3879 -10.9915
12007.1346324 3015.6992278 16.2166 -0.492871 11.0681 0.626855 14.5853 -11.9668
12007.1346898 3015.6991959 16.2297 -1.12451 8.59893 0.665137 14.4977 -12.3981
12007.1347453 3015.6991627 16.2498 0.344531 7.21602 0.555078 14.4493 -12.5948
12007.1348015 3015.6991318 16.2277 0.789551 8.46016 1.30635 14.3988 -11.8976
12007.1348628 3015.6990979 16.2196 -0.698633 10.9484 0.435449 14.474 -12.49
12007.1349224 3015.6990676 16.2165 -0.784766 12.1256 0.0239258 14.4055 -13.1652
12007.1349722 3015.6990397 16.2141 0.660352 9.99619 -1.17236 14.3087 -14.5626
12007.1350195 3015.6990123 16.2320 0.947461 7.27344 1.83271 14.1342 -11.9881
12007.1350772 3015.6989875 16.2186 0.0287109 8.81904 0.153125 14.4279 -12.6364
12007.1351345 3015.6989600 16.2163 0.832617 9.32148 1.53125 14.3808 -11.6813
12007.1352005 3015.6989317 16.2018 -0.406738 11.4413 0.712988 14.4837 -12.1344
12007.1352669 3015.6989052 16.1959 -1.11973 11.47 1.25371 14.434 -11.8265
12007.1353374 3015.6988729 16.2087 -1.9332 9.46982 0.966602 14.478 -11.9627
12007.1353932 3015.6988343 16.2197 -0.177051 8.35488 0.406738 14.4759 -12.5928
12007.1354473 3015.6987953 16.2134 1.29199 7.72324 0.0765625 14.3899 -13.1528
12007.1355087 3015.6987585 16.2079 0.679492 10.2163 -0.373242 14.3029 -13.7531
12007.1355662 3015.6987222 16.2035 -0.272754 11.0872 1.15801 14.2116 -12.3854
12007.1356245 3015.6986778 16.2139 -0.00957031 11.5992 -1.77051 14.3831 -14.7558
12007.1356670 3015.6986368 16.2288 1.0958 7.90508 0.521582 14.1163 -13.4185
12007.1357165 3015.6986063 16.2341 0.827832 7.63711 -0.0861328 14.2572 -13.3701
12007.1357694 3015.6985679 16.2404 0.636426 8.94824 0.674707 14.2868 -12.6778
12007.1358250 3015.6985347 16.2093 0.311035 10.9532 0.186621 14.3515 -12.9551
12007.1358862 3015.6984949 16.2015 0.234473 10.4938 1.45947 14.3176 -11.8286
12007.1359475 3015.6984521 16.2122 -2.64619 10.2737 1.00488 14.466 -11.8485
12007.1359952 3015.6984051 16.2362 0.980957 8.36445 -0.526367 14.5033 -13.4665
12007.1360402 3015.6983699 16.2364 1.46426 7.88594 0.555078 14.3023 -12.9921
12007.1360879 3015.6983282 16.2365 0.29668 9.10137 0.579004 14.3372 -12.6686
12007.1361297 3015.6982858 16.2083 0.823047 10.3981 0.416309 14.3582 -12.755
12007.1361712 3015.6982435 16.1992 -0.60293 11.4796 2.08154 14.3419 -11.1401
12007.1362094 3015.6981882 16.2294 0.14834 10.9054 -0.894824 14.5717 -13.5045
12007.1362426 3015.6981446 16.2483 -0.378027 7.67539 1.32549 14.3166 -12.2716
12007.1362715 3015.6980907 16.2480 0.411523 8.50801 0.985742 14.4407 -12.0038
12007.1363008 3015.6980350 16.2302 -0.0239258 9.40762 1.33506 14.4751 -11.6487
12007.1363311 3015.6979726 16.2305 -0.186621 10.8958 0.91875 14.5249 -11.9588
12007.1363524 3015.6979112 16.2178 -2.58398 11.9677 -0.062207 14.4807 -13.0915
12007.1363704 3015.6978534 16.2256 -1.51689 10.3024 -0.334961 14.3377 -13.7394
12007.1363760 3015.6978026 16.2268 -1.07188 8.23047 0.425879 14.2381 -13.12
12007.1363780 3015.6977435 16.2257 0.263184 9.04873 0.890039 14.3033 -12.3695
12007.1363748 3015.6976852 16.2202 0.282324 10.2785 1.18193 14.4023 -11.8522
12007.1363674 3015.6976235 16.2154 -0.330176 11.1877 0.741699 14.4765 -12.1723
12007.1363576 3015.6975666 16.2361 -0.177051 12.116 -2.56006 14.4633 -15.6237
12007.1363582 3015.6975176 16.2706 0.349316 8.08213 1.29199 14.0526 -12.9856
12007.1363495 3015.6974597 16.2790 -0.425879 8.20176 0.205762 14.3433 -12.8526
12007.1363382 3015.6974027 16.2729 0.363672 9.00566 1.24414 14.3919 -11.9561
12007.1363249 3015.6973352 16.2635 -0.60293 11.269 0.430664 14.504 -12.4834
12007.1363057 3015.6972716 16.2714 -1.56475 10.9867 1.6126 14.458 -11.5582
12007.1362806 3015.6972070 16.2749 -0.583789 10.9819 -0.617285 14.573 -13.4229
12007.1362529 3015.6971494 16.2934 -0.191406 7.39785 0.980957 14.3665 -12.5586
12007.1362235 3015.6970929 16.3121 -0.191406 8.30703 0.569434 14.4665 -12.5145
12007.1361893 3015.6970377 16.2976 0.363672 10.2881 0.263184 14.4722 -12.8781
12007.1361578 3015.6969856 16.2984 0.0478516 11.6327 0.698633 14.4273 -12.5769
12007.1361253 3015.6969348 16.3137 1.09102 10.7953 -0.842188 14.4733 -13.9706
12007.1360999 3015.6968867 16.3428 0.588574 7.29258 0.708203 14.3272 -12.9336
12007.1360789 3015.6968346 16.3502 0.277539 8.30703 0.330176 14.447 -12.8395
12007.1360550 3015.6967829 16.3301 0.947461 9.31191 1.77529 14.4567 -11.45
12007.1360389 3015.6967222 16.3361 0.468945 11.4413 0.846973 14.64 -11.8796
12007.1360182 3015.6966566 16.3504 -0.0813477 10.5369 1.34463 14.6211 -11.6449
12007.1359942 3015.6965905 16.3490 -0.655566 9.82871 0.392383 14.6474 -12.5014
12007.1359716 3015.6965278 16.3759 -0.129199 7.18252 0.875684 14.5652 -12.3265
12007.1359461 3015.6964697 16.3705 -0.30625 8.66113 0.526367 14.5723 -12.5636
12007.1359232 3015.6964119 16.3571 -0.583789 11.5705 0.0430664 14.5313 -13.1455
12007.1358929 3015.6963525 16.3505 0.124414 11.9772 0.598145 14.4463 -12.7783
12007.1358680 3015.6962957 16.3733 0.258398 10.5896 -0.693848 14.5021 -13.8689
12007.1358491 3015.6962345 16.4077 0.363672 7.19688 1.66045 14.4005 -11.9216
12007.1358237 3015.6961772 16.4180 1.21064 7.91943 0.0334961 14.6443 -12.7748
12007.1358021 3015.6961158 16.4084 0.215332 9.51768 1.67002 14.5584 -11.608
12007.1357793 3015.6960489 16.3920 0.440234 11.1733 1.79443 14.6816 -11.0184
12007.1357590 3015.6959813 16.3891 0.6125 11.0106 1.90928 14.7698 -10.7716
12007.1357299 3015.6959092 16.3993 -1.62695 10.6805 0.579004 14.8213 -12.0628
12007.1357030 3015.6958435 16.4274 -0.248828 7.71367 1.00967 14.6881 -12.1126
12007.1356729 3015.6957820 16.4113 -0.287109 7.91943 0.234473 14.6507 -12.8309
12007.1356486 3015.6957239 16.4020 0.894824 9.5416 0.851758 14.5465 -12.4547
12007.1356199 3015.6956595 16.3966 0.224902 11.6949 1.00967 14.5764 -12.0979
12007.1355965 3015.6955985 16.4073 -0.320605 11.6375 -0.794336 14.6349 -13.7855
12007.1355785 3015.6955424 16.4365 0.272754 7.8333 0.368457 14.4531 -13.25
12007.1355586 3015.6954826 16.4420 0.483301 7.69932 0.354102 14.5029 -12.9515
12007.1355439 3015.6954223 16.4369 0.382812 9.04873 1.1915 14.5428 -12.0416
12007.1355256 3015.6953567 16.4174 0.129199 11.3313 0.952246 14.6466 -11.9907
12007.1355058 3015.6952841 16.4309 -2.33516 11.4652 1.61738 14.6781 -11.365
12007.1354829 3015.6952138 16.4381 -1.225 9.35498 0.440234 14.768 -12.3321
12007.1354558 3015.6951530 16.4437 -0.244043 7.84766 -0.205762 14.6613 -13.3806
12007.1354307 3015.6950934 16.4544 0.947461 7.71367 0.756055 14.5236 -12.7218
12007.1354098 3015.6950314 16.4305 -0.449805 10.8623 0.358887 14.5691 -12.8087
12007.1353847 3015.6949681 16.4202 -1.37813 12.896 0.239258 14.5548 -12.9953
12007.1353558 3015.6949125 16.4423 1.85186 11.0298 -1.73223 14.5485 -15.0108
12007.1353360 3015.6948584 16.4651 0.00478516 6.45518 1.99063 14.3112 -11.9961
12007.1353153 3015.6948018 16.4720 0.497656 8.08691 0.124414 14.6706 -12.6191
12007.1352959 3015.6947437 16.4513 0.564648 9.53203 1.75137 14.619 -11.4599
12007.1352815 3015.6946751 16.4415 0.186621 11.4365 1.65088 14.7514 -11.1156
12007.1352606 3015.6946052 16.4480 -1.63174 11.8768 1.07666 14.8177 -11.6463
12007.1352349 3015.6945383 16.4583 -1.20586 9.93398 0.191406 14.7676 -12.7586
12007.1352072 3015.6944817 16.4909 0.0861328 8.0917 -0.378027 14.6481 -13.6763
12007.1351787 3015.6944236 16.4726 0.818262 7.68496 1.02402 14.5002 -12.5404
12007.1351530 3015.6943636 16.4669 0.0526367 10.6996 0.277539 14.6209 -12.7864
12007.1351218 3015.6943089 16.4551 0.205762 12.0107 1.33984 14.5947 -11.8975
12007.1350937 3015.6942506 16.4709 0.516797 10.8958 -0.799121 14.7182 -13.6891
12007.1350635 3015.6941995 16.4842 0.387598 6.91934 1.84707 14.5176 -11.7594
12007.1350357 3015.6941436 16.5155 0.631641 8.08691 0.803906 14.7649 -11.9585
12007.1350062 3015.6940937 16.4855 0.813477 9.59902 1.75615 14.7449 -11.2553
12007.1349807 3015.6940281 16.4788 0.13877 11.0154 1.75615 14.826 -10.9933
12007.1349477 3015.6939636 16.4775 -1.60781 11.6375 0.425879 14.8685 -12.2818
12007.1349127 3015.6939014 16.4856 -1.20586 9.62773 0.172266 14.717 -13.022
12007.1348788 3015.6938493 16.5001 0.890039 7.68975 0.248828 14.6162 -13.1061
12007.1348469 3015.6938043 16.4796 0.588574 8.32617 1.0001 14.5748 -12.3339
12007.1348125 3015.6937532 16.4470 -0.0478516 11.159 0.172266 14.6393 -12.8776
12007.1347729 3015.6937041 16.4203 -0.325391 11.9294 1.44033 14.5551 -11.8639
12007.1347333 3015.6936561 16.4154 0.401953 10.7857 -1.72266 14.669 -14.6107
12007.1346971 3015.6936149 16.4552 0 7.64189 0.976172 14.3688 -12.9497
12007.1346591 3015.6935744 16.4654 -0.430664 8.47451 0.655566 14.5508 -12.4728
12007.1346169 3015.6935322 16.4565 1.01924 8.4793 0.890039 14.6269 -12.1885
12007.1345733 3015.6934842 16.4355 0.866113 10.5848 0.689063 14.6544 -12.3491
12007.1345311 3015.6934335 16.4331 0.430664 10.5417 1.89492 14.6354 -11.2202
12007.1344801 3015.6933800 16.4370 -1.871 11.6519 -0.200977 14.78 -12.8945
12007.1344284 3015.6933410 16.4542 -1.22021 9.77129 0.172266 14.6004 -13.2064
12007.1343761 3015.6933009 16.4690 1.14844 7.77588 -0.0382813 14.5508 -13.4051
12007.1343288 3015.6932621 16.4625 1.34941 8.49365 -0.215332 14.5135 -13.6262
12007.1342836 3015.6932262 16.4434 0.617285 9.60859 0.00478516 14.464 -13.4741
12007.1342358 3015.6931924 16.4289 1.14365 10.9054 1.23457 14.4643 -12.1671
12007.1341885 3015.6931611 16.4212 -1.39248 10.9245 1.18193 14.624 -11.7537
12007.1341341 3015.6931423 16.4496 -0.440234 9.72822 1.57432 14.7217 -11.2962
12007.1340715 3015.6931278 16.4748 0.77041 7.4792 0.933105 14.8143 -11.8188
12007.1340014 3015.6931119 16.4752 -0.492871 8.75684 0.90918 14.76 -12.0901
12007.1339215 3015.6931027 16.4639 0.129199 10.5321 0.588574 14.7087 -12.481
12007.1338466 3015.6930966 16.4530 0.282324 10.6278 1.48818 14.6429 -11.6965
12007.1337662 3015.6930939 16.4596 -1.3207 10.1493 0.818262 14.7401 -12.0373
12007.1336832 3015.6931031 16.4420 -1.60303 9.74736 -0.31582 14.6937 -13.3677
12007.1336127 3015.6931195 16.4560 -0.263184 8.16348 0.492871 14.5308 -13.0001
12007.1335404 3015.6931327 16.4397 0.31582 8.74248 0.650781 14.5426 -12.6158
12007.1334639 3015.6931535 16.4228 -0.215332 11.4365 -0.186621 14.5782 -13.333
12007.1333871 3015.6931716 16.4242 -1.03359 11.9964 -0.263184 14.4927 -13.6901
12007.1333235 3015.6931923 16.4465 0.531152 9.5751 -0.368457 14.4559 -13.8552
12007.1332587 3015.6932079 16.4677 1.15322 7.55098 0.794336 14.4487 -12.7148
12007.1331885 3015.6932222 16.4838 -0.191406 8.02949 0.62207 14.6069 -12.461
12007.1331173 3015.6932371 16.4475 0.866113 9.96748 1.42598 14.6277 -11.69
12007.1330408 3015.6932592 16.4302 0.30625 11.4509 1.15322 14.7133 -11.7091
12007.1329571 3015.6932786 16.4243 -2.04805 11.3169 1.16758 14.7167 -11.7601
12007.1328800 3015.6933031 16.4400 -0.942676 9.03916 0.224902 14.7243 -12.7133
12007.1328049 3015.6933258 16.4681 -0.0813477 7.91465 -0.105273 14.6285 -13.3741
12007.1327338 3015.6933507 16.4582 1.11016 8.83818 0.401953 14.5236 -13.0501
12007.1326563 3015.6933730 16.4316 -0.153125 10.5369 1.25371 14.5282 -12.0315
12007.1325786 3015.6933956 16.4317 -2.14375 13.8291 -1.24893 14.6585 -14.1698
12007.1325093 3015.6934195 16.4543 0.904395 9.11094 -0.143555 14.4227 -13.9043
12007.1324393 3015.6934292 16.4887 0.44502 7.13945 0.890039 14.4566 -12.6022
12007.1323647 3015.6934425 16.4880 0.947461 8.62764 0.440234 14.6259 -12.6046
12007.1322928 3015.6934547 16.4676 0.133984 10.2977 1.31113 14.6294 -11.8559
12007.1322107 3015.6934648 16.4464 -0.133984 11.2451 1.40205 14.7066 -11.5108
12007.1321262 3015.6934813 16.4587 -1.08623 10.9867 0.813477 14.771 -12.0164
12007.1320455 3015.6934947 16.4961 -0.980957 7.79023 0.717773 14.7476 -12.3117
12007.1319683 3015.6935160 16.5136 -0.267969 7.996 -0.263184 14.7223 -13.373
12007.1318978 3015.6935377 16.4888 0.526367 8.12998 1.0623 14.5624 -12.4298
12007.1318226 3015.6935612 16.4789 -0.0717773 11.4844 0.708203 14.6534 -12.3479
12007.1317520 3015.6935892 16.4680 -1.56953 13.2405 -0.29668 14.6659 -13.3885
12007.1316850 3015.6936093 16.4899 0.92832 9.14443 -0.205762 14.5542 -13.6667
12007.1316152 3015.6936264 16.5119 0.0669922 7.19209 0.90918 14.5238 -12.5666
12007.1315473 3015.6936454 16.5110 0.985742 7.86201 -0.100488 14.6591 -13.1607
12007.1314710 3015.6936589 16.4908 0.995313 10.5321 0.961816 14.5831 -12.4121
12007.1313927 3015.6936716 16.4627 -0.253613 12.2691 0.966602 14.6441 -12.1067
12007.1313052 3015.6936878 16.4962 -1.31113 10.4364 0.76084 14.72 -12.22
12007.1312322 3015.6937046 16.5299 -0.933105 8.33574 0.00957031 14.7446 -13.0391
12007.1311624 3015.6937200 16.5316 0.320605 7.89072 -0.287109 14.645 -13.6458
12007.1310904 3015.6937343 16.5118 1.07188 8.56543 0.550293 14.5379 -12.9761
12007.1310122 3015.6937499 16.4980 -0.559863 11.604 0.818262 14.5974 -12.407
12007.1309345 3015.6937663 16.4940 -0.794336 12.4558 -0.808691 14.6739 -13.8693
12007.1308682 3015.6937804 16.5339 0.636426 8.35488 0.579004 14.5324 -13.0323
12007.1308028 3015.6937918 16.5424 0.655566 7.81416 0.110059 14.6283 -13.1035
12007.1307309 3015.6938053 16.5390 0.62207 8.52715 0.698633 14.6285 -12.6042
12007.1306601 3015.6938210 16.5095 0.890039 10.8097 0.564648 14.6663 -12.5771
12007.1305758 3015.6938360 16.5031 0.440234 11.6566 1.61738 14.669 -11.5428
12007.1304923 3015.6938549 16.5117 -1.47383 11.0011 0.181836 14.8084 -12.6017
12007.1304174 3015.6938705 16.5384 -0.239258 7.11074 0.923535 14.7148 -12.3139
12007.1303429 3015.6938938 16.5491 0.870898 7.5749 0.488086 14.7488 -12.5788
12007.1302688 3015.6939106 16.5341 0.535938 9.70908 1.13408 14.7063 -12.0597
12007.1301949 3015.6939324 16.5137 -0.516797 11.3887 0.6125 14.7492 -12.38
12007.1301197 3015.6939544 16.5090 0.459375 11.7811 -0.229688 14.7098 -13.3681
12007.1300533 3015.6939720 16.5386 0.090918 7.68975 1.50254 14.6049 -11.948
12007.1299835 3015.6939910 16.5392 0.497656 8.44102 -0.358887 14.7727 -13.2299
12007.1299131 3015.6940102 16.5346 0.693848 8.89561 1.225 14.627 -12.2185
12007.1298369 3015.6940299 16.5181 0.349316 11.3647 0.521582 14.7227 -12.4746
12007.1297516 3015.6940433 16.5080 -0.406738 11.6566 1.52646 14.6935 -11.6297
12007.1296681 3015.6940589 16.5293 -0.77041 9.53203 0.291895 14.8159 -12.5274
12007.1295918 3015.6940759 16.5494 0.890039 7.27822 -0.30625 14.7348 -13.5146
12007.1295171 3015.6940895 16.5592 0.923535 7.84287 0.799121 14.6074 -12.707
12007.1294461 3015.6941028 16.5269 -0.0717773 10.0584 1.32549 14.6657 -11.8287
12007.1293698 3015.6941181 16.5157 -0.741699 12.5419 0.842188 14.7751 -12.0398
12007.1292898 3015.6941330 16.5265 1.4834 11.2547 -1.43076 14.7716 -14.4519
12007.1292217 3015.6941425 16.5481 -0.263184 6.74229 2.16289 14.4831 -11.7119
12007.1291491 3015.6941499 16.5631 0.0717773 8.56543 0.363672 14.8081 -12.3291
12007.1290745 3015.6941625 16.5471 0.502441 8.46016 1.36377 14.757 -11.7696
12007.1289953 3015.6941739 16.5314 -0.124414 11.4365 0.435449 14.808 -12.4735
12007.1289121 3015.6941834 16.5277 -0.645996 11.6088 2.07197 14.7217 -11.1258
12007.1288294 3015.6941945 16.5421 -1.10537 9.73301 0.645996 14.8947 -12.0014
12007.1287532 3015.6942108 16.5685 -0.172266 7.34521 0.923535 14.8284 -12.1334
12007.1286794 3015.6942256 16.5749 0.741699 7.45049 0.6125 14.8087 -12.4455
12007.1286037 3015.6942392 16.5443 0.0574219 9.79521 1.39727 14.7398 -11.7802
12007.1285265 3015.6942555 16.5294 -0.540723 13.0061 0.6125 14.8027 -12.2906
12007.1284534 3015.6942746 16.5406 -0.368457 11.3313 -0.0574219 14.7555 -13.1776
12007.1283848 3015.6942892 16.5764 -0.0957031 7.85244 1.62217 14.6679 -11.7647
12007.1283174 3015.6943058 16.5904 0.248828 8.21133 -0.29668 14.8488 -13.1092
12007.1282483 3015.6943229 16.5599 0.76084 8.22568 1.7083 14.6741 -11.7241
12007.1281712 3015.6943405 16.5388 -0.818262 11.6327 0.15791 14.8097 -12.6769
12007.1280908 3015.6943566 16.5471 -1.78965 10.9867 1.3542 14.7129 -11.9055
12007.1280117 3015.6943753 16.5523 -2.10068 10.714 0.229688 14.8033 -12.6868
12007.1279412 3015.6943913 16.5675 -0.124414 7.98164 0.655566 14.7287 -12.5906
12007.1278692 3015.6944094 16.5876 -0.545508 7.68496 0.0526367 14.749 -13.0983
12007.1278045 3015.6944274 16.5559 -0.693848 9.50811 0.588574 14.6593 -12.7787
12007.1277333 3015.6944451 16.5385 0.090918 10.824 1.14844 14.6733 -12.0573
12007.1276624 3015.6944632 16.5277 -1.18193 13.1161 -1.78486 14.7575 -14.7464
12007.1276005 3015.6944759 16.5658 0.468945 8.23525 1.14365 14.4593 -12.817
12007.1275332 3015.6944829 16.5930 0.253613 8.19697 0.401953 14.6906 -12.6549
12007.1274675 3015.6944927 16.5890 1.37334 8.30703 0.890039 14.7371 -12.2588
12007.1273962 3015.6944950 16.5502 -0.650781 11.0824 0.325391 14.7596 -12.7353
12007.1273236 3015.6944960 16.5474 -0.13877 10.513 2.55527 14.6994 -10.6933
12007.1272488 3015.6944986 16.5451 -1.31592 10.9149 0.732129 14.9496 -11.7432
12007.1271812 3015.6944996 16.5743 -0.0287109 8.24961 0.775195 14.8733 -12.22
12007.1271162 3015.6945013 16.5725 0.114844 8.2209 0.129199 14.8013 -12.9902
12007.1270519 3015.6944987 16.5621 0.416309 8.97695 0.363672 14.6851 -12.9941
12007.1269920 3015.6944956 16.5494 0.693848 10.5704 0.540723 14.6587 -12.7523
12007.1269349 3015.6944867 16.5415 -0.535938 12.0203 -1.65088 14.6792 -14.8449
12007.1268880 3015.6944700 16.5733 0.00957031 9.75693 -0.459375 14.4433 -14.4006
12007.1268535 3015.6944516 16.5918 0.598145 8.76162 -0.114844 14.486 -13.7333
12007.1268214 3015.6944304 16.6052 0.765625 8.27832 0.990527 14.588 -12.406
12007.1267896 3015.6944028 16.5860 0.382812 9.49375 2.2251 14.7532 -10.7704
12007.1267515 3015.6943673 16.5713 -0.689063 11.9246 0.579004 14.9695 -11.9417
12007.1267141 3015.6943277 16.5789 -2.50742 12.1591 -1.02402 14.8546 -14.1005
12007.1266837 3015.6942907 16.5983 -1.59346 8.77598 0.875684 14.5822 -12.8933
12007.1266542 3015.6942548 16.6196 -0.330176 8.76162 0.258398 14.7197 -12.8876
12007.1266310 3015.6942213 16.6200 -2.42129 6.50781 2.75625 14.7383 -10.4753
12007.1266101 3015.6941814 16.6161 -1.72266 8.85254 1.13408 15.0442 -11.2421
12007.1265889 3015.6941436 16.6073 -0.387598 11.7571 0.0478516 14.9779 -12.8061
12007.1265641 3015.6941070 16.5878 -1.52168 11.0824 -0.449805 14.7534 -13.8377
12007.1265545 3015.6940719 16.6188 0.215332 9.32627 -0.870898 14.6207 -14.4673
12007.1265535 3015.6940398 16.6388 -1.48818 9.43154 0.684277 14.5411 -13.0415
12007.1265550 3015.6940043 16.6405 -0.291895 8.30225 0.507227 14.7139 -12.6525
12007.1265697 3015.6939695 16.6383 -1.00967 8.26396 1.92363 14.7834 -11.2077
12007.1265854 3015.6939279 16.6344 -3.07686 10.0249 0.425879 14.9727 -12.2316
12007.1266022 3015.6938890 16.6300 -3.62715 10.8767 0.636426 14.8627 -12.514
12007.1266121 3015.6938514 16.6434 -2.95244 9.40762 -0.162695 14.8245 -13.336
12007.1266212 3015.6938286 16.6518 -0.512012 8.75684 -0.440234 14.7223 -13.8801
12007.1266348 3015.6938114 16.6527 -1.35898 8.46973 -0.952246 14.6409 -14.5224
12007.1266398 3015.6937999 16.6468 -3.01465 8.46494 -0.16748 14.5436 -13.921
12007.1266371 3015.6937856 16.6343 -2.65576 9.2832 0.0382813 14.5969 -13.4441
12007.1266288 3015.6937696 16.6136 -1.55039 9.16836 0.655566 14.6463 -12.7022
12007.1266193 3015.6937556 16.5883 -1.39727 9.24014 2.31602 14.7249 -10.822
12007.1266156 3015.6937374 16.5557 -1.47861 9.49854 0.401953 14.9457 -12.1293
12007.1266122 3015.6937161 16.5222 -1.05752 10.0393 0.0861328 14.7782 -13.0791
12007.1266136 3015.6936953 16.5035 0.30625 10.4651 -1.52646 14.6197 -14.939
12007.1266147 3015.6936806 16.4897 -0.229688 9.5751 -0.980957 14.3508 -14.9715
12007.1266173 3015.6936699 16.4778 0.14834 9.4459 -0.698633 14.3021 -14.5366
12007.1266179 3015.6936616 16.4517 0.349316 10.3264 -1.28721 14.3284 -14.9539
12007.1266180 3015.6936589 16.4432 -0.856543 10.2211 -0.813477 14.2713 -14.6529
12007.1266156 3015.6936564 16.4346 -0.607715 9.99141 -0.330176 14.2948 -14.0301
12007.1266156 3015.6936544 16.4391 -0.583789 9.56553 -0.00957031 14.381 -13.497
12007.1266161 3015.6936518 16.4408 -0.421094 9.30713 -0.210547 14.4613 -13.5598
12007.1266164 3015.6936498 16.4373 -0.124414 9.94834 -0.354102 14.4604 -13.7796
12007.1266181 3015.6936492 16.4355 -0.550293 9.80479 -0.45459 14.4308 -13.96
12007.1266193 3015.6936490 16.4359 -0.272754 9.76172 -0.354102 14.4044 -13.9053
