12007.1263932 3015.6938275 15.5254 0.330176 9.7043 0.205762 15.5013 -1.84747
12007.1263926 3015.6938272 15.5232 0.330176 9.7043 0.205762 15.512 -9.60378
12007.1263930 3015.6938279 15.5254 0.330176 9.7043 0.205762 14.5408 -12.8287
12007.1263935 3015.6938271 15.5285 0.330176 9.7043 0.200977 13.7924 -13.6134
12007.1263931 3015.6938275 15.5277 0.330176 9.7043 0.210547 13.5751 -13.387
12007.1263929 3015.6938284 15.5264 0.330176 9.7043 0.200977 13.5751 -13.1769
12007.1263934 3015.6938275 15.5268 0.325391 9.7043 0.210547 13.6018 -13.0924
12007.1263933 3015.6938277 15.5230 0.330176 9.7043 0.205762 13.6126 -13.0863
12007.1263940 3015.6938283 15.5248 0.330176 9.69951 0.210547 13.6163 -13.0851
12007.1263933 3015.6938283 15.5255 0.325391 9.70908 0.210547 13.6175 -13.0865
12007.1263935 3015.6938277 15.5295 0.330176 9.7043 0.205762 13.621 -13.0901
12007.1263942 3015.6938280 15.5300 0.330176 9.69951 0.205762 13.6214 -13.0932
12007.1263940 3015.6938272 15.5302 0.330176 9.7043 0.205762 13.6213 -13.0945
12007.1263939 3015.6938280 15.5296 0.334961 9.7043 0.205762 13.6205 -13.0953
12007.1263941 3015.6938277 15.5268 0.334961 9.7043 0.205762 13.6179 -13.0969
12007.1263932 3015.6938281 15.5226 0.330176 9.7043 0.205762 13.6137 -13.0985
12007.1263928 3015.6938282 15.5169 0.330176 9.7043 0.210547 13.608 -13.0952
12007.1263928 3015.6938277 15.5182 0.330176 9.7043 0.210547 13.6088 -13.0895
12007.1263918 3015.6938280 15.5205 0.330176 9.70908 0.210547 13.6117 -13.0866
12007.1263928 3015.6938272 15.5250 0.330176 9.7043 0.210547 13.6163 -13.0844
12007.1263920 3015.6938291 15.5211 0.330176 9.70908 0.210547 13.6138 -13.0891
12007.1263919 3015.6938314 15.5220 0.330176 9.70908 0.210547 13.6136 -13.0886
12007.1263930 3015.6938311 15.5264 0.330176 9.71387 0.205762 13.6175 -13.0903
12007.1263920 3015.6938323 15.5236 0.330176 9.7043 0.215332 13.6154 -13.0856
12007.1263912 3015.6938331 15.5253 0.330176 9.70908 0.205762 13.6172 -13.0911
12007.1263921 3015.6938317 15.5156 0.330176 9.7043 0.205762 13.6082 -13.1004
12007.1263912 3015.6938333 15.5191 0.330176 9.70908 0.205762 13.609 -13.0958
12007.1263921 3015.6938347 15.5212 0.330176 9.70908 0.205762 13.6115 -13.0932
12007.1263908 3015.6938351 15.5203 0.330176 9.70908 0.205762 13.6113 -13.0945
12007.1263909 3015.6938346 15.5233 0.325391 9.7043 0.210547 13.6138 -13.0882
12007.1263911 3015.6938352 15.5226 0.330176 9.70908 0.205762 13.6143 -13.0927
12007.1263907 3015.6938347 15.5231 0.330176 9.70908 0.205762 13.6142 -13.0943
12007.1263912 3015.6938341 15.5233 0.330176 9.7043 0.205762 13.6142 -13.0947
12007.1263907 3015.6938347 15.5237 0.325391 9.73301 0.291895 13.6145 -13.0085
12007.1263901 3015.6938319 15.5248 0.325391 9.70908 0.210547 13.6264 -13.0582
12007.1263911 3015.6938320 15.5273 0.334961 9.7043 0.210547 13.6238 -13.0822
12007.1263918 3015.6938333 15.5270 0.330176 9.70908 0.205762 13.6202 -13.0941
12007.1263927 3015.6938345 15.5276 0.330176 9.7043 0.210547 13.6187 -13.0909
12007.1263920 3015.6938348 15.5285 0.325391 9.7043 0.205762 13.6197 -13.0931
12007.1263926 3015.6938340 15.5260 0.334961 9.7043 0.205762 13.6174 -13.0961
12007.1263925 3015.6938338 15.5242 0.330176 9.7043 0.205762 13.6151 -13.0968
12007.1263920 3015.6938335 15.5238 0.325391 9.70908 0.205762 13.6144 -13.0959
12007.1263924 3015.6938347 15.5269 0.330176 9.7043 0.205762 13.6171 -13.0931
12007.1263924 3015.6938347 15.5254 0.330176 9.7043 0.210547 13.6165 -13.09
12007.1263921 3015.6938344 15.5280 0.330176 9.7043 0.205762 13.6191 -13.0917
12007.1263936 3015.6938338 15.5267 0.325391 9.70908 0.210547 13.6181 -13.0899
12007.1263941 3015.6938325 15.5278 0.334961 9.69951 0.205762 13.6192 -13.0928
12007.1263941 3015.6938326 15.5302 0.330176 9.7043 0.210547 13.621 -13.0881
12007.1263932 3015.6938322 15.5312 0.330176 9.70908 0.205762 13.6227 -13.0918
12007.1263940 3015.6938316 15.5281 0.330176 9.7043 0.210547 13.6198 -13.0914
12007.1263928 3015.6938326 15.5334 0.330176 9.70908 0.210547 13.6241 -13.086
12007.1263931 3015.6938323 15.5330 0.334961 9.7043 0.200977 13.625 -13.0966
12007.1263925 3015.6938342 15.5360 0.330176 9.7043 0.210547 13.6263 -13.0895
12007.1263922 3015.6938347 15.5340 0.325391 9.7043 0.210547 13.6257 -13.0891
12007.1263928 3015.6938320 15.5384 0.330176 9.7043 0.205762 13.6295 -13.0905
12007.1263919 3015.6938322 15.5305 0.330176 9.70908 0.205762 13.6229 -13.0985
12007.1263910 3015.6938310 15.5238 0.330176 9.7043 0.215332 13.6152 -13.0919
12007.1263913 3015.6938313 15.5273 0.330176 9.69951 0.210547 13.6181 -13.0871
12007.1263912 3015.6938312 15.5286 0.330176 9.7043 0.215332 13.6202 -13.0817
12007.1263911 3015.6938313 15.5256 0.325391 9.7043 0.196191 13.6186 -13.1021
12007.1263909 3015.6938304 15.5258 0.330176 9.7043 0.215332 13.6159 -13.0891
12007.1263912 3015.6938308 15.5242 0.334961 9.69951 0.210547 13.6158 -13.0886
12007.1263907 3015.6938310 15.5248 0.330176 9.70908 0.205762 13.6164 -13.0927
12007.1263911 3015.6938312 15.5292 0.330176 9.7043 0.205762 13.6198 -13.0918
12007.1263923 3015.6938293 15.5322 0.325391 9.69951 0.205762 13.623 -13.0917
12007.1263919 3015.6938307 15.5286 0.325391 9.7043 0.210547 13.6202 -13.0912
12007.1263919 3015.6938289 15.5259 0.330176 9.7043 0.205762 13.6176 -13.0958
12007.1263916 3015.6938286 15.5256 0.330176 9.7043 0.205762 13.6164 -13.096
12007.1263922 3015.6938302 15.5238 0.330176 9.7043 0.205762 13.6147 -13.0964
12007.1263919 3015.6938299 15.5283 0.330176 9.7043 0.210547 13.6183 -13.0878
12007.1263920 3015.6938295 15.5254 0.325391 9.7043 0.210547 13.6174 -13.0889
12007.1263908 3015.6938283 15.5268 0.330176 9.70908 0.205762 13.6183 -13.0925
12007.1263919 3015.6938301 15.5264 0.325391 9.7043 0.210547 13.6176 -13.0899
12007.1263907 3015.6938310 15.5201 0.330176 9.7043 0.205762 13.6124 -13.0974
12007.1263903 3015.6938311 15.5215 0.334961 9.7043 0.210547 13.612 -13.091
12007.1263899 3015.6938315 15.5196 0.325391 9.70908 0.196191 13.6111 -13.104
12007.1263899 3015.6938313 15.5191 0.330176 9.69951 0.210547 13.6089 -13.0941
12007.1263896 3015.6938316 15.5203 0.330176 9.7043 0.215332 13.6109 -13.0836
12007.1263897 3015.6938317 15.5208 0.325391 9.71387 0.205762 13.6129 -13.0903
12007.1263898 3015.6938317 15.5218 0.330176 9.7043 0.205762 13.6132 -13.0934
12007.1263902 3015.6938314 15.5236 0.325391 9.70908 0.196191 13.6144 -13.1031
12007.1263910 3015.6938304 15.5277 0.320605 9.7043 0.191406 13.6169 -13.1096
12007.1263895 3015.6938328 15.5308 0.330176 9.7043 0.220117 13.6191 -13.0828
12007.1263889 3015.6938330 15.5352 0.320605 9.69951 0.215332 13.6267 -13.0765
12007.1263872 3015.6938313 15.5286 0.339746 9.71387 0.200977 13.6226 -13.0977
12007.1263895 3015.6938311 15.5287 0.325391 9.69951 0.234473 13.6195 -13.0692
12007.1263902 3015.6938337 15.5263 0.325391 9.69951 0.263184 13.6207 -13.0297
12007.1263910 3015.6938330 15.5256 0.339746 9.70908 0.162695 13.6252 -13.1172
12007.1263914 3015.6938334 15.5293 0.31582 9.69951 0.220117 13.6179 -13.0918
12007.1263900 3015.6938320 15.5314 0.339746 9.70908 0.196191 13.622 -13.1006
12007.1263916 3015.6938317 15.5363 0.339746 9.69951 0.220117 13.6257 -13.0793
12007.1263918 3015.6938306 15.5331 0.330176 9.70908 0.186621 13.6261 -13.1095
12007.1263910 3015.6938295 15.5282 0.334961 9.69951 0.220117 13.618 -13.0903
12007.1263911 3015.6938308 15.5339 0.325391 9.70908 0.191406 13.6244 -13.1033
12007.1263925 3015.6938311 15.5405 0.334961 9.73779 0.291895 13.6293 -13.0074
12007.1263929 3015.6938292 15.5356 0.339746 9.69951 0.239258 13.6379 -13.0317
12007.1263928 3015.6938298 15.5380 0.325391 9.70908 0.196191 13.638 -13.0875
12007.1263922 3015.6938310 15.5325 0.330176 9.7043 0.210547 13.6261 -13.0968
12007.1263925 3015.6938291 15.5378 0.330176 9.7043 0.215332 13.628 -13.0844
12007.1263926 3015.6938300 15.5317 0.325391 9.7043 0.196191 13.6245 -13.1042
12007.1263918 3015.6938303 15.5331 0.334961 9.7043 0.224902 13.6228 -13.0795
12007.1263918 3015.6938317 15.5300 0.334961 9.70908 0.196191 13.623 -13.1001
12007.1263914 3015.6938320 15.5277 0.334961 9.69951 0.220117 13.6184 -13.0853
12007.1263913 3015.6938305 15.5282 0.330176 9.70908 0.200977 13.6201 -13.0958
12007.1263913 3015.6938304 15.5275 0.325391 9.7043 0.191406 13.6184 -13.1107
12007.1263905 3015.6938317 15.5263 0.330176 9.7043 0.210547 13.6152 -13.0966
12007.1263910 3015.6938314 15.5251 0.325391 9.7043 0.200977 13.6156 -13.0998
12007.1263919 3015.6938297 15.5314 0.325391 9.69951 0.210547 13.6207 -13.0876
12007.1263898 3015.6938296 15.5321 0.325391 9.7043 0.210547 13.6235 -13.0861
12007.1263899 3015.6938273 15.5310 0.330176 9.7043 0.210547 13.6231 -13.088
12007.1263904 3015.6938287 15.5351 0.325391 9.70908 0.210547 13.6264 -13.0858
12007.1263896 3015.6938277 15.5308 0.224902 9.64209 0.502441 13.6234 -12.798
12007.1263894 3015.6938274 15.5322 1.81357 9.75693 0.545508 13.6608 -12.6483
12007.1263906 3015.6938277 15.5194 0.177051 9.58467 0.712988 13.6735 -12.459
12007.1263902 3015.6938273 15.5323 -0.31582 10.0153 -1.4499 13.7104 -14.5534
12007.1263895 3015.6938220 15.5279 -0.100488 9.69473 0.172266 13.4448 -13.7129
12007.1263898 3015.6938125 15.5347 0.00957031 9.65166 1.15801 13.5239 -12.2499
12007.1263862 3015.6938100 15.5314 0.45459 9.64209 1.45947 13.7172 -11.4736
12007.1263884 3015.6938141 15.5354 1.36855 9.98184 0.535938 13.8441 -12.2383
12007.1263812 3015.6938122 15.5174 0.736914 9.37891 2.19639 13.7472 -10.9462
12007.1263812 3015.6938101 15.5259 5.22061 11.3025 -2.3543 13.9067 -14.9636
12007.1263801 3015.6938068 15.5254 -0.894824 9.4124 2.07676 13.4154 -12.0834
12007.1263809 3015.6938078 15.5220 -0.961816 9.40762 1.89014 13.7164 -10.9195
12007.1263842 3015.6938099 15.5229 -2.37344 9.56074 0.808691 13.9036 -11.7732
12007.1263830 3015.6938074 15.5176 -0.401953 9.10615 4.66553 13.8141 -8.3473
12007.1263855 3015.6938099 15.5226 -2.72275 9.27842 3.92861 14.243 -7.78858
12007.1263799 3015.6938142 15.5219 6.7375 21.0212 -4.43105 14.3681 -16.2215
12007.1263747 3015.6938104 15.6611 -5.8666 6.32598 -2.69883 13.4324 -17.5208
12007.1263928 3015.6937961 15.7499 3.99561 7.63711 -1.73223 13.2256 -16.3676
12007.1263857 3015.6937845 15.8350 0.775195 7.02461 3.29697 13.4202 -10.7359
12007.1263897 3015.6937695 15.9123 -2.66055 6.5126 6.0293 14.2291 -6.04806
12007.1264073 3015.6937694 15.9662 -3.90469 8.39795 1.90928 14.9756 -8.96061
12007.1264397 3015.6937585 16.0130 -0.626855 11.6184 -1.65566 14.7408 -14.0231
12007.1264547 3015.6937496 16.0757 1.17715 11.427 -1.39248 14.1215 -15.395
12007.1264582 3015.6937474 16.1256 1.03359 10.8288 2.72754 13.9116 -11.3417
12007.1264649 3015.6937539 16.2174 -2.40215 10.1445 1.34941 14.4808 -11.0655
12007.1264664 3015.6937471 16.2974 -1.42119 11.9581 0.559863 14.6582 -12.0683
12007.1264760 3015.6937469 16.4038 1.55518 8.82861 1.18672 14.646 -11.8484
12007.1264671 3015.6937514 16.4994 1.86143 12.8099 0.143555 14.7559 -12.7433
12007.1264462 3015.6937561 16.6249 -2.40215 8.0917 1.91885 14.7655 -11.2807
12007.1264319 3015.6937582 16.7415 -1.55518 10.1876 -2.59355 15.0546 -15.1974
12007.1264093 3015.6937553 16.8699 -0.0526367 8.54629 -1.25371 14.7051 -15.3725
12007.1263766 3015.6937516 16.9719 1.09102 10.3264 -1.47861 14.7274 -15.3718
12007.1263396 3015.6937531 17.0808 2.27773 3.37832 -2.11025 14.8253 -15.9478
12007.1262995 3015.6937439 17.1330 0.0765625 2.08633 4.40234 14.8101 -9.6721
12007.1262805 3015.6937443 17.1325 3.76592 6.27334 6.8332 15.6062 -4.96907
12007.1262962 3015.6937451 17.0820 5.56035 7.2208 3.86162 16.2619 -6.78634
12007.1263290 3015.6937367 17.0358 -0.756055 10.2977 0.129199 16.0738 -11.6228
12007.1263515 3015.6937273 16.9861 0.669922 9.03916 0.727344 15.3911 -12.68
12007.1263762 3015.6937244 16.9343 -1.34941 12.9391 -1.75615 15.1245 -15.1412
12007.1263865 3015.6937259 16.9178 -0.0957031 11.3552 0.564648 14.7629 -13.5478
12007.1263949 3015.6937362 16.9059 -0.272754 9.35977 5.14404 14.9093 -8.17042
12007.1264162 3015.6937432 16.9076 -1.31113 9.91963 1.51211 15.6137 -9.95599
12007.1264306 3015.6937488 16.9068 -0.200977 9.99141 0.890039 15.4754 -11.6728
12007.1264354 3015.6937576 16.8976 -0.0478516 9.90049 3.20605 15.2313 -9.89321
12007.1264411 3015.6937662 16.9006 -1.06709 10.0871 2.66533 15.4293 -9.63431
12007.1264558 3015.6937748 16.9170 -2.80889 9.24492 -0.13877 15.5018 -12.4612
12007.1264485 3015.6937842 16.9166 -1.86143 7.65625 0.684277 15.1509 -12.704
12007.1264394 3015.6937928 16.9058 0.277539 8.65635 3.74199 15.066 -9.51636
12007.1264364 3015.6938074 16.8812 -0.631641 8.96738 3.37354 15.4393 -8.69691
12007.1264354 3015.6938202 16.8530 -1.93799 10.4412 3.76592 15.5665 -8.26582
12007.1264303 3015.6938267 16.8420 -2.59355 9.7043 3.22998 15.6279 -8.73468
12007.1264257 3015.6938252 16.8487 -1.66045 8.11563 4.18223 15.5819 -7.98648
12007.1264230 3015.6938201 16.8423 -1.56475 8.8334 2.8376 15.6657 -9.03603
12007.1264215 3015.6938110 16.8385 -0.177051 9.90527 1.804 15.5395 -10.504
12007.1264159 3015.6938067 16.8404 -0.196191 9.30713 0.77041 15.3383 -11.985
12007.1264099 3015.6938040 16.8379 0.674707 9.51768 1.89492 15.122 -11.2674
12007.1264088 3015.6938042 16.8318 -0.588574 9.91006 0.344531 15.1805 -12.4247
12007.1264042 3015.6938057 16.8243 0.435449 10.0488 1.88057 15.0341 -11.3481
12007.1264100 3015.6938083 16.8287 -0.358887 10.5369 1.40205 15.1563 -11.3421
12007.1264167 3015.6938108 16.8368 -1.36855 8.90039 0.574219 15.1797 -12.2407
12007.1264190 3015.6938083 16.8336 -0.468945 8.10127 2.27295 15.0656 -10.8829
12007.1264239 3015.6937998 16.8352 0.966602 9.50811 -2.49307 15.2252 -15.0854
12007.1264196 3015.6937907 16.8255 5.22061 9.68037 -1.40684 14.7023 -15.6227
12007.1264194 3015.6937970 16.8222 4.51719 6.13936 1.42119 14.5645 -12.6561
12007.1264365 3015.6938068 16.7969 -2.22988 9.49854 1.82314 14.9024 -11.1126
12007.1264602 3015.6938048 16.7467 -3.90469 8.98174 1.37813 15.098 -11.2493
12007.1264814 3015.6937871 16.6942 -4.1918 10.5417 -0.215332 15.0597 -13.0506
12007.1264952 3015.6937636 16.6853 -1.66523 10.8719 0.397168 14.8178 -13.0688
12007.1265023 3015.6937427 16.6807 -1.804 10.1589 0.196191 14.7807 -13.1246
12007.1265074 3015.6937215 16.6738 -1.05752 9.28799 0.655566 14.7629 -12.6661
12007.1265105 3015.6937050 16.6681 -0.942676 9.8957 1.47861 14.814 -11.6699
12007.1265125 3015.6936900 16.6428 -1.76572 9.12051 0.684277 14.9251 -12.1539
12007.1265165 3015.6936806 16.6292 -0.818262 8.01992 1.50732 14.8658 -11.5852
12007.1265184 3015.6936708 16.6035 -0.741699 8.26396 2.12461 14.9082 -10.7414
12007.1265270 3015.6936584 16.5547 -1.50254 8.81904 0.540723 14.9784 -12.0793
12007.1265352 3015.6936518 16.5129 -2.36865 9.93877 0.229688 14.7806 -12.9444
12007.1265392 3015.6936476 16.4639 -1.47383 10.6565 -0.0478516 14.6026 -13.4386
12007.1265465 3015.6936378 16.4383 -0.287109 11.0633 0.344531 14.4947 -13.127
12007.1265509 3015.6936340 16.4202 -0.942676 9.85742 0.521582 14.5048 -12.7802
12007.1265501 3015.6936330 16.4057 -1.54561 9.60859 0.363672 14.5376 -12.8288
12007.1265484 3015.6936304 16.3900 -0.90918 9.81914 0.6125 14.5219 -12.6285
12007.1265468 3015.6936253 16.3734 -0.583789 10.001 0.416309 14.5309 -12.753
12007.1265462 3015.6936201 16.3624 0.100488 9.45068 0.344531 14.5066 -12.8825
12007.1265450 3015.6936160 16.3480 0.47373 10.044 0.349316 14.4744 -12.9181
12007.1265448 3015.6936156 16.3456 -0.650781 10.1254 0.239258 14.4637 -13.0219
12007.1265436 3015.6936135 16.3461 -1.16758 9.86221 -0.0382813 14.4496 -13.3297
12007.1265422 3015.6936113 16.3490 -0.846973 9.55117 -0.100488 14.4111 -13.492
12007.1265409 3015.6936078 16.3472 -0.6125 9.62295 0.0765625 14.384 -13.3501
12007.1265400 3015.6936074 16.3524 -0.569434 9.42197 0.14834 14.4032 -13.2065
12007.1265393 3015.6936061 16.3468 -0.976172 9.72822 -0.124414 14.419 -13.4433
12007.1265397 3015.6936050 16.3470 -0.507227 9.7665 -0.119629 14.3911 -13.5338
12007.1265397 3015.6936040 16.3475 -0.870898 9.79521 -0.339746 14.3764 -13.7684
12007.1265406 3015.6936045 16.3483 -0.746484 9.45547 -0.0191406 14.3454 -13.5225
12007.1265413 3015.6936030 16.3460 -0.650781 9.51289 0.124414 14.3707 -13.272
12007.1265433 3015.6936006 16.3432 -0.693848 9.7043 -0.0813477 14.4034 -13.4054
12007.1265453 3015.6936000 16.3328 -0.641211 9.79521 -0.354102 14.3815 -13.7537
12007.1265468 3015.6935999 16.3288 -0.985742 9.64209 -0.253613 14.3309 -13.7674
12007.1265481 3015.6936008 16.3265 -1.03838 9.63252 0.0143555 14.3207 -13.4735
12007.1265507 3015.6936010 16.3326 -1.14844 9.69473 -0.339746 14.3621 -13.7112
12007.1265525 3015.6936014 16.3311 -0.861328 9.69473 -0.31582 14.3359 -13.8004
12007.1265529 3015.6936005 16.3273 -1.0623 9.64209 -0.363672 14.3178 -13.8661
12007.1265541 3015.6936025 16.3208 -1.07188 9.56074 -0.244043 14.3015 -13.7628
12007.1265555 3015.6936025 16.3251 -1.0623 9.73301 -0.349316 14.3163 -13.8176
12007.1265560 3015.6936037 16.3216 -1.13887 9.58945 -0.0765625 14.3082 -13.5763
12007.1265570 3015.6936049 16.3223 -1.29678 9.71387 -0.334961 14.3385 -13.7421
12007.1265576 3015.6936044 16.3277 -1.26328 9.62295 -0.248828 14.326 -13.7316
12007.1265564 3015.6936047 16.3230 -1.04795 9.57988 -0.334961 14.3216 -13.809
12007.1265570 3015.6936052 16.3174 -1.13887 9.7043 -0.30625 14.3063 -13.809
12007.1265566 3015.6936051 16.3227 -0.923535 9.7665 -0.234473 14.309 -13.724
12007.1265574 3015.6936058 16.3223 -1.21543 9.75215 -0.330176 14.3198 -13.791
12007.1265573 3015.6936062 16.3256 -1.01445 9.67559 -0.358887 14.3155 -13.8487
12007.1265579 3015.6936059 16.3222 -1.12451 9.55117 -0.387598 14.3047 -13.8977
12007.1265588 3015.6936055 16.3262 -1.0001 9.66602 -0.291895 14.3005 -13.8101
12007.1265587 3015.6936057 16.3271 -1.00967 9.68037 -0.205762 14.3119 -13.6892
12007.1265596 3015.6936054 16.3223 -1.11494 9.74258 -0.263184 14.3246 -13.7134
12007.1265596 3015.6936041 16.3275 -0.933105 9.56074 -0.301465 14.3277 -13.7652
12007.1265593 3015.6936039 16.3246 -0.990527 9.66602 -0.330176 14.3189 -13.8164
12007.1265596 3015.6936042 16.3257 -0.976172 9.66602 -0.46416 14.3123 -13.9625
12007.1265604 3015.6936038 16.3274 -1.09102 9.61816 -0.311035 14.2943 -13.8567
12007.1265595 3015.6936045 16.3228 -1.10059 9.68037 -0.29668 14.3015 -13.7957
12007.1265599 3015.6936035 16.3257 -0.947461 9.66123 -0.421094 14.3127 -13.9008
12007.1265601 3015.6936036 16.3265 -1.10537 9.64688 -0.449805 14.3014 -13.9741
12007.1265605 3015.6936038 16.3267 -0.846973 9.59424 -0.191406 14.2908 -13.7348
12007.1265603 3015.6936044 16.3251 -1.15801 9.68516 -0.373242 14.3185 -13.8246
12007.1265608 3015.6936040 16.3229 -1.02402 9.69473 -0.339746 14.3087 -13.8426
12007.1265611 3015.6936055 16.3212 -0.890039 9.65166 -0.196191 14.3037 -13.7004
12007.1265631 3015.6936049 16.3218 -1.06709 9.72822 -0.545508 14.3217 -13.9948
12007.1265631 3015.6936052 16.3245 -0.708203 9.42197 -0.177051 14.2889 -13.7423
12007.1265647 3015.6936059 16.3222 -1.20107 9.66602 -0.401953 14.3148 -13.8566
12007.1265668 3015.6936057 16.3224 -0.933105 9.6373 -0.334961 14.3037 -13.8473
12007.1265685 3015.6936056 16.3204 -0.856543 9.53682 -0.373242 14.3018 -13.8764
12007.1265695 3015.6936059 16.3178 -0.933105 9.59424 -0.248828 14.2955 -13.7629
12007.1265705 3015.6936068 16.3177 -1.00967 9.75215 -0.330176 14.3091 -13.7994
12007.1265736 3015.6936061 16.3224 -1.0623 9.74258 -0.588574 14.3103 -14.0767
12007.1265732 3015.6936070 16.3212 -0.947461 9.50811 -0.325391 14.2741 -13.915
12007.1265752 3015.6936086 16.3189 -1.0958 9.60859 -0.320605 14.2881 -13.8302
12007.1265765 3015.6936094 16.3201 -1.05752 9.66602 -0.459375 14.3017 -13.9466
12007.1265764 3015.6936094 16.3175 -0.746484 9.59424 -0.349316 14.2863 -13.8888
12007.1265785 3015.6936110 16.3198 -1.31592 9.69473 -0.478516 14.2937 -13.9859
12007.1265781 3015.6936106 16.3194 -0.976172 9.51768 -0.421094 14.282 -13.9685
12007.1265796 3015.6936109 16.3243 -1.07188 9.59424 -0.459375 14.287 -13.9899
12007.1265803 3015.6936108 16.3214 -1.03838 9.71387 -0.387598 14.2824 -13.9308
12007.1265809 3015.6936113 16.3242 -1.0623 9.69951 -0.411523 14.2917 -13.9287
12007.1265810 3015.6936110 16.3211 -0.961816 9.71387 -0.540723 14.2905 -14.0652
12007.1265812 3015.6936096 16.3236 -1.14365 9.6708 -0.320605 14.2752 -13.8918
12007.1265805 3015.6936097 16.3211 -1.0623 9.76172 -0.588574 14.2931 -14.0891
12007.1265790 3015.6936088 16.3212 -0.861328 9.8335 -0.641211 14.2703 -14.2243
12007.1265784 3015.6936090 16.3264 -1.08145 9.73301 -0.459375 14.2548 -14.0733
12007.1265771 3015.6936089 16.3230 -1.09102 9.99619 -0.440234 14.2691 -13.9919
12007.1265731 3015.6936088 16.3251 -0.885254 10.8767 -0.545508 14.2831 -14.0757
12007.1265709 3015.6936094 16.3473 -1.34941 11.2834 -0.856543 14.2936 -14.4116
12007.1265652 3015.6936086 16.3873 -1.11494 10.58 0.607715 14.2871 -13.0497
12007.1265614 3015.6936071 16.4394 -0.224902 9.00088 0.92832 14.505 -12.2005
12007.1265540 3015.6936116 16.4692 -0.334961 9.39805 1.36855 14.6668 -11.5744
12007.1265473 3015.6936155 16.5032 -1.04795 9.90527 1.88057 14.7967 -10.9184
12007.1265436 3015.6936125 16.5518 -1.50254 9.39326 1.27764 14.9392 -11.3368
12007.1265347 3015.6936133 16.5883 -0.693848 9.17793 1.69395 14.9359 -11.1391
12007.1265291 3015.6936175 16.6185 -1.47861 9.75693 1.80879 14.987 -10.9315
12007.1265230 3015.6936196 16.6617 -1.30635 9.32627 1.71309 15.0576 -10.9575
12007.1265203 3015.6936211 16.6933 -0.837402 8.80469 2.68926 15.0909 -10.0156
12007.1265131 3015.6936298 16.7162 -1.14365 9.20186 2.64619 15.2349 -9.72568
12007.1265071 3015.6936363 16.7502 -1.07666 7.89072 3.78506 15.3198 -8.55267
12007.1265039 3015.6936412 16.7638 -1.33027 7.93857 3.38311 15.4918 -8.57728
12007.1265013 3015.6936479 16.7756 -0.856543 8.34531 3.029 15.5208 -9.04265
12007.1264977 3015.6936547 16.7685 -1.21543 8.58936 3.36396 15.4591 -8.89859
12007.1264952 3015.6936650 16.7685 -1.58389 9.06787 3.34961 15.4696 -8.82154
12007.1264907 3015.6936714 16.7687 -1.10537 9.154 3.18691 15.4809 -8.96303
12007.1264850 3015.6936794 16.7662 -0.320605 9.10137 3.28262 15.4621 -8.92717
12007.1264840 3015.6936871 16.7654 -0.16748 9.31191 3.39268 15.4636 -8.79271
12007.1264810 3015.6936974 16.7647 -1.07188 9.55117 3.05771 15.4803 -9.08058
12007.1264788 3015.6937077 16.7624 -1.51689 9.34063 3.10557 15.4438 -9.14867
12007.1264776 3015.6937151 16.7598 -1.54082 9.2832 2.82324 15.4282 -9.43385
12007.1264771 3015.6937201 16.7674 -2.01934 8.96738 2.07197 15.3966 -10.2731
12007.1264782 3015.6937216 16.7722 -1.12451 9.00566 1.42598 15.2899 -11.1984
12007.1264857 3015.6937172 16.7728 -0.320605 10.2067 -0.535938 15.1592 -13.4254
12007.1264888 3015.6937128 16.7767 0.0382813 10.0201 -2.01934 14.8625 -15.6256
12007.1264837 3015.6937095 16.7822 0.732129 9.07744 -0.0287109 14.5496 -14.2351
12007.1264822 3015.6937098 16.7820 0.689063 9.08223 0.650781 14.6866 -12.8543
12007.1264829 3015.6937132 16.7784 0.837402 9.44111 -0.0191406 14.8766 -13.1162
12007.1264849 3015.6937163 16.7822 0.0334961 9.62295 0.46416 14.8707 -12.8464
12007.1264863 3015.6937222 16.7615 -0.334961 9.89092 1.01924 14.8862 -12.2036
12007.1264856 3015.6937255 16.7534 -0.966602 10.0584 1.17236 14.963 -11.8338
12007.1264897 3015.6937257 16.7534 -1.11016 10.0105 1.04316 15.0198 -11.8787
12007.1264917 3015.6937213 16.7513 -0.210547 9.51768 0.890039 15.0195 -12.0857
12007.1264956 3015.6937155 16.7511 0.090918 9.64209 0.124414 14.9929 -12.9259
12007.1264955 3015.6937125 16.7543 0.31582 9.49375 0.0239258 14.8854 -13.3103
12007.1264958 3015.6937119 16.7522 0.617285 9.2832 0.684277 14.821 -12.7211
12007.1264968 3015.6937138 16.7439 0.105273 9.76172 0.856543 14.8805 -12.3005
12007.1264992 3015.6937159 16.7364 -0.339746 10.0536 0.114844 14.9351 -12.9334
12007.1264993 3015.6937197 16.7343 -0.330176 9.80957 0.483301 14.8596 -12.8294
12007.1264993 3015.6937230 16.7345 -0.435449 9.82871 1.22979 14.8634 -11.9971
12007.1264991 3015.6937264 16.7327 -0.200977 9.77607 1.12451 14.9683 -11.8058
12007.1264984 3015.6937276 16.7336 -0.44502 9.65166 0.957031 15.0067 -11.9708
12007.1264960 3015.6937274 16.7265 -0.497656 9.11094 2.08154 14.9844 -10.9349
12007.1264946 3015.6937286 16.7232 -0.220117 9.52725 2.46914 15.1105 -10.1617
12007.1264971 3015.6937279 16.7372 -0.382812 9.93398 2.31602 15.2372 -10.1077
12007.1264978 3015.6937257 16.7355 -0.205762 9.45547 1.92363 15.2587 -10.5627
12007.1264999 3015.6937236 16.7433 0.421094 9.50332 1.5791 15.2103 -11.08
12007.1265011 3015.6937215 16.7444 0.708203 9.42197 1.30156 15.1393 -11.5124
12007.1265018 3015.6937216 16.7416 0.248828 9.42197 1.29199 15.0728 -11.6343
12007.1265036 3015.6937226 16.7376 -0.272754 9.5416 1.30635 15.0453 -11.6239
12007.1265030 3015.6937220 16.7419 -0.0334961 9.65645 1.47383 15.0469 -11.4324
12007.1265027 3015.6937218 16.7384 -0.0239258 9.84307 1.53125 15.0684 -11.3092
12007.1265055 3015.6937198 16.7394 -0.287109 9.89092 1.28242 15.0877 -11.5267
12007.1265062 3015.6937143 16.7424 -0.119629 9.82393 0.823047 15.0651 -12.0749
12007.1265048 3015.6937117 16.7295 0.626855 9.3502 1.225 14.9812 -11.8644
12007.1265063 3015.6937058 16.7333 0.899609 9.46025 1.1293 15.0007 -11.8281
12007.1265089 3015.6937021 16.7284 0.703418 10.044 0.177051 15.0035 -12.7829
12007.1265104 3015.6936985 16.7337 0.818262 9.45068 0.712988 14.887 -12.5896
12007.1265091 3015.6936972 16.7290 0.875684 9.68516 0.521582 14.8926 -12.6398
12007.1265086 3015.6936971 16.7287 0.703418 9.75693 0.492871 14.8867 -12.6904
12007.1265077 3015.6937000 16.7261 0.550293 9.58467 1.03838 14.8772 -12.161
12007.1265080 3015.6937023 16.7250 -0.090918 9.84307 1.05273 14.9424 -11.9505
12007.1265081 3015.6937041 16.7212 -0.0191406 9.73779 0.961816 14.9742 -12.0096
12007.1265104 3015.6937024 16.7270 0.16748 9.57988 0.856543 14.9758 -12.1528
12007.1265129 3015.6937002 16.7329 0.15791 9.96748 0.732129 14.9629 -12.3261
12007.1265146 3015.6936995 16.7337 0.330176 9.74736 0.344531 14.9399 -12.7674
12007.1265138 3015.6936974 16.7362 0.421094 9.07744 1.08145 14.883 -12.1733
12007.1265151 3015.6936965 16.7296 -0.119629 9.94355 0.727344 14.9456 -12.281
12007.1265163 3015.6936950 16.7272 0.354102 10.0584 0.679492 14.9378 -12.4093
12007.1265152 3015.6936937 16.7320 0.641211 9.36934 0.29668 14.9247 -12.8303
12007.1265132 3015.6936953 16.7309 0.334961 9.14443 1.17236 14.8685 -12.0987
12007.1265131 3015.6936963 16.7272 0.378027 9.69951 0.545508 14.9512 -12.4282
12007.1265126 3015.6937006 16.7209 0.215332 9.60381 1.03359 14.9143 -12.1158
12007.1265125 3015.6937031 16.7172 -0.210547 9.9627 0.75127 14.9461 -12.2643
12007.1265122 3015.6937037 16.7129 0.392383 9.69473 0.617285 14.9275 -12.4749
12007.1265118 3015.6937063 16.7145 -0.0574219 9.71865 0.583789 14.8997 -12.5714
12007.1265122 3015.6937065 16.7167 -0.153125 9.46982 1.01924 14.8858 -12.1516
12007.1265142 3015.6937075 16.7078 0.0191406 9.84785 0.492871 14.9297 -12.5234
12007.1265144 3015.6937064 16.7093 0.00957031 9.80957 0.631641 14.8893 -12.5458
12007.1265144 3015.6937059 16.7104 -0.0574219 9.50811 0.823047 14.8823 -12.3359
12007.1265156 3015.6937037 16.7103 0.0957031 9.68037 1.03359 14.908 -12.0453
12007.1265179 3015.6937013 16.7098 0.46416 10.0345 0.30625 14.9478 -12.6846
12007.1265184 3015.6937018 16.7148 -0.301465 9.84307 -0.200977 14.8759 -13.4446
12007.1265150 3015.6937030 16.7145 0.239258 9.32148 0.727344 14.7698 -12.7445
12007.1265108 3015.6937044 16.7088 -0.29668 9.5416 0.813477 14.8404 -12.3417
12007.1265081 3015.6937054 16.7040 0.00957031 9.42197 0.92832 14.8964 -12.1299
12007.1265044 3015.6937063 16.7026 0.0143555 9.52246 1.14365 14.9293 -11.8749
12007.1265038 3015.6937087 16.6973 -0.234473 9.88135 0.880469 14.9613 -12.0706
12007.1265034 3015.6937086 16.6967 -0.497656 9.91963 0.665137 14.9399 -12.3773
12007.1265033 3015.6937104 16.6931 -0.531152 8.99609 0.784766 14.8951 -12.3569
12007.1265018 3015.6937109 16.6906 -0.363672 9.27842 0.62207 14.8898 -12.4851
12007.1265005 3015.6937090 16.6835 -0.244043 9.27363 1.41641 14.8666 -11.7382
12007.1265034 3015.6937054 16.6856 0.0526367 9.72344 1.46904 14.9605 -11.4001
12007.1265090 3015.6936997 16.6764 -0.349316 9.89092 1.72744 15.0074 -11.0857
12007.1265122 3015.6936898 16.6694 -1.77529 9.37891 2.0624 15.0473 -10.6719
12007.1265176 3015.6936698 16.6685 -0.100488 8.89561 0.995313 15.1043 -11.6158
12007.1265228 3015.6936510 16.6550 -0.186621 9.94355 -0.200977 14.9796 -13.1975
12007.1265266 3015.6936335 16.6450 0.856543 10.7714 -1.66045 14.7538 -15.154
12007.1265225 3015.6936210 16.6433 1.1915 9.9627 -0.952246 14.4746 -15.0078
12007.1265185 3015.6936148 16.6467 0.598145 9.0583 -0.320605 14.4606 -14.1428
12007.1265131 3015.6936085 16.6440 0.507227 9.60859 -0.0239258 14.5666 -13.5271
12007.1265104 3015.6936019 16.6425 0.13877 10.0105 -0.0478516 14.6571 -13.3977
12007.1265093 3015.6935962 16.6450 0.75127 9.80479 -0.301465 14.6872 -13.6609
12007.1265087 3015.6935891 16.6440 0.913965 9.51289 -0.425879 14.6567 -13.9002
12007.1265089 3015.6935849 16.6442 0.588574 9.20186 -0.0430664 14.6226 -13.584
12007.1265106 3015.6935822 16.6419 0.301465 10.0967 -0.516797 14.6564 -13.9233
12007.1265109 3015.6935785 16.6403 0.244043 9.74736 -0.358887 14.6162 -13.9105
12007.1265119 3015.6935758 16.6391 0.598145 9.8957 -0.698633 14.6116 -14.2206
12007.1265126 3015.6935741 16.6432 0.784766 9.7043 -0.684277 14.5752 -14.3125
12007.1265115 3015.6935754 16.6428 0.799121 9.54639 -0.47373 14.5585 -14.1121
12007.1265099 3015.6935779 16.6452 0.234473 9.61816 -0.45459 14.584 -14.0085
12007.1265089 3015.6935793 16.6434 0.253613 9.65166 -0.354102 14.5988 -13.888
12007.1265081 3015.6935798 16.6420 0.311035 9.71387 -0.334961 14.6148 -13.8359
12007.1265046 3015.6935822 16.6377 0.272754 9.71865 -0.253613 14.6197 -13.7487
12007.1265054 3015.6935826 16.6365 0.430664 9.7043 -0.354102 14.6304 -13.8217
12007.1265040 3015.6935835 16.6318 0.263184 9.66123 -0.282324 14.6184 -13.786
12007.1265044 3015.6935846 16.6367 0.215332 9.63252 -0.229688 14.6257 -13.7097
12007.1265042 3015.6935837 16.6341 0.363672 9.66602 -0.224902 14.634 -13.6837
12007.1265055 3015.6935842 16.6370 0.263184 9.81914 -0.330176 14.6409 -13.7831
12007.1265060 3015.6935839 16.6381 0.421094 9.8335 -0.387598 14.6301 -13.8801
12007.1265068 3015.6935824 16.6350 0.320605 9.74736 -0.354102 14.6137 -13.8767
12007.1265089 3015.6935822 16.6400 0.334961 9.67559 -0.392383 14.6164 -13.9
12007.1265076 3015.6935834 16.6371 0.468945 9.57031 -0.181836 14.6113 -13.7014
12007.1265090 3015.6935840 16.6382 0.114844 9.68516 -0.224902 14.6368 -13.6689
12007.1265096 3015.6935849 16.6371 0.435449 9.62295 -0.191406 14.6433 -13.6408
12007.1265114 3015.6935846 16.6371 0.239258 9.8 -0.334961 14.6477 -13.7783
12007.1265118 3015.6935855 16.6358 0.291895 9.71387 -0.339746 14.6296 -13.8363
12007.1265120 3015.6935850 16.6393 0.301465 9.74258 -0.277539 14.623 -13.7812
12007.1265131 3015.6935873 16.6377 0.129199 9.72344 -0.291895 14.6277 -13.7725
12007.1265126 3015.6935870 16.6405 0.272754 9.68994 -0.224902 14.6319 -13.7036
12007.1265126 3015.6935885 16.6367 0.301465 9.79521 -0.358887 14.6379 -13.8178
12007.1265116 3015.6935884 16.6394 0.224902 9.57031 -0.15791 14.6264 -13.6601
12007.1265094 3015.6935896 16.6400 0.129199 9.64688 -0.129199 14.6456 -13.5669
12007.1265094 3015.6935894 16.6348 0.172266 9.68994 -0.14834 14.6553 -13.568
12007.1265077 3015.6935900 16.6332 0.114844 9.72822 -0.181836 14.6551 -13.6091
12007.1265062 3015.6935892 16.6303 0.234473 9.81436 -0.277539 14.6472 -13.7213
12007.1265069 3015.6935898 16.6351 0.220117 9.8 -0.181836 14.6362 -13.658
12007.1265065 3015.6935893 16.6337 0.287109 9.35977 0.15791 14.6416 -13.2893
12007.1265080 3015.6935899 16.6312 -0.430664 10.0967 0.00478516 14.687 -13.3145
12007.1265109 3015.6935890 16.6396 0.344531 9.88613 -0.689063 14.6969 -14.0411
12007.1265115 3015.6935861 16.6466 0.837402 9.46504 -0.492871 14.6118 -14.1088
12007.1265109 3015.6935876 16.6430 0.440234 9.48896 -0.397168 14.5893 -13.9854
12007.1265081 3015.6935903 16.6398 0.430664 9.24014 0.401953 14.5993 -13.1293
12007.1265077 3015.6935952 16.6402 -0.13877 10.3359 -0.301465 14.7098 -13.5303
12007.1265052 3015.6935992 16.6298 -0.248828 9.98662 -0.129199 14.6638 -13.5799
12007.1265033 3015.6936004 16.6354 0.153125 9.49854 -0.119629 14.6565 -13.5552
12007.1265033 3015.6936027 16.6352 0.569434 9.17314 0.105273 14.6586 -13.3169
12007.1265021 3015.6936051 16.6348 0.334961 9.59424 -0.0334961 14.6888 -13.3713
12007.1265035 3015.6936074 16.6321 -0.358887 10.0297 -0.416309 14.6834 -13.7948
12007.1265037 3015.6936072 16.6322 -0.358887 9.77129 -0.172266 14.6289 -13.6999
12007.1265043 3015.6936060 16.6305 0.693848 9.39805 -0.224902 14.6325 -13.6846
12007.1265029 3015.6936048 16.6262 0.0191406 9.60381 0.416309 14.6312 -13.0429
12007.1265057 3015.6936052 16.6237 -0.512012 9.85264 -0.186621 14.7105 -13.4152
12007.1265084 3015.6936027 16.6230 -0.0574219 9.48418 -0.114844 14.6726 -13.5289
12007.1265122 3015.6935972 16.6239 -0.00478516 9.66123 -0.492871 14.6541 -13.923
12007.1265154 3015.6935924 16.6194 0.535938 9.57031 -0.870898 14.5977 -14.4342
12007.1265169 3015.6935882 16.6194 0.162695 9.87178 -0.775195 14.5254 -14.4868
12007.1265190 3015.6935865 16.6162 0.378027 9.71865 -0.827832 14.5068 -14.5142
12007.1265188 3015.6935836 16.6092 0.842188 9.27363 -1.17715 14.4948 -14.866
12007.1265195 3015.6935856 16.5927 0.440234 7.81416 0.00478516 14.4341 -13.8137
12007.1265208 3015.6935911 16.5572 -0.0717773 7.81895 -0.674707 14.5293 -14.0977
12007.1265283 3015.6935936 16.5237 0.559863 7.64668 -1.12451 14.476 -14.7322
12007.1265307 3015.6936044 16.4449 0.263184 9.89092 -1.66523 14.3198 -15.5181
12007.1265324 3015.6936158 16.3913 0.545508 10.3981 -1.1293 14.1531 -15.1998
12007.1265405 3015.6936341 16.3307 -0.143555 8.32139 0.0430664 14.1195 -13.8449
12007.1265492 3015.6936326 16.2718 -0.92832 9.14922 -0.244043 14.2362 -13.6596
12007.1265559 3015.6936411 16.1799 -0.200977 11.6806 -0.861328 14.1944 -14.3435
12007.1265693 3015.6936367 16.1368 1.9667 11.2164 -2.02891 14.0645 -15.7585
12007.1265683 3015.6936420 16.0925 0.851758 10.4795 -0.272754 13.8292 -14.4578
12007.1265685 3015.6936447 16.0715 1.78008 11.0489 -0.200977 13.9465 -13.78
12007.1265732 3015.6936464 16.0650 2.0002 10.3646 -0.0334961 14.042 -13.4473
12007.1265744 3015.6936478 16.0628 1.7083 9.86221 -0.119629 14.0945 -13.4759
12007.1265761 3015.6936510 16.0741 1.46426 9.0918 0.626855 14.1074 -12.7662
12007.1265778 3015.6936543 16.0728 1.21543 9.20664 0.837402 14.1983 -12.3088
12007.1265799 3015.6936551 16.0761 1.79922 9.26406 0.564648 14.2709 -12.4726
12007.1265805 3015.6936575 16.0661 1.1293 9.29756 0.91875 14.2506 -12.2304
12007.1265823 3015.6936587 16.0568 1.24893 9.85264 0.488086 14.2707 -12.5667
12007.1265842 3015.6936587 16.0529 1.27764 9.80957 0.516797 14.2271 -12.6746
12007.1265863 3015.6936588 16.0524 1.14365 9.84785 0.60293 14.2073 -12.5998
12007.1265869 3015.6936582 16.0448 0.913965 9.75693 0.502441 14.2077 -12.6655
12007.1265876 3015.6936571 16.0454 1.46426 9.48418 0.45459 14.1999 -12.737
12007.1265879 3015.6936573 16.0446 1.49297 9.62773 0.248828 14.1891 -12.964
12007.1265874 3015.6936571 16.0434 1.26807 9.50811 0.301465 14.1578 -12.9871
12007.1265859 3015.6936585 16.0400 1.20107 9.68994 0.512012 14.1479 -12.767
12007.1265867 3015.6936604 16.0390 1.09102 9.8957 0.46416 14.1738 -12.7298
12007.1265833 3015.6936604 16.0317 1.16758 9.6373 0.535938 14.1755 -12.6659
12007.1265845 3015.6936593 16.0354 1.39248 9.39326 0.478516 14.187 -12.6989
12007.1265844 3015.6936595 16.0345 1.11494 9.62773 0.358887 14.1835 -12.8384
12007.1265833 3015.6936587 16.0331 1.34941 9.67559 0.392383 14.1641 -12.8539
12007.1265837 3015.6936579 16.0323 1.54561 9.60381 0.406738 14.159 -12.8332
12007.1265841 3015.6936587 16.0365 1.28242 9.62295 0.483301 14.1646 -12.7432
12007.1265846 3015.6936582 16.0307 1.15801 9.64209 0.492871 14.1717 -12.7085
12007.1265844 3015.6936586 16.0316 1.33027 9.71865 0.258398 14.1778 -12.9344
12007.1265839 3015.6936584 16.0231 1.3207 9.40283 0.44502 14.1424 -12.8386
12007.1265842 3015.6936585 16.0244 1.34941 9.59424 0.330176 14.1513 -12.8955
12007.1265835 3015.6936597 16.0192 1.0958 9.75215 0.46416 14.1406 -12.7909
12007.1265841 3015.6936598 16.0213 1.27764 9.60381 0.449805 14.1544 -12.7595
12007.1265854 3015.6936592 16.0238 1.20586 9.57031 0.368457 14.1623 -12.8367
12007.1265865 3015.6936585 16.0199 1.26807 9.59902 0.291895 14.1501 -12.9486
12007.1265870 3015.6936587 16.0207 1.34941 9.58467 0.378027 14.135 -12.8945
12007.1265867 3015.6936592 16.0160 1.24893 9.78086 0.29668 14.1359 -12.9497
12007.1265881 3015.6936599 16.0206 1.225 9.74258 0.301465 14.133 -12.9625
12007.1265885 3015.6936609 16.0191 1.26807 9.47939 0.354102 14.1297 -12.9135
12007.1265876 3015.6936603 16.0151 1.22979 9.62295 0.239258 14.132 -13.0112
12007.1265871 3015.6936605 16.0179 1.23936 9.49854 0.387598 14.1223 -12.8977
12007.1265864 3015.6936613 16.0117 1.18672 9.61816 0.401953 14.1301 -12.8402
12007.1265867 3015.6936612 16.0085 1.13408 9.75215 0.334961 14.1356 -12.8935
12007.1265866 3015.6936612 16.0107 1.11494 9.4459 0.47373 14.1315 -12.7761
12007.1265873 3015.6936604 16.0132 1.16758 9.61816 0.459375 14.148 -12.7439
12007.1265877 3015.6936605 16.0080 1.20107 9.68516 0.358887 14.1497 -12.8467
12007.1265880 3015.6936590 16.0075 1.18193 9.69473 0.282324 14.1364 -12.9617
12007.1265898 3015.6936589 16.0080 1.28721 9.58945 0.205762 14.1205 -13.0709
12007.1265903 3015.6936601 16.0101 1.16758 9.76172 0.062207 14.1064 -13.2423
12007.1265900 3015.6936608 16.0103 1.31592 9.57031 0.153125 14.083 -13.2041
12007.1265894 3015.6936648 16.0130 1.09102 9.66602 0.31582 14.0873 -13.0109
12007.1265870 3015.6936658 16.0117 0.937891 9.68994 0.516797 14.1112 -12.7438
12007.1265882 3015.6936664 16.0085 0.985742 9.70908 0.545508 14.1455 -12.6361
12007.1265884 3015.6936658 16.0069 1.08623 9.79521 0.344531 14.1621 -12.8212
12007.1265891 3015.6936631 16.0082 1.16758 9.78086 0.239258 14.1418 -13.0031
12007.1265907 3015.6936625 16.0097 1.26328 9.50332 0.239258 14.1174 -13.0547
12007.1265907 3015.6936617 16.0108 1.33027 9.49375 0.349316 14.1087 -12.9469
12007.1265911 3015.6936618 16.0083 1.02881 9.64209 0.291895 14.1191 -12.9615
12007.1265917 3015.6936610 16.0057 1.20586 9.67559 0.205762 14.1163 -13.0612
12007.1265923 3015.6936606 16.0039 1.1915 9.85264 0.0143555 14.1017 -13.288
12007.1265921 3015.6936607 16.0050 1.225 9.77129 0.162695 14.072 -13.2113
12007.1265903 3015.6936624 16.0039 1.15322 9.66602 0.287109 14.077 -13.041
12007.1265889 3015.6936625 16.0074 1.18672 9.74258 0.641211 14.1024 -12.6264
12007.1265874 3015.6936635 16.0073 1.05273 11.2116 0.741699 14.1582 -12.3927
12007.1265916 3015.6936616 16.0222 1.16758 10.8862 0.334961 14.2081 -12.7414
12007.1265938 3015.6936581 16.0489 1.29199 10.5321 0.0669922 14.1934 -13.1499
12007.1266003 3015.6936546 16.0848 0.349316 10.4364 -0.861328 14.1708 -14.1931
12007.1266035 3015.6936474 16.1401 0.239258 10.4173 -1.14365 14.0835 -14.8019
12007.1266048 3015.6936439 16.1981 -0.75127 10.8623 -1.76572 14.0455 -15.5505
12007.1266017 3015.6936361 16.2573 1.26807 10.1924 -2.20117 13.9971 -16.1937
12007.1265996 3015.6936340 16.3275 1.17715 10.068 -2.43086 13.9704 -16.5795
12007.1265892 3015.6936362 16.3949 0.933105 10.1493 -2.5457 13.9767 -16.7732
12007.1265869 3015.6936329 16.4958 0.588574 9.20664 -2.36865 14.0409 -16.6055
12007.1265732 3015.6936421 16.5589 0.717773 8.49844 -2.02891 14.1255 -16.206
12007.1265660 3015.6936462 16.6488 0.851758 7.97207 -0.880469 14.2656 -14.9102
12007.1265527 3015.6936661 16.6823 -1.90928 8.25918 -1.08145 14.4775 -14.712
12007.1265389 3015.6936802 16.7055 0.282324 7.66104 0.30625 14.55 -13.3736
12007.1265264 3015.6936958 16.7212 -0.248828 8.37881 1.7083 14.7432 -11.5252
12007.1265200 3015.6937072 16.7324 0.0191406 9.16836 1.32549 15.0127 -11.358
12007.1265164 3015.6937179 16.7401 -1.15322 9.24014 -1.88057 15.075 -14.6712
12007.1265102 3015.6937251 16.7246 -3.17734 9.42676 -2.91895 14.6478 -16.9539
12007.1265055 3015.6937318 16.7187 -0.808691 10.245 -0.46416 14.2979 -15.0528
12007.1265055 3015.6937406 16.7204 0.220117 9.95312 -0.100488 14.4967 -13.7788
12007.1265036 3015.6937513 16.7170 0.913965 9.60381 -0.14834 14.6812 -13.4966
12007.1264998 3015.6937643 16.7100 0.952246 9.1875 -0.267969 14.7344 -13.6369
12007.1264958 3015.6937795 16.6975 0.0239258 9.35498 -0.133984 14.7125 -13.5956
12007.1264924 3015.6937925 16.6810 -0.933105 10.1876 -0.655566 14.7005 -14.0988
12007.1264938 3015.6938033 16.6678 -1.07188 10.4795 -1.33027 14.6235 -14.9557
12007.1264930 3015.6938081 16.6744 -1.00488 10.044 0.354102 14.5104 -13.5268
12007.1264944 3015.6938056 16.6825 -0.555078 9.8 -0.645996 14.6849 -13.9342
12007.1265019 3015.6938006 16.6841 0.378027 9.60381 -0.301465 14.6566 -13.8471
12007.1265091 3015.6937981 16.6882 -0.253613 9.97705 -0.468945 14.6677 -13.9625
12007.1265184 3015.6937965 16.6924 0 10.1493 -0.15791 14.6581 -13.6975
12007.1265288 3015.6937985 16.7018 0.0191406 8.99609 -0.516797 14.6988 -13.9487
12007.1265374 3015.6938002 16.6985 0.263184 8.8334 0.660352 14.6691 -12.8902
12007.1265508 3015.6938081 16.6939 1.46904 9.33105 -0.488086 14.796 -13.641
12007.1265621 3015.6938262 16.6909 0.91875 9.32148 -0.722559 14.714 -14.2292
12007.1265709 3015.6938483 16.6717 -0.526367 9.64688 -0.392383 14.612 -14.071
12007.1265824 3015.6938754 16.6603 -1.7418 11.0729 -1.21064 14.6092 -14.7742
12007.1265914 3015.6939015 16.6500 -1.42598 10.3312 -0.693848 14.5103 -14.5158
12007.1265972 3015.6939205 16.6513 -1.03838 10.1015 -1.34941 14.5318 -15.0142
12007.1266016 3015.6939348 16.6648 -1.31113 9.154 -0.62207 14.4829 -14.4716
12007.1265997 3015.6939443 16.6666 -1.3207 9.20186 -0.593359 14.5473 -14.2148
12007.1265952 3015.6939508 16.6658 -2.12939 9.221 0.200977 14.5874 -13.3696
12007.1265892 3015.6939502 16.6575 -1.63652 9.56553 -0.100488 14.6929 -13.3973
12007.1265833 3015.6939447 16.6523 -1.46904 9.69951 -0.287109 14.6982 -13.6646
12007.1265766 3015.6939359 16.6470 -1.82314 9.64688 -0.239258 14.6603 -13.72
12007.1265671 3015.6939212 16.6320 -2.31602 9.59902 -0.866113 14.6353 -14.3521
12007.1265534 3015.6938968 16.6258 -1.73223 9.38848 -0.30625 14.5463 -14.0082
12007.1265362 3015.6938730 16.6275 -1.35898 9.61816 -0.258398 14.5802 -13.7783
12007.1265143 3015.6938474 16.6165 -0.593359 9.58467 -0.0143555 14.6042 -13.4801
12007.1264939 3015.6938210 16.6132 -0.808691 10.4412 -0.16748 14.6423 -13.5431
12007.1264763 3015.6938042 16.6163 -0.880469 10.7427 0.0765625 14.6418 -13.3442
12007.1264628 3015.6937866 16.6397 0.0478516 9.77129 0.46416 14.6875 -12.8696
12007.1264558 3015.6937745 16.6458 0.224902 9.84307 0.0430664 14.759 -13.1449
12007.1264522 3015.6937702 16.6499 -0.119629 9.22578 0.397168 14.7367 -12.9332
12007.1264552 3015.6937703 16.6551 -1.01445 9.58467 0.234473 14.7653 -13.0019
12007.1264577 3015.6937709 16.6628 -0.512012 10.0967 -0.483301 14.7669 -13.7579
12007.1264574 3015.6937746 16.6644 -0.291895 8.82861 1.30635 14.6723 -12.2408
12007.1264625 3015.6937765 16.6664 -1.45469 9.61338 0.301465 14.8551 -12.6369
12007.1264667 3015.6937761 16.6722 -0.172266 9.53682 -0.0191406 14.833 -13.2135
12007.1264687 3015.6937771 16.6708 -0.717773 9.6708 -0.425879 14.7556 -13.8149
12007.1264709 3015.6937804 16.6671 -1.18672 9.43154 0.636426 14.666 -12.9223
12007.1264760 3015.6937846 16.6554 -0.942676 9.90527 0.535938 14.7579 -12.6512
12007.1264787 3015.6937858 16.6573 -0.507227 9.90049 0.224902 14.8058 -12.922
12007.1264828 3015.6937887 16.6531 -1.225 9.77129 -0.0287109 14.7738 -13.3066
12007.1264842 3015.6937910 16.6542 -1.3877 9.78086 0.186621 14.7217 -13.2087
12007.1264844 3015.6937909 16.6539 -0.732129 9.95312 0.406738 14.7273 -12.9202
12007.1264847 3015.6937901 16.6559 -0.291895 9.73779 0.531152 14.7664 -12.6941
12007.1264855 3015.6937891 16.6561 -0.311035 9.86221 0.205762 14.8004 -12.9628
12007.1264875 3015.6937898 16.6557 -0.913965 9.9292 0.382812 14.7701 -12.9046
12007.1264879 3015.6937952 16.6612 -0.6125 9.50332 0.641211 14.7785 -12.6024
12007.1264877 3015.6938005 16.6747 -1.15322 8.86689 1.10537 14.8298 -12.026
12007.1264865 3015.6938086 16.6727 -2.55049 9.06787 1.12451 14.9079 -11.8331
12007.1264829 3015.6938145 16.6708 -2.77061 8.88125 2.34951 14.9408 -10.5897
12007.1264833 3015.6938164 16.6662 -3.23477 9.93877 1.29678 15.0991 -11.2181
12007.1264818 3015.6938181 16.6816 -2.04326 9.99619 1.69873 15.0528 -11.1341
12007.1264871 3015.6938204 16.6818 -2.13418 8.72813 2.13896 15.0577 -10.6338
12007.1264978 3015.6938168 16.6906 -1.00488 9.86221 0.722559 15.1297 -11.8674
12007.1265033 3015.6938212 16.6842 -2.44043 9.02002 2.04326 14.9763 -11.0416
12007.1265044 3015.6938263 16.6798 -2.88545 8.58936 2.00977 15.058 -10.6821
12007.1265145 3015.6938322 16.6795 -3.8042 8.94824 1.39248 15.1139 -11.2222
12007.1265192 3015.6938366 16.6802 -3.01943 8.6085 1.50732 15.0529 -11.3374
12007.1265234 3015.6938396 16.6782 -3.10557 8.94346 0.823047 15.0288 -12.0254
12007.1265250 3015.6938406 16.6677 -3.28262 9.1875 0.813477 14.929 -12.2744
12007.1265240 3015.6938408 16.6661 -3.26826 9.37891 0.746484 14.8832 -12.3683
12007.1265244 3015.6938416 16.6684 -3.24434 9.00566 1.17715 14.8674 -11.9408
12007.1265222 3015.6938435 16.6700 -3.43574 9.1875 0.92832 14.9212 -12.0244
12007.1265197 3015.6938441 16.6693 -3.22041 9.00566 0.91875 14.9168 -12.0989
12007.1265176 3015.6938435 16.6615 -3.29219 9.09658 1.07188 14.9 -11.9748
12007.1265162 3015.6938405 16.6563 -3.35439 9.59424 0.45459 14.9091 -12.5399
12007.1265123 3015.6938385 16.6530 -3.08643 9.06787 0.689063 14.8354 -12.5171
12007.1265106 3015.6938357 16.6705 -2.59834 9.40283 0.373242 14.8442 -12.7665
12007.1265077 3015.6938356 16.6711 -2.78496 9.48896 0.440234 14.8142 -12.7946
12007.1265053 3015.6938370 16.6731 -3.07207 9.08223 0.823047 14.8085 -12.4014
12007.1265027 3015.6938383 16.6665 -2.83281 9.24014 0.866113 14.852 -12.2172
12007.1265024 3015.6938402 16.6720 -3.14385 9.26885 0.636426 14.8858 -12.4048
12007.1265030 3015.6938416 16.6670 -3.03857 9.24492 0.583789 14.8619 -12.5499
12007.1265043 3015.6938440 16.6700 -3.01943 9.10615 0.406738 14.843 -12.762
12007.1265040 3015.6938461 16.6739 -3.05771 9.03438 0.775195 14.817 -12.4555
12007.1265055 3015.6938486 16.6669 -3.24912 9.0918 1.00967 14.8466 -12.0983
12007.1265073 3015.6938489 16.6654 -3.40703 9.60381 0.440234 14.8945 -12.5589
12007.1265090 3015.6938501 16.6659 -3.29697 9.06309 0.641211 14.8424 -12.5543
12007.1265096 3015.6938507 16.6647 -2.98594 8.89561 0.62207 14.8353 -12.5392
12007.1265100 3015.6938513 16.6681 -2.94766 8.81904 1.09102 14.8393 -12.0581
12007.1265093 3015.6938531 16.6575 -3.03857 9.20186 0.76084 14.8918 -12.2242
12007.1265143 3015.6938556 16.6531 -3.1582 8.99131 0.358887 14.8735 -12.7224
12007.1265168 3015.6938582 16.6470 -2.68926 10.0919 2.0002 14.8025 -11.2529
12007.1265240 3015.6938601 16.6514 -3.36396 8.89561 -0.0382813 14.9842 -12.7133
12007.1265241 3015.6938611 16.6260 -5.23975 8.47451 1.46904 14.7994 -11.865
12007.1265265 3015.6938603 16.6386 -4.04346 8.21133 2.44043 14.8948 -10.4615
12007.1265329 3015.6938561 16.6458 -4.59375 8.67549 0.77041 15.0918 -11.6819
12007.1265346 3015.6938475 16.6427 -2.8041 9.77129 0.239258 14.9589 -12.781
12007.1265344 3015.6938405 16.6459 -2.16289 9.61816 0.406738 14.8049 -12.9228
12007.1265337 3015.6938370 16.6448 -2.59355 9.08701 0.861328 14.7663 -12.4215
12007.1265332 3015.6938370 16.6422 -2.68926 8.67549 1.33984 14.8229 -11.7393
12007.1265345 3015.6938370 16.6426 -2.68447 8.68506 1.47861 14.9173 -11.3905
12007.1265379 3015.6938363 16.6399 -2.38301 9.53203 0.717773 14.9713 -12.0876
12007.1265401 3015.6938360 16.6277 -3.39746 9.17793 1.09102 14.8788 -12.0081
12007.1265431 3015.6938353 16.6197 -3.22998 9.69473 0.47373 14.8702 -12.5427
12007.1265455 3015.6938297 16.6193 -2.9668 9.154 0.31582 14.8007 -12.8881
12007.1265425 3015.6938237 16.6172 -2.77061 9.14922 0.234473 14.7461 -13.0509
12007.1265389 3015.6938129 16.6052 -1.78008 9.20664 0.0287109 14.708 -13.2881
12007.1265342 3015.6937968 16.5936 -2.04326 10.1541 -0.645996 14.6628 -14.0313
12007.1265291 3015.6937810 16.5908 -1.76094 8.62764 0.684277 14.56 -12.942
12007.1265267 3015.6937639 16.5932 -1.804 8.53672 0.229688 14.6877 -12.9365
12007.1265263 3015.6937474 16.5857 -2.36865 8.76162 0.77041 14.6981 -12.4803
12007.1265325 3015.6937335 16.5761 -2.10068 9.1875 0.732129 14.7491 -12.3668
12007.1265356 3015.6937241 16.5476 -2.67012 9.66602 -0.756055 14.7451 -13.8649
12007.1265332 3015.6937187 16.5239 -1.97627 10.6709 -1.63174 14.5333 -15.2934
12007.1265266 3015.6937167 16.5099 -1.00967 10.3024 -0.937891 14.3124 -14.9881
12007.1265213 3015.6937177 16.5172 -1.58389 8.75205 -0.267969 14.3295 -14.0621
12007.1265165 3015.6937171 16.5114 -0.961816 9.23057 -0.0382813 14.4444 -13.5133
12007.1265130 3015.6937178 16.4925 -0.655566 9.12529 0.354102 14.5124 -13.0085
12007.1265141 3015.6937190 16.4791 -1.80879 9.28799 -0.062207 14.5736 -13.2949
12007.1265175 3015.6937175 16.4606 -1.86621 9.43633 -0.234473 14.5288 -13.6214
12007.1265194 3015.6937169 16.4402 -1.26328 10.001 -0.263184 14.4637 -13.7522
12007.1265217 3015.6937174 16.4312 -1.72744 9.81914 -0.320605 14.4309 -13.8209
12007.1265232 3015.6937159 16.4249 -1.95234 9.94355 -0.468945 14.4125 -13.9771
12007.1265262 3015.6937155 16.4256 -1.83271 9.97227 -0.47373 14.3909 -14.026
12007.1265261 3015.6937149 16.4206 -1.42598 9.46982 -0.512012 14.3776 -14.0713
