12007.1830202 3015.9411692 9.8879 0 0 0 9.87255 -4.86619
12007.1830201 3015.9411698 9.8911 0 0 0 9.86194 -9.86363
12007.1830207 3015.9411702 9.8905 0 0 0 8.87773 -13.1121
12007.1830203 3015.9411695 9.8895 0 0 0 8.11477 -13.9017
12007.1830201 3015.9411694 9.8903 0 0 0 7.89595 -13.6758
12007.1830197 3015.9411690 9.8911 0 0 0 7.89754 -13.4539
12007.1830195 3015.9411694 9.8902 0 0 0 7.92478 -13.3766
12007.1830214 3015.9411696 9.8914 0 0 0 7.93904 -13.3655
12007.1830213 3015.9411697 9.8872 0 0 0 7.9386 -13.3733
12007.1830213 3015.9411691 9.8806 0 0 0 7.93179 -13.38
12007.1830198 3015.9411694 9.8841 0 0 0 7.93312 -13.3759
12007.1830196 3015.9411703 9.8855 0 0 0 7.93504 -13.3743
12007.1830205 3015.9411696 9.8839 0 0 0 7.93409 -13.376
12007.1830255 3015.9411718 9.8781 0 0 0 7.92869 -13.3797
12007.1830258 3015.9411705 9.8806 0 0 0 7.92971 -13.376
12007.1830242 3015.9411697 9.8829 0 0 0 7.93232 -13.3738
12007.1830242 3015.9411706 9.8772 0 0 0 7.92795 -13.3784
12007.1830249 3015.9411718 9.8842 0 0 0 7.93293 -13.3727
12007.1830248 3015.9411711 9.8803 0 0 0 7.93087 -13.3764
12007.1830255 3015.9411686 9.8768 0 0 0 7.9271 -13.3786
12007.1830269 3015.9411717 9.8759 0 0 0 7.92554 -13.3776
12007.1830254 3015.9411707 9.8775 0 0 0 7.92687 -13.3752
12007.1830241 3015.9411699 9.8808 0 0 0 7.93023 -13.3731
12007.1830219 3015.9411677 9.8877 0 0 0 7.93695 -13.3701
12007.1830218 3015.9411693 9.8876 0 0 0 7.9381 -13.3733
12007.1830240 3015.9411700 9.8806 0 0 0 7.93172 -13.3797
12007.1830231 3015.9411711 9.8763 0 0 0 7.92634 -13.3807
12007.1830234 3015.9411726 9.8758 0 0 0 7.9251 -13.3779
12007.1830238 3015.9411721 9.8776 0 0 0 7.92686 -13.375
12007.1830237 3015.9411719 9.8794 0 0 0 7.92903 -13.3739
12007.1830240 3015.9411718 9.8816 0 0 0 7.93137 -13.3735
12007.1830245 3015.9411721 9.8821 0 0 0 7.93215 -13.3745
12007.1830260 3015.9411727 9.8781 0 0 0 7.92863 -13.3779
12007.1830251 3015.9411721 9.8798 0 0 0 7.92923 -13.3758
12007.1830251 3015.9411719 9.8788 0 0 0 7.9287 -13.3761
12007.1830256 3015.9411723 9.8803 0 0 0 7.92991 -13.3749
12007.1830253 3015.9411715 9.8789 0 0 0 7.929 -13.3761
12007.1830246 3015.9411713 9.8768 0 0 0 7.92689 -13.3773
12007.1830248 3015.9411715 9.8781 0 0 0 7.9276 -13.3756
12007.1830234 3015.9411718 9.8770 0 0 0 7.92696 -13.3761
12007.1830244 3015.9411708 9.8781 0 0 0 7.92777 -13.3752
12007.1830253 3015.9411715 9.8726 0 0 0 7.92319 -13.3789
12007.1830271 3015.9411725 9.8698 0 0 0 7.91969 -13.3791
12007.1830254 3015.9411721 9.8738 0 0 0 7.92271 -13.3744
12007.1830286 3015.9411709 9.8685 0 0 0 7.91907 -13.378
12007.1830265 3015.9411700 9.8743 0 0 0 7.92321 -13.3733
12007.1830277 3015.9411697 9.8751 0 0 0 7.92504 -13.3737
12007.1830280 3015.9411697 9.8754 0 0 0 7.92547 -13.3748
12007.1830282 3015.9411700 9.8759 0 0 0 7.92582 -13.3752
12007.1830274 3015.9411699 9.8807 0 0 0 7.93001 -13.3725
12007.1830274 3015.9411701 9.8809 0 0 0 7.93106 -13.374
12007.1830274 3015.9411693 9.8794 0 0 0 7.92969 -13.3762
12007.1830272 3015.9411697 9.8794 0 0 0 7.92923 -13.3762
12007.1830268 3015.9411697 9.8798 0 0 0 7.92953 -13.3756
12007.1830268 3015.9411700 9.8802 0 0 0 7.93 -13.3753
12007.1830274 3015.9411703 9.8778 0 0 0 7.92799 -13.377
12007.1830277 3015.9411704 9.8767 0 0 0 7.92656 -13.3771
12007.1830271 3015.9411698 9.8784 0 0 0 7.92785 -13.3751
12007.1830264 3015.9411693 9.8820 0 0 0 7.93141 -13.3729
12007.1830267 3015.9411689 9.8840 0 0 0 7.93389 -13.3731
12007.1830275 3015.9411684 9.8824 0 0 0 7.93278 -13.3758
12007.1830271 3015.9411689 9.8856 0 0 0 7.93509 -13.374
12007.1830268 3015.9411693 9.8853 0 0 0 7.93535 -13.375
12007.1830265 3015.9411687 9.8873 0 0 0 7.937 -13.3743
12007.1830265 3015.9411691 9.8853 0 0 0 7.93556 -13.3764
12007.1830274 3015.9411688 9.8884 0 0 0 7.93782 -13.3742
12007.1830281 3015.9411700 9.8860 0 0 0 7.93629 -13.3764
12007.1830285 3015.9411695 9.8890 0 0 0 7.93843 -13.3743
12007.1830267 3015.9411696 9.8908 0 0 0 7.94054 -13.3738
12007.1830246 3015.9411705 9.8892 0 0 0 7.93948 -13.3759
12007.1830215 3015.9411698 9.8917 0 0 0 7.94125 -13.3744
12007.1830223 3015.9411702 9.8931 0 0 0 7.94289 -13.3741
12007.1830222 3015.9411689 9.8955 0 0 0 7.94523 -13.3735
12007.1830241 3015.9411692 9.8931 0 0 0 7.94351 -13.3764
12007.1830246 3015.9411683 9.8924 0 0 0 7.94232 -13.3767
12007.1830248 3015.9411682 9.8939 0 0 0 7.94343 -13.3751
12007.1830258 3015.9411686 9.8884 0 0 0 7.93898 -13.3788
12007.1830248 3015.9411694 9.8934 0 0 0 7.94231 -13.3741
12007.1830258 3015.9411688 9.8911 0 0 0 7.94133 -13.376
12007.1830254 3015.9411671 9.8917 0 0 0 7.94148 -13.3756
12007.1830260 3015.9411685 9.8927 0 0 0 7.94242 -13.375
12007.1830272 3015.9411681 9.8888 0 0 0 7.93922 -13.3778
12007.1830254 3015.9411679 9.8965 0 0 0 7.94517 -13.3719
12007.1830232 3015.9411687 9.9002 0 0 0 7.94991 -13.3712
12007.1830226 3015.9411700 9.8971 0 0 0 7.9479 -13.3759
12007.1830228 3015.9411715 9.8986 0 0 0 7.94834 -13.3754
12007.1830217 3015.9411706 9.8975 0 0 0 7.94751 -13.3762
12007.1830208 3015.9411695 9.8971 0 0 0 7.94695 -13.3762
12007.1830207 3015.9411700 9.8945 0 0 0 7.94461 -13.3775
12007.1830205 3015.9411705 9.8966 0 0 0 7.94598 -13.3752
12007.1830212 3015.9411695 9.8928 0 0 0 7.94314 -13.3776
12007.1830209 3015.9411694 9.8950 0 0 0 7.94438 -13.3753
12007.1830201 3015.9411698 9.8935 0 0 0 7.94353 -13.3762
12007.1830201 3015.9411701 9.8948 0 0 0 7.94444 -13.3751
12007.1830186 3015.9411699 9.8987 0 0 0 7.94809 -13.3729
12007.1830199 3015.9411699 9.8970 0 0 0 7.94737 -13.3754
12007.1830203 3015.9411709 9.8935 0 0 0 7.94389 -13.3782
12007.1830191 3015.9411707 9.8936 0 0 0 7.94319 -13.3768
12007.1830192 3015.9411698 9.8963 0 0 0 7.94562 -13.3742
12007.1830210 3015.9411706 9.8927 0 0 0 7.94313 -13.3771
12007.1830188 3015.9411708 9.8937 0 0 0 7.94331 -13.3759
12007.1830198 3015.9411717 9.8975 0 0 0 7.9468 -13.3732
12007.1830170 3015.9411708 9.8983 0 0 0 7.9483 -13.3739
12007.1830172 3015.9411699 9.8999 0 0 0 7.94979 -13.3741
12007.1830174 3015.9411697 9.9018 0 0 0 7.95161 -13.3739
12007.1830194 3015.9411715 9.9003 0 0 0 7.95056 -13.376
12007.1830198 3015.9411703 9.8987 0 0 0 7.94877 -13.3771
12007.1830238 3015.9411697 9.8925 0 0 0 7.94299 -13.3803
12007.1830229 3015.9411699 9.8934 0 0 0 7.94263 -13.3772
12007.1830202 3015.9411694 9.9007 0 0 0 7.94935 -13.3711
12007.1830200 3015.9411701 9.9052 0 0 0 7.9549 -13.3704
12007.1830170 3015.9411709 9.8992 0 0 0 7.95047 -13.3775
12007.1830192 3015.9411728 9.8989 0 0 0 7.94873 -13.3774
12007.1830165 3015.9411732 9.9002 0 0 0 7.94966 -13.3755
12007.1830148 3015.9411713 9.8990 0 0 0 7.94898 -13.3761
12007.1830139 3015.9411701 9.9017 0 0 0 7.95117 -13.3742
12007.1830159 3015.9411707 9.9003 0 0 0 7.95047 -13.3758
12007.1830161 3015.9411699 9.9051 0 0 0 7.95436 -13.3728
12007.1830200 3015.9411696 9.9053 0 0 0 7.95541 -13.3741
12007.1830194 3015.9411711 9.9002 0 0 0 7.95093 -13.3785
12007.1830204 3015.9411719 9.8967 0 0 0 7.94674 -13.3795
12007.1830194 3015.9411717 9.8998 0 0 0 7.94879 -13.3752
12007.1830203 3015.9411712 9.8977 0 0 0 7.94777 -13.3763
12007.1830201 3015.9411703 9.9006 0 0 0 7.95003 -13.3742
12007.1830204 3015.9411705 9.9018 0 0 0 7.95163 -13.3741
12007.1830198 3015.9411699 9.8963 0 0 0 7.94705 -13.3786
12007.1830187 3015.9411715 9.8960 0 0 0 7.94563 -13.3775
12007.1830183 3015.9411717 9.8963 0 0 0 7.94585 -13.376
12007.1830173 3015.9411715 9.8947 0 0 0 7.94467 -13.3766
12007.1830157 3015.9411697 9.8956 0 0 0 7.94523 -13.3755
12007.1830169 3015.9411676 9.8961 0 0 0 7.94588 -13.3752
12007.1830177 3015.9411661 9.8917 0 0 0 7.94217 -13.3782
12007.1830166 3015.9411633 9.8985 0 0 0 7.94723 -13.3726
12007.1830181 3015.9411605 9.9047 0 0 0 7.954 -13.3699
12007.1830262 3015.9411575 9.9004 0 0 0 7.95146 -13.376
12007.1830215 3015.9411565 9.9092 0 0 0 7.95804 -13.3709
12007.1830185 3015.9411534 9.8956 0 0 0 7.94765 -13.382
12007.1830241 3015.9411586 9.8929 0 0 0 7.94257 -13.3811
12007.1830192 3015.9411640 9.9147 0 0 0 7.96106 -13.3636
12007.1830187 3015.9411680 9.9093 0 0 0 7.96093 -13.3725
12007.1830196 3015.9411676 9.9077 0 0 0 7.95838 -13.3767
12007.1830206 3015.9411664 9.9063 0 0 0 7.9563 -13.3775
12007.1830208 3015.9411681 9.9059 0 0 0 7.95559 -13.3767
12007.1830187 3015.9411636 9.9045 0 0 0 7.95438 -13.3768
12007.1830188 3015.9411566 9.9024 0 0 0 7.95237 -13.3774
12007.1830194 3015.9411527 9.9081 0 0 0 7.95701 -13.3727
12007.1830181 3015.9411481 9.9079 0 0 0 7.95803 -13.3741
12007.1830105 3015.9411420 9.9147 0 0 0 7.96391 -13.3709
12007.1830111 3015.9411397 9.9136 0 0 0 7.96411 -13.3743
12007.1830093 3015.9411363 9.9210 0 0 0 7.97017 -13.3709
12007.1830048 3015.9411329 9.9356 0 0 0 7.98412 -13.3642
12007.1830017 3015.9411273 9.9556 0 0 0 8.0042 -13.3579
12007.1829988 3015.9411197 9.9654 0 0 0 8.01611 -13.3622
12007.1829959 3015.9411094 9.9711 0 0 0 8.02205 -13.3677
12007.1830003 3015.9410997 9.9535 0 0 0 8.00674 -13.3848
12007.1830015 3015.9410851 9.9454 0 0 0 7.99556 -13.3863
12007.1830014 3015.9410697 9.9509 0 0 0 7.99874 -13.3762
12007.1829993 3015.9410527 9.9613 0 0 0 8.00951 -13.3679
12007.1829944 3015.9410286 9.9755 0 0 0 8.02432 -13.3627
12007.1829925 3015.9410053 9.9951 0 0 0 8.04397 -13.3578
12007.1829874 3015.9409821 9.9952 0 0 0 8.04718 -13.3685
12007.1829792 3015.9409545 9.9941 0 0 0 8.04527 -13.3752
12007.1829679 3015.9409289 9.9933 0 0 0 8.04348 -13.3768
12007.1829521 3015.9409043 9.9992 0 0 0 8.04819 -13.3725
12007.1829350 3015.9408767 10.0031 0 0 0 8.05274 -13.3715
12007.1829209 3015.9408549 10.0074 0 0 0 8.05721 -13.3713
12007.1829084 3015.9408323 10.0022 0 0 0 8.05326 -13.3774
12007.1828991 3015.9408107 9.9954 0 0 0 8.04605 -13.3814
12007.1828899 3015.9407873 9.9946 0 0 0 8.04392 -13.3788
12007.1828835 3015.9407656 9.9937 0 0 0 8.0432 -13.377
12007.1828754 3015.9407431 9.9931 0 0 0 8.04281 -13.3763
12007.1828674 3015.9407227 9.9958 0 0 0 8.04521 -13.3741
12007.1828602 3015.9406987 9.9940 0 0 0 8.04422 -13.376
12007.1828511 3015.9406742 9.9998 0 0 0 8.04892 -13.3723
12007.1828391 3015.9406462 10.0018 0 0 0 8.05173 -13.3727
12007.1828269 3015.9406205 10.0039 0 0 0 8.05387 -13.3733
12007.1828096 3015.9405905 10.0025 0 0 0 8.05284 -13.3758
12007.1827959 3015.9405611 10.0061 0 0 0 8.05554 -13.3737
12007.1827822 3015.9405309 10.0019 0 0 0 8.05248 -13.3774
12007.1827652 3015.9405015 10.0047 0 0 0 8.05407 -13.375
12007.1827510 3015.9404698 10.0105 0 0 0 8.05964 -13.3714
12007.1827402 3015.9404437 10.0199 0 0 0 8.06901 -13.3677
12007.1827278 3015.9404188 10.0155 0 0 0 8.06683 -13.3751
12007.1827127 3015.9403962 10.0153 0 0 0 8.06543 -13.3765
12007.1827001 3015.9403740 10.0094 0 0 0 8.05992 -13.3799
12007.1826870 3015.9403505 10.0143 0 0 0 8.06307 -13.3745
12007.1826771 3015.9403267 10.0150 0 0 0 8.06477 -13.3741
12007.1826684 3015.9403013 10.0089 0 0 0 8.05971 -13.379
12007.1826627 3015.9402749 9.9996 0 0 0 8.05034 -13.3834
12007.1826499 3015.9402500 9.9989 0 0 0 8.04797 -13.3795
12007.1826351 3015.9402221 10.0047 0 0 0 8.05323 -13.3728
12007.1826237 3015.9401998 10.0010 0 0 0 8.05151 -13.3762
12007.1826129 3015.9401794 9.9888 0 0 0 8.04022 -13.3841
12007.1826015 3015.9401635 9.9763 0 0 0 8.02687 -13.3877
12007.1825930 3015.9401496 9.9604 0 0 0 8.01083 -13.3906
12007.1825879 3015.9401396 9.9501 0 0 0 7.99943 -13.388
12007.1825861 3015.9401322 9.9414 0 0 0 7.99072 -13.3854
12007.1825859 3015.9401284 9.9298 0 0 0 7.97983 -13.3862
12007.1825863 3015.9401273 9.9225 0 0 0 7.97196 -13.3843
12007.1825857 3015.9401279 9.9251 0 0 0 7.97348 -13.3769
12007.1825831 3015.9401268 9.9133 0 0 0 7.96431 -13.3827
12007.1825807 3015.9401264 9.9191 0 0 0 7.96747 -13.3752
12007.1825808 3015.9401251 9.9175 0 0 0 7.96742 -13.3756
12007.1825847 3015.9401276 9.9216 0 0 0 7.97095 -13.3731
12007.1825880 3015.9401290 9.9227 0 0 0 7.97268 -13.3737
12007.1825878 3015.9401281 9.9210 0 0 0 7.97133 -13.3761
12007.1825865 3015.9401266 9.9202 0 0 0 7.97015 -13.3767
12007.1825855 3015.9401262 9.9178 0 0 0 7.96784 -13.3776
12007.1825859 3015.9401263 9.9162 0 0 0 7.96603 -13.3775
12007.1825859 3015.9401279 9.9184 0 0 0 7.96773 -13.3749
12007.1825855 3015.9401296 9.9188 0 0 0 7.96863 -13.3748
12007.1825842 3015.9401302 9.9186 0 0 0 7.96858 -13.3755
12007.1825847 3015.9401301 9.9172 0 0 0 7.96727 -13.3766
12007.1825843 3015.9401291 9.9177 0 0 0 7.9674 -13.3758
12007.1825852 3015.9401293 9.9182 0 0 0 7.96795 -13.3753
12007.1825854 3015.9401285 9.9203 0 0 0 7.96992 -13.3741
12007.1825861 3015.9401289 9.9192 0 0 0 7.96936 -13.3757
12007.1825868 3015.9401291 9.9172 0 0 0 7.96734 -13.3771
12007.1825879 3015.9401279 9.9164 0 0 0 7.9662 -13.3769
12007.1825899 3015.9401261 9.9188 0 0 0 7.96818 -13.3745
12007.1825890 3015.9401258 9.9234 0 0 0 7.97275 -13.372
12007.1825893 3015.9401265 9.9252 0 0 0 7.97522 -13.3729
12007.1825881 3015.9401286 9.9190 0 0 0 7.97001 -13.3787
12007.1825864 3015.9401300 9.9155 0 0 0 7.96555 -13.3798
12007.1825876 3015.9401304 9.9160 0 0 0 7.96529 -13.377
12007.1825887 3015.9401299 9.9235 0 0 0 7.97216 -13.371
12007.1825872 3015.9401287 9.9302 0 0 0 7.97964 -13.3689
12007.1825873 3015.9401292 9.9195 0 0 0 7.97152 -13.3798
12007.1825886 3015.9401321 9.9105 0 0 0 7.96124 -13.3843
12007.1825885 3015.9401318 9.9172 0 0 0 7.96521 -13.3751
12007.1825886 3015.9401285 9.9177 0 0 0 7.96733 -13.374
12007.1825888 3015.9401289 9.9160 0 0 0 7.96626 -13.376
12007.1825896 3015.9401288 9.9155 0 0 0 7.96542 -13.3764
12007.1825877 3015.9401296 9.9141 0 0 0 7.96405 -13.3769
12007.1825886 3015.9401284 9.9194 0 0 0 7.96844 -13.3728
12007.1825888 3015.9401287 9.9187 0 0 0 7.9689 -13.3746
12007.1825876 3015.9401282 9.9153 0 0 0 7.96577 -13.3777
12007.1825873 3015.9401287 9.9164 0 0 0 7.96593 -13.3761
12007.1825871 3015.9401290 9.9187 0 0 0 7.96816 -13.3741
12007.1825868 3015.9401285 9.9204 0 0 0 7.97018 -13.3738
12007.1825868 3015.9401290 9.9171 0 0 0 7.9676 -13.3771
12007.1825874 3015.9401288 9.9141 0 0 0 7.96424 -13.3785
12007.1825874 3015.9401296 9.9149 0 0 0 7.96432 -13.3764
12007.1825873 3015.9401301 9.9170 0 0 0 7.96644 -13.3743
12007.1825873 3015.9401299 9.9164 0 0 0 7.96645 -13.3753
12007.1825874 3015.9401299 9.9159 0 0 0 7.96589 -13.376
12007.1825880 3015.9401290 9.9150 0 0 0 7.96494 -13.3764
12007.1825866 3015.9401289 9.9128 0 0 0 7.96284 -13.3774
12007.1825870 3015.9401294 9.9134 0 0 0 7.96298 -13.376
12007.1825875 3015.9401289 9.9146 0 0 0 7.96422 -13.3749
12007.1825882 3015.9401291 9.9176 0 0 0 7.96714 -13.3733
12007.1825881 3015.9401287 9.9179 0 0 0 7.96797 -13.3744
12007.1825882 3015.9401287 9.9180 0 0 0 7.96802 -13.3753
12007.1825873 3015.9401290 9.9193 0 0 0 7.96905 -13.3748
12007.1825880 3015.9401288 9.9174 0 0 0 7.96759 -13.3765
12007.1825879 3015.9401291 9.9167 0 0 0 7.96657 -13.3766
12007.1825876 3015.9401296 9.9190 0 0 0 7.96844 -13.3746
12007.1825877 3015.9401290 9.9203 0 0 0 7.97007 -13.3742
12007.1825883 3015.9401287 9.9172 0 0 0 7.96762 -13.3771
12007.1825884 3015.9401284 9.9176 0 0 0 7.96729 -13.3763
12007.1825881 3015.9401288 9.9171 0 0 0 7.96692 -13.3761
12007.1825886 3015.9401290 9.9178 0 0 0 7.9675 -13.3754
12007.1825881 3015.9401291 9.9152 0 0 0 7.9654 -13.3771
12007.1825883 3015.9401286 9.9131 0 0 0 7.96308 -13.3778
12007.1825878 3015.9401283 9.9139 0 0 0 7.9634 -13.376
12007.1825880 3015.9401288 9.9133 0 0 0 7.96314 -13.3759
12007.1825872 3015.9401291 9.9133 0 0 0 7.96311 -13.3758
12007.1825864 3015.9401289 9.9164 0 0 0 7.96584 -13.3737
12007.1825865 3015.9401286 9.9192 0 0 0 7.96889 -13.3729
12007.1825856 3015.9401275 9.9202 0 0 0 7.97025 -13.3739
12007.1825855 3015.9401271 9.9240 0 0 0 7.97361 -13.3727
12007.1825848 3015.9401278 9.9221 0 0 0 7.97253 -13.3757
12007.1825844 3015.9401259 9.9290 0 0 0 7.97804 -13.3716
12007.1825831 3015.9401264 9.9255 0 0 0 7.97621 -13.3759
12007.1825847 3015.9401262 9.9223 0 0 0 7.97263 -13.3784
12007.1825840 3015.9401259 9.9250 0 0 0 7.97423 -13.3752
12007.1825835 3015.9401250 9.9235 0 0 0 7.97352 -13.3761
12007.1825838 3015.9401257 9.9284 0 0 0 7.9776 -13.3728
12007.1825846 3015.9401260 9.9231 0 0 0 7.97391 -13.3776
12007.1825845 3015.9401257 9.9229 0 0 0 7.97265 -13.3771
12007.1825853 3015.9401251 9.9236 0 0 0 7.97317 -13.3757
12007.1825855 3015.9401272 9.9192 0 0 0 7.96957 -13.3783
12007.1825846 3015.9401260 9.9210 0 0 0 7.97035 -13.3758
12007.1825859 3015.9401268 9.9263 0 0 0 7.9754 -13.372
12007.1825859 3015.9401260 9.9202 0 0 0 7.9712 -13.3778
12007.1825861 3015.9401274 9.9241 0 0 0 7.97333 -13.3747
12007.1825865 3015.9401274 9.9208 0 0 0 7.97112 -13.377
12007.1825851 3015.9401273 9.9206 0 0 0 7.97036 -13.3766
12007.1825858 3015.9401272 9.9202 0 0 0 7.96997 -13.3762
12007.1825858 3015.9401275 9.9212 0 0 0 7.97085 -13.3752
12007.1825855 3015.9401276 9.9213 0 0 0 7.97117 -13.3753
12007.1825854 3015.9401277 9.9208 0 0 0 7.97076 -13.3759
12007.1825852 3015.9401275 9.9178 0 0 0 7.96802 -13.3777
12007.1825852 3015.9401275 9.9205 0 0 0 7.96979 -13.3749
12007.1825851 3015.9401277 9.9186 0 0 0 7.96872 -13.3763
12007.1825853 3015.9401279 9.9197 0 0 0 7.96937 -13.3753
12007.1825864 3015.9401277 9.9186 0 0 0 7.96861 -13.3761
12007.1825854 3015.9401280 9.9183 0 0 0 7.96815 -13.3761
12007.1825857 3015.9401281 9.9161 0 0 0 7.96617 -13.3772
12007.1825863 3015.9401279 9.9175 0 0 0 7.967 -13.3755
12007.1825857 3015.9401277 9.9185 0 0 0 7.9682 -13.3747
12007.1825861 3015.9401283 9.9186 0 0 0 7.96854 -13.3752
12007.1825862 3015.9401283 9.9186 0 0 0 7.96852 -13.3755
12007.1825859 3015.9401281 9.9156 0 0 0 7.96586 -13.3776
12007.1825863 3015.9401276 9.9177 0 0 0 7.96709 -13.3753
12007.1825858 3015.9401282 9.9163 0 0 0 7.96632 -13.3761
12007.1825853 3015.9401281 9.9194 0 0 0 7.96882 -13.374
12007.1825862 3015.9401279 9.9173 0 0 0 7.96758 -13.3761
12007.1825858 3015.9401280 9.9185 0 0 0 7.96819 -13.3753
12007.1825864 3015.9401277 9.9177 0 0 0 7.96767 -13.376
12007.1825859 3015.9401276 9.9163 0 0 0 7.96631 -13.3767
12007.1825865 3015.9401278 9.9205 0 0 0 7.9697 -13.3735
12007.1825872 3015.9401279 9.9209 0 0 0 7.9709 -13.3742
12007.1825866 3015.9401281 9.9188 0 0 0 7.96912 -13.3766
12007.1825865 3015.9401288 9.9168 0 0 0 7.96685 -13.3776
12007.1825865 3015.9401284 9.9178 0 0 0 7.96731 -13.3758
12007.1825875 3015.9401275 9.9151 0 0 0 7.96523 -13.3772
12007.1825871 3015.9401276 9.9192 0 0 0 7.96836 -13.3738
12007.1825871 3015.9401273 9.9163 0 0 0 7.96667 -13.3764
12007.1825868 3015.9401267 9.9173 0 0 0 7.96699 -13.3756
12007.1825864 3015.9401271 9.9181 0 0 0 7.96783 -13.375
12007.1825875 3015.9401267 9.9170 0 0 0 7.96705 -13.3761
12007.1825871 3015.9401269 9.9168 0 0 0 7.96665 -13.3761
12007.1825875 3015.9401260 9.9196 0 0 0 7.96904 -13.374
12007.1825873 3015.9401260 9.9183 0 0 0 7.96847 -13.3756
12007.1825874 3015.9401257 9.9198 0 0 0 7.9695 -13.3749
12007.1825864 3015.9401267 9.9183 0 0 0 7.96842 -13.3763
12007.1825876 3015.9401268 9.9186 0 0 0 7.96837 -13.3759
12007.1825877 3015.9401275 9.9204 0 0 0 7.96999 -13.3745
12007.1825874 3015.9401271 9.9191 0 0 0 7.96923 -13.3759
12007.1825875 3015.9401269 9.9192 0 0 0 7.96904 -13.3759
12007.1825877 3015.9401265 9.9193 0 0 0 7.96911 -13.3757
12007.1825874 3015.9401272 9.9200 0 0 0 7.96976 -13.3752
12007.1825875 3015.9401271 9.9184 0 0 0 7.9685 -13.3765
12007.1825877 3015.9401266 9.9187 0 0 0 7.96844 -13.3759
12007.1825872 3015.9401271 9.9194 0 0 0 7.96911 -13.3752
12007.1825881 3015.9401267 9.9203 0 0 0 7.97007 -13.3749
12007.1825873 3015.9401261 9.9184 0 0 0 7.96859 -13.3765
12007.1825876 3015.9401263 9.9197 0 0 0 7.96932 -13.3754
12007.1825875 3015.9401265 9.9179 0 0 0 7.96799 -13.3766
12007.1825874 3015.9401259 9.9168 0 0 0 7.96671 -13.3768
12007.1825874 3015.9401261 9.9178 0 0 0 7.96738 -13.3755
12007.1825877 3015.9401261 9.9177 0 0 0 7.96755 -13.3755
12007.1825878 3015.9401254 9.9179 0 0 0 7.96775 -13.3755
12007.1825877 3015.9401260 9.9167 0 0 0 7.96673 -13.3764
12007.1825880 3015.9401260 9.9166 0 0 0 7.9664 -13.3761
12007.1825880 3015.9401255 9.9155 0 0 0 7.96543 -13.3765
12007.1825877 3015.9401251 9.9157 0 0 0 7.96543 -13.3759
12007.1825877 3015.9401255 9.9159 0 0 0 7.96568 -13.3755
12007.1825874 3015.9401259 9.9179 0 0 0 7.9675 -13.3743
12007.1825869 3015.9401256 9.9164 0 0 0 7.96658 -13.376
12007.1825871 3015.9401257 9.9184 0 0 0 7.968 -13.3747
12007.1825874 3015.9401251 9.9170 0 0 0 7.96712 -13.3761
12007.1825867 3015.9401255 9.9164 0 0 0 7.96631 -13.3764
12007.1825873 3015.9401261 9.9152 0 0 0 7.96512 -13.3767
12007.1825882 3015.9401272 9.9139 0 0 0 7.96379 -13.3769
