12007.1825910 3015.9401259 9.9054 0 0 0 9.89002 -4.85746
12007.1825914 3015.9401258 9.9046 0 0 0 9.87552 -9.86739
12007.1825911 3015.9401259 9.9037 0 0 0 8.89058 -13.1136
12007.1825917 3015.9401256 9.9042 0 0 0 8.12905 -13.901
12007.1825908 3015.9401254 9.9045 0 0 0 7.91024 -13.6756
12007.1825908 3015.9401253 9.9037 0 0 0 7.91037 -13.4549
12007.1825908 3015.9401253 9.9052 0 0 0 7.93938 -13.3756
12007.1825912 3015.9401258 9.9039 0 0 0 7.95193 -13.3665
12007.1825914 3015.9401258 9.9035 0 0 0 7.95434 -13.3714
12007.1825914 3015.9401256 9.9030 0 0 0 7.95358 -13.3751
12007.1825917 3015.9401253 9.9017 0 0 0 7.95188 -13.3768
12007.1825910 3015.9401252 9.9028 0 0 0 7.95241 -13.3756
12007.1825909 3015.9401250 9.9030 0 0 0 7.95281 -13.3754
12007.1825911 3015.9401250 9.9050 0 0 0 7.95463 -13.3742
12007.1825906 3015.9401251 9.9020 0 0 0 7.95238 -13.3769
12007.1825915 3015.9401252 9.9036 0 0 0 7.95315 -13.3754
12007.1825909 3015.9401250 9.9038 0 0 0 7.95362 -13.3753
12007.1825909 3015.9401249 9.9044 0 0 0 7.95422 -13.3751
12007.1825908 3015.9401246 9.9047 0 0 0 7.95458 -13.3753
12007.1825908 3015.9401249 9.9027 0 0 0 7.95286 -13.3768
12007.1825909 3015.9401251 9.9026 0 0 0 7.95236 -13.3763
12007.1825907 3015.9401250 9.9019 0 0 0 7.95174 -13.3763
12007.1825913 3015.9401250 9.9020 0 0 0 7.95176 -13.3758
12007.1825909 3015.9401249 9.9021 0 0 0 7.9519 -13.3756
12007.1825908 3015.9401250 9.9023 0 0 0 7.95213 -13.3755
12007.1825912 3015.9401251 9.9029 0 0 0 7.95269 -13.3752
12007.1825914 3015.9401250 9.9026 0 0 0 7.95254 -13.3757
12007.1825915 3015.9401251 9.9052 0 0 0 7.95473 -13.3741
12007.1825910 3015.9401249 9.9023 0 0 0 7.95268 -13.3767
12007.1825910 3015.9401253 9.9057 0 0 0 7.95505 -13.3742
12007.1825909 3015.9401252 9.9055 0 0 0 7.9555 -13.375
12007.1825910 3015.9401253 9.9035 0 0 0 7.95371 -13.3768
12007.1825905 3015.9401253 9.9050 0 0 0 7.95456 -13.3753
12007.1825908 3015.9401256 9.9042 0 0 0 7.95416 -13.3759
12007.1825910 3015.9401248 9.9069 0 0 0 7.95639 -13.3741
12007.1825911 3015.9401251 9.9037 0 0 0 7.95411 -13.3769
12007.1825913 3015.9401243 9.9038 0 0 0 7.95355 -13.3764
12007.1825917 3015.9401249 9.9035 0 0 0 7.95328 -13.3761
12007.1825913 3015.9401252 9.9053 0 0 0 7.95486 -13.3746
12007.1825913 3015.9401249 9.9058 0 0 0 7.95568 -13.3748
12007.1825911 3015.9401255 9.9055 0 0 0 7.9555 -13.3756
12007.1825911 3015.9401257 9.9050 0 0 0 7.95495 -13.376
12007.1825910 3015.9401257 9.9029 0 0 0 7.95298 -13.3772
12007.1825913 3015.9401249 9.9056 0 0 0 7.95494 -13.3746
12007.1825911 3015.9401258 9.9037 0 0 0 7.95386 -13.3762
12007.1825914 3015.9401254 9.9039 0 0 0 7.9537 -13.3759
12007.1825912 3015.9401256 9.9032 0 0 0 7.9531 -13.3762
12007.1825915 3015.9401251 9.9042 0 0 0 7.95386 -13.3752
12007.1825907 3015.9401260 9.9063 0 0 0 7.95591 -13.3741
12007.1825910 3015.9401260 9.9049 0 0 0 7.9551 -13.3758
12007.1825910 3015.9401255 9.9055 0 0 0 7.9553 -13.3756
12007.1825909 3015.9401260 9.9039 0 0 0 7.95396 -13.3766
12007.1825916 3015.9401258 9.9032 0 0 0 7.95304 -13.3766
12007.1825908 3015.9401262 9.8996 0 0 0 7.94979 -13.3783
12007.1825899 3015.9401246 9.9075 0 0 0 7.95605 -13.3718
12007.1825905 3015.9401253 9.9079 0 0 0 7.95803 -13.3732
12007.1825916 3015.9401250 9.9047 0 0 0 7.95531 -13.377
12007.1825913 3015.9401250 9.9030 0 0 0 7.95299 -13.3777
12007.1825909 3015.9401266 9.9038 0 0 0 7.95331 -13.376
12007.1825904 3015.9401262 9.9057 0 0 0 7.95522 -13.3743
12007.1825908 3015.9401273 9.9027 0 0 0 7.95306 -13.3769
12007.1825911 3015.9401266 9.9024 0 0 0 7.9522 -13.3766
12007.1825909 3015.9401262 9.9055 0 0 0 7.95483 -13.374
12007.1825914 3015.9401256 9.9075 0 0 0 7.95724 -13.3735
12007.1825909 3015.9401262 9.9110 0 0 0 7.96067 -13.3726
12007.1825906 3015.9401263 9.9089 0 0 0 7.95939 -13.3758
12007.1825906 3015.9401263 9.9046 0 0 0 7.95506 -13.3789
12007.1825903 3015.9401263 9.9110 0 0 0 7.95971 -13.3731
12007.1825907 3015.9401251 9.9095 0 0 0 7.95972 -13.375
12007.1825902 3015.9401258 9.9058 0 0 0 7.95626 -13.378
12007.1825901 3015.9401245 9.9135 0 0 0 7.96215 -13.372
12007.1825890 3015.9401239 9.9098 0 0 0 7.96044 -13.3759
12007.1825887 3015.9401244 9.9064 0 0 0 7.95675 -13.3784
12007.1825888 3015.9401246 9.9121 0 0 0 7.96093 -13.3733
12007.1825876 3015.9401242 9.9158 0 0 0 7.96535 -13.3718
12007.1825896 3015.9401241 9.9123 0 0 0 7.96305 -13.3763
12007.1825892 3015.9401241 9.9155 0 0 0 7.96497 -13.3744
12007.1825903 3015.9401246 9.9149 0 0 0 7.96494 -13.3754
12007.1825905 3015.9401253 9.9185 0 0 0 7.96795 -13.3734
12007.1825914 3015.9401271 9.9127 0 0 0 7.96353 -13.3783
12007.1825908 3015.9401254 9.9172 0 0 0 7.96627 -13.3744
12007.1825904 3015.9401249 9.9148 0 0 0 7.96502 -13.3762
12007.1825925 3015.9401245 9.9184 0 0 0 7.96777 -13.3738
12007.1825918 3015.9401249 9.9163 0 0 0 7.96659 -13.376
12007.1825909 3015.9401252 9.9111 0 0 0 7.96162 -13.3794
12007.1825914 3015.9401254 9.9089 0 0 0 7.95864 -13.3789
12007.1825921 3015.9401252 9.9141 0 0 0 7.96287 -13.3734
12007.1825934 3015.9401262 9.9019 0 0 0 7.95345 -13.382
12007.1825927 3015.9401248 9.9085 0 0 0 7.95692 -13.3748
12007.1825948 3015.9401266 9.9031 0 0 0 7.95357 -13.3779
12007.1825951 3015.9401259 9.9021 0 0 0 7.95187 -13.3775
12007.1825950 3015.9401267 9.9006 0 0 0 7.9504 -13.3772
12007.1825954 3015.9401259 9.9036 0 0 0 7.95286 -13.3743
12007.1825959 3015.9401262 9.9036 0 0 0 7.95355 -13.3748
12007.1825960 3015.9401263 9.9013 0 0 0 7.95157 -13.3769
12007.1825959 3015.9401263 9.9029 0 0 0 7.95244 -13.3754
12007.1825962 3015.9401262 9.9013 0 0 0 7.95135 -13.3764
12007.1825962 3015.9401261 9.9031 0 0 0 7.95266 -13.3749
12007.1825970 3015.9401264 9.9013 0 0 0 7.95144 -13.3764
12007.1825976 3015.9401267 9.9048 0 0 0 7.95415 -13.3739
12007.1825965 3015.9401258 9.9060 0 0 0 7.95586 -13.3739
12007.1825988 3015.9401259 9.9059 0 0 0 7.95599 -13.3751
12007.1825966 3015.9401239 9.9095 0 0 0 7.95899 -13.3733
12007.1825956 3015.9401260 9.9025 0 0 0 7.95349 -13.3791
12007.1825961 3015.9401251 9.9069 0 0 0 7.9559 -13.3748
12007.1825983 3015.9401268 9.8975 0 0 0 7.94855 -13.3808
12007.1825972 3015.9401271 9.8953 0 0 0 7.94493 -13.3797
12007.1825972 3015.9401275 9.9043 0 0 0 7.95246 -13.3712
12007.1825967 3015.9401285 9.9028 0 0 0 7.95319 -13.3739
12007.1825972 3015.9401277 9.9036 0 0 0 7.95364 -13.3749
12007.1825985 3015.9401238 9.9121 0 0 0 7.96099 -13.3701
12007.1825966 3015.9401244 9.9059 0 0 0 7.95713 -13.377
12007.1825961 3015.9401262 9.9026 0 0 0 7.95288 -13.3791
12007.1825965 3015.9401280 9.9049 0 0 0 7.95407 -13.3757
12007.1825972 3015.9401280 9.9051 0 0 0 7.95483 -13.3751
12007.1825983 3015.9401281 9.9055 0 0 0 7.95535 -13.3751
12007.1825990 3015.9401278 9.9054 0 0 0 7.95533 -13.3755
12007.1825999 3015.9401284 9.9010 0 0 0 7.95144 -13.3785
12007.1826011 3015.9401292 9.8968 0 0 0 7.9469 -13.3797
12007.1826017 3015.9401277 9.9022 0 0 0 7.95088 -13.3738
12007.1826006 3015.9401228 9.8995 0 0 0 7.94978 -13.376
12007.1826035 3015.9401224 9.8964 0 0 0 7.94666 -13.378
12007.1826046 3015.9401255 9.8988 0 0 0 7.94809 -13.3752
12007.1826024 3015.9401249 9.9016 0 0 0 7.95108 -13.3734
12007.1826034 3015.9401269 9.9097 0 0 0 7.95876 -13.3694
12007.1826061 3015.9401345 9.9169 0 0 0 7.96653 -13.3683
12007.1826085 3015.9401407 9.9145 0 0 0 7.96556 -13.3744
12007.1826137 3015.9401506 9.9249 0 0 0 7.97374 -13.3693
12007.1826187 3015.9401613 9.9395 0 0 0 7.98817 -13.3634
12007.1826230 3015.9401742 9.9504 0 0 0 8.00027 -13.3635
12007.1826278 3015.9401875 9.9663 0 0 0 8.01568 -13.3611
12007.1826363 3015.9402013 9.9814 0 0 0 8.03112 -13.3605
12007.1826478 3015.9402183 9.9868 0 0 0 8.03788 -13.3666
12007.1826607 3015.9402383 9.9922 0 0 0 8.04267 -13.3697
12007.1826715 3015.9402580 9.9911 0 0 0 8.04192 -13.3746
12007.1826825 3015.9402799 9.9884 0 0 0 8.03885 -13.3776
12007.1826916 3015.9403006 9.9910 0 0 0 8.04034 -13.3751
12007.1827031 3015.9403245 9.9942 0 0 0 8.04365 -13.3731
12007.1827109 3015.9403474 9.9908 0 0 0 8.04136 -13.3767
12007.1827181 3015.9403685 9.9876 0 0 0 8.03782 -13.3785
12007.1827263 3015.9403847 9.9892 0 0 0 8.03853 -13.3759
12007.1827353 3015.9404040 9.9904 0 0 0 8.04 -13.3747
12007.1827414 3015.9404220 9.9910 0 0 0 8.04087 -13.3748
12007.1827448 3015.9404400 9.9844 0 0 0 8.03521 -13.3796
12007.1827502 3015.9404595 9.9882 0 0 0 8.03719 -13.3753
12007.1827583 3015.9404788 9.9877 0 0 0 8.03756 -13.3753
12007.1827642 3015.9404973 9.9839 0 0 0 8.03428 -13.378
12007.1827744 3015.9405135 9.9853 0 0 0 8.03475 -13.3759
12007.1827868 3015.9405302 9.9934 0 0 0 8.04213 -13.3703
12007.1827999 3015.9405489 9.9970 0 0 0 8.04693 -13.3707
12007.1828115 3015.9405641 10.0018 0 0 0 8.05168 -13.3709
12007.1828181 3015.9405780 9.9996 0 0 0 8.05034 -13.3754
12007.1828236 3015.9405966 10.0009 0 0 0 8.05074 -13.3753
12007.1828332 3015.9406149 9.9969 0 0 0 8.0473 -13.3781
12007.1828391 3015.9406337 9.9962 0 0 0 8.0459 -13.3773
12007.1828440 3015.9406509 9.9926 0 0 0 8.04268 -13.3785
12007.1828493 3015.9406682 9.9904 0 0 0 8.0402 -13.3782
12007.1828552 3015.9406858 9.9899 0 0 0 8.03948 -13.3769
12007.1828570 3015.9407061 9.9922 0 0 0 8.04157 -13.3745
12007.1828602 3015.9407242 9.9928 0 0 0 8.04267 -13.3745
12007.1828674 3015.9407436 9.9964 0 0 0 8.04594 -13.373
12007.1828785 3015.9407641 10.0004 0 0 0 8.05004 -13.3719
12007.1828948 3015.9407866 10.0005 0 0 0 8.05079 -13.3741
12007.1829117 3015.9408056 10.0017 0 0 0 8.05165 -13.3746
12007.1829223 3015.9408245 10.0044 0 0 0 8.05405 -13.3736
12007.1829310 3015.9408401 10.0029 0 0 0 8.05317 -13.3758
12007.1829355 3015.9408582 10.0075 0 0 0 8.05681 -13.373
12007.1829389 3015.9408731 10.0033 0 0 0 8.05395 -13.3771
12007.1829401 3015.9408876 10.0012 0 0 0 8.05124 -13.378
12007.1829418 3015.9409033 9.9971 0 0 0 8.0472 -13.3793
12007.1829434 3015.9409172 9.9951 0 0 0 8.04478 -13.3784
12007.1829498 3015.9409332 9.9943 0 0 0 8.04388 -13.3771
12007.1829567 3015.9409496 9.9932 0 0 0 8.04298 -13.3767
12007.1829624 3015.9409669 9.9869 0 0 0 8.03741 -13.38
12007.1829719 3015.9409883 9.9895 0 0 0 8.03855 -13.376
12007.1829864 3015.9410094 9.9906 0 0 0 8.04017 -13.3746
12007.1829994 3015.9410298 9.9931 0 0 0 8.04273 -13.3735
12007.1830071 3015.9410536 9.9913 0 0 0 8.04163 -13.3759
12007.1830170 3015.9410705 9.9829 0 0 0 8.03385 -13.3814
12007.1830270 3015.9410899 9.9678 0 0 0 8.01898 -13.3881
12007.1830364 3015.9411064 9.9580 0 0 0 8.00768 -13.3873
12007.1830389 3015.9411220 9.9579 0 0 0 8.00627 -13.3798
12007.1830404 3015.9411314 9.9538 0 0 0 8.00346 -13.3788
12007.1830415 3015.9411364 9.9355 0 0 0 7.98725 -13.3884
12007.1830411 3015.9411402 9.9177 0 0 0 7.96844 -13.3929
12007.1830392 3015.9411429 9.9029 0 0 0 7.95256 -13.3919
12007.1830375 3015.9411454 9.8895 0 0 0 7.93897 -13.39
12007.1830374 3015.9411449 9.8825 0 0 0 7.93137 -13.3851
12007.1830352 3015.9411443 9.8845 0 0 0 7.93278 -13.3771
12007.1830330 3015.9411455 9.8846 0 0 0 7.93405 -13.3751
12007.1830334 3015.9411475 9.8882 0 0 0 7.93761 -13.3729
12007.1830337 3015.9411482 9.8876 0 0 0 7.93782 -13.3748
12007.1830342 3015.9411454 9.8843 0 0 0 7.93473 -13.3777
12007.1830329 3015.9411422 9.8860 0 0 0 7.93545 -13.3757
12007.1830335 3015.9411413 9.8832 0 0 0 7.93335 -13.3772
12007.1830334 3015.9411414 9.8842 0 0 0 7.93377 -13.3758
12007.1830330 3015.9411412 9.8809 0 0 0 7.93112 -13.3776
12007.1830329 3015.9411414 9.8823 0 0 0 7.93177 -13.3757
12007.1830324 3015.9411420 9.8858 0 0 0 7.93515 -13.3732
12007.1830320 3015.9411418 9.8873 0 0 0 7.93721 -13.3735
12007.1830335 3015.9411416 9.8866 0 0 0 7.93682 -13.3754
12007.1830344 3015.9411402 9.8858 0 0 0 7.93584 -13.3763
12007.1830350 3015.9411406 9.8855 0 0 0 7.93533 -13.3762
12007.1830337 3015.9411422 9.8834 0 0 0 7.93345 -13.3772
12007.1830324 3015.9411442 9.8872 0 0 0 7.9364 -13.3739
12007.1830324 3015.9411432 9.8848 0 0 0 7.9351 -13.3762
12007.1830301 3015.9411432 9.8856 0 0 0 7.93534 -13.3756
12007.1830305 3015.9411435 9.8880 0 0 0 7.93754 -13.374
12007.1830309 3015.9411431 9.8954 0 0 0 7.94447 -13.3702
12007.1830339 3015.9411421 9.8980 0 0 0 7.94812 -13.3715
12007.1830340 3015.9411437 9.8984 0 0 0 7.94876 -13.3741
12007.1830319 3015.9411450 9.8975 0 0 0 7.94773 -13.376
12007.1830334 3015.9411455 9.8975 0 0 0 7.94736 -13.376
12007.1830337 3015.9411467 9.8969 0 0 0 7.94678 -13.3762
12007.1830354 3015.9411475 9.8934 0 0 0 7.94363 -13.3781
12007.1830359 3015.9411460 9.8934 0 0 0 7.94299 -13.3768
12007.1830351 3015.9411445 9.8939 0 0 0 7.94351 -13.3756
12007.1830333 3015.9411455 9.8910 0 0 0 7.9412 -13.3773
12007.1830342 3015.9411455 9.8927 0 0 0 7.94217 -13.3754
12007.1830329 3015.9411445 9.8904 0 0 0 7.94053 -13.3768
12007.1830318 3015.9411437 9.8946 0 0 0 7.94381 -13.3736
12007.1830324 3015.9411445 9.8907 0 0 0 7.94123 -13.377
12007.1830326 3015.9411445 9.8922 0 0 0 7.94178 -13.3756
12007.1830329 3015.9411444 9.8914 0 0 0 7.94132 -13.376
12007.1830338 3015.9411453 9.8909 0 0 0 7.94078 -13.3761
12007.1830328 3015.9411447 9.8933 0 0 0 7.94279 -13.3743
12007.1830337 3015.9411450 9.8950 0 0 0 7.94476 -13.3739
12007.1830333 3015.9411446 9.8934 0 0 0 7.94367 -13.376
12007.1830322 3015.9411448 9.8921 0 0 0 7.94213 -13.3769
12007.1830320 3015.9411449 9.8896 0 0 0 7.93964 -13.3778
12007.1830323 3015.9411445 9.8871 0 0 0 7.93702 -13.3782
12007.1830325 3015.9411451 9.8876 0 0 0 7.93708 -13.3763
12007.1830314 3015.9411443 9.8893 0 0 0 7.93881 -13.3746
12007.1830310 3015.9411440 9.8863 0 0 0 7.93663 -13.377
12007.1830304 3015.9411433 9.8871 0 0 0 7.93674 -13.3759
12007.1830310 3015.9411439 9.8863 0 0 0 7.93619 -13.3761
12007.1830312 3015.9411435 9.8837 0 0 0 7.93383 -13.3775
12007.1830308 3015.9411439 9.8854 0 0 0 7.93483 -13.3754
12007.1830309 3015.9411438 9.8861 0 0 0 7.93584 -13.3749
12007.1830314 3015.9411439 9.8900 0 0 0 7.93944 -13.3728
12007.1830309 3015.9411445 9.8893 0 0 0 7.93955 -13.3748
12007.1830318 3015.9411437 9.8895 0 0 0 7.93948 -13.3755
12007.1830330 3015.9411443 9.8837 0 0 0 7.93433 -13.3794
12007.1830328 3015.9411434 9.8884 0 0 0 7.93728 -13.3745
12007.1830344 3015.9411454 9.8837 0 0 0 7.93417 -13.3776
12007.1830346 3015.9411443 9.8840 0 0 0 7.93364 -13.3766
12007.1830347 3015.9411443 9.8856 0 0 0 7.9351 -13.3748
12007.1830350 3015.9411449 9.8855 0 0 0 7.93542 -13.3752
12007.1830350 3015.9411453 9.8829 0 0 0 7.93315 -13.3772
12007.1830360 3015.9411449 9.8846 0 0 0 7.93409 -13.3754
12007.1830355 3015.9411455 9.8842 0 0 0 7.93409 -13.3756
12007.1830358 3015.9411452 9.8850 0 0 0 7.93476 -13.3752
12007.1830360 3015.9411451 9.8837 0 0 0 7.93377 -13.3763
12007.1830360 3015.9411450 9.8825 0 0 0 7.93246 -13.3768
12007.1830358 3015.9411450 9.8857 0 0 0 7.93501 -13.3741
12007.1830366 3015.9411453 9.8850 0 0 0 7.93507 -13.3752
12007.1830354 3015.9411449 9.8860 0 0 0 7.93581 -13.375
12007.1830356 3015.9411450 9.8894 0 0 0 7.9389 -13.3732
12007.1830350 3015.9411452 9.8871 0 0 0 7.93751 -13.376
12007.1830344 3015.9411452 9.8913 0 0 0 7.94064 -13.3735
12007.1830338 3015.9411445 9.8903 0 0 0 7.94049 -13.3752
12007.1830346 3015.9411446 9.8900 0 0 0 7.93999 -13.3759
12007.1830342 3015.9411445 9.8876 0 0 0 7.93774 -13.3774
12007.1830345 3015.9411448 9.8883 0 0 0 7.93788 -13.376
12007.1830339 3015.9411445 9.8885 0 0 0 7.93824 -13.3755
12007.1830341 3015.9411451 9.8868 0 0 0 7.93687 -13.3766
12007.1830340 3015.9411441 9.8903 0 0 0 7.93961 -13.3739
12007.1830344 3015.9411441 9.8884 0 0 0 7.93865 -13.3759
12007.1830343 3015.9411443 9.8884 0 0 0 7.93827 -13.376
12007.1830348 3015.9411444 9.8855 0 0 0 7.93568 -13.3777
12007.1830343 3015.9411447 9.8898 0 0 0 7.93889 -13.3738
12007.1830344 3015.9411445 9.8871 0 0 0 7.93743 -13.3763
12007.1830346 3015.9411450 9.8855 0 0 0 7.93554 -13.3772
12007.1830345 3015.9411449 9.8885 0 0 0 7.9378 -13.3744
12007.1830353 3015.9411446 9.8858 0 0 0 7.93608 -13.3766
12007.1830350 3015.9411450 9.8867 0 0 0 7.93637 -13.3757
12007.1830345 3015.9411441 9.8885 0 0 0 7.93809 -13.3744
12007.1830345 3015.9411442 9.8866 0 0 0 7.93682 -13.3763
12007.1830337 3015.9411445 9.8905 0 0 0 7.93982 -13.3736
12007.1830338 3015.9411444 9.8874 0 0 0 7.93784 -13.3766
12007.1830337 3015.9411449 9.8855 0 0 0 7.93555 -13.3776
12007.1830335 3015.9411453 9.8849 0 0 0 7.93461 -13.3769
12007.1830339 3015.9411446 9.8870 0 0 0 7.93641 -13.3747
12007.1830330 3015.9411444 9.8867 0 0 0 7.93666 -13.3752
12007.1830333 3015.9411445 9.8842 0 0 0 7.93444 -13.3772
12007.1830336 3015.9411441 9.8840 0 0 0 7.93373 -13.3766
12007.1830331 3015.9411448 9.8847 0 0 0 7.93433 -13.3755
12007.1830325 3015.9411442 9.8865 0 0 0 7.93612 -13.3743
12007.1830326 3015.9411435 9.8856 0 0 0 7.93571 -13.3756
12007.1830327 3015.9411432 9.8864 0 0 0 7.93619 -13.3753
12007.1830315 3015.9411434 9.8892 0 0 0 7.93873 -13.3737
12007.1830322 3015.9411433 9.8879 0 0 0 7.93812 -13.3756
12007.1830324 3015.9411437 9.8835 0 0 0 7.93397 -13.3787
12007.1830328 3015.9411432 9.8846 0 0 0 7.934 -13.3764
12007.1830323 3015.9411432 9.8839 0 0 0 7.93368 -13.3761
12007.1830320 3015.9411435 9.8848 0 0 0 7.93447 -13.3752
12007.1830326 3015.9411437 9.8843 0 0 0 7.93425 -13.3757
12007.1830324 3015.9411436 9.8845 0 0 0 7.93433 -13.3756
12007.1830326 3015.9411442 9.8842 0 0 0 7.93409 -13.3758
12007.1830326 3015.9411449 9.8870 0 0 0 7.93648 -13.374
12007.1830324 3015.9411445 9.8883 0 0 0 7.93815 -13.374
12007.1830327 3015.9411448 9.8872 0 0 0 7.9374 -13.3758
12007.1830330 3015.9411448 9.8863 0 0 0 7.9363 -13.3765
12007.1830334 3015.9411446 9.8855 0 0 0 7.93536 -13.3766
12007.1830325 3015.9411449 9.8856 0 0 0 7.93532 -13.3759
12007.1830332 3015.9411446 9.8836 0 0 0 7.93365 -13.377
12007.1830329 3015.9411449 9.8845 0 0 0 7.9341 -13.3757
12007.1830329 3015.9411452 9.8846 0 0 0 7.9344 -13.3754
12007.1830331 3015.9411458 9.8837 0 0 0 7.93369 -13.3761
12007.1830328 3015.9411457 9.8823 0 0 0 7.93229 -13.3768
12007.1830326 3015.9411455 9.8847 0 0 0 7.93412 -13.3746
12007.1830327 3015.9411460 9.8816 0 0 0 7.93192 -13.377
12007.1830330 3015.9411458 9.8817 0 0 0 7.93143 -13.3764
12007.1830329 3015.9411455 9.8807 0 0 0 7.93057 -13.3765
12007.1830329 3015.9411451 9.8833 0 0 0 7.93272 -13.3743
12007.1830324 3015.9411452 9.8822 0 0 0 7.93231 -13.3756
12007.1830331 3015.9411452 9.8852 0 0 0 7.93471 -13.3739
12007.1830329 3015.9411454 9.8821 0 0 0 7.93253 -13.3768
12007.1830321 3015.9411457 9.8843 0 0 0 7.9338 -13.375
12007.1830322 3015.9411456 9.8876 0 0 0 7.93707 -13.3731
12007.1830321 3015.9411459 9.8885 0 0 0 7.93851 -13.3739
12007.1830326 3015.9411455 9.8852 0 0 0 7.93571 -13.3773
12007.1830324 3015.9411457 9.8884 0 0 0 7.93773 -13.3746
12007.1830321 3015.9411457 9.8868 0 0 0 7.93692 -13.376
12007.1830324 3015.9411464 9.8863 0 0 0 7.93621 -13.3763
12007.1830325 3015.9411455 9.8877 0 0 0 7.9373 -13.375
12007.1830323 3015.9411455 9.8848 0 0 0 7.93507 -13.3771
12007.1830322 3015.9411459 9.8859 0 0 0 7.93548 -13.3758
12007.1830322 3015.9411461 9.8875 0 0 0 7.9371 -13.3745
12007.1830330 3015.9411446 9.8854 0 0 0 7.93563 -13.3764
12007.1830319 3015.9411452 9.8890 0 0 0 7.93834 -13.3739
12007.1830329 3015.9411452 9.8853 0 0 0 7.93578 -13.3771
12007.1830328 3015.9411449 9.8854 0 0 0 7.93514 -13.3765
12007.1830321 3015.9411447 9.8855 0 0 0 7.93522 -13.3758
12007.1830325 3015.9411448 9.8855 0 0 0 7.93531 -13.3756
12007.1830326 3015.9411445 9.8835 0 0 0 7.9336 -13.3769
12007.1830324 3015.9411448 9.8862 0 0 0 7.93558 -13.3746
12007.1830322 3015.9411448 9.8861 0 0 0 7.93604 -13.375
12007.1830315 3015.9411440 9.8828 0 0 0 7.93316 -13.3776
12007.1830312 3015.9411445 9.8861 0 0 0 7.93535 -13.3746
12007.1830312 3015.9411441 9.8827 0 0 0 7.93304 -13.3771
12007.1830311 3015.9411439 9.8841 0 0 0 7.93366 -13.3756
12007.1830315 3015.9411446 9.8845 0 0 0 7.93427 -13.3752
12007.1830311 3015.9411438 9.8831 0 0 0 7.93318 -13.3763
12007.1830305 3015.9411441 9.8833 0 0 0 7.93307 -13.3759
12007.1830312 3015.9411442 9.8836 0 0 0 7.93337 -13.3755
12007.1830303 3015.9411444 9.8858 0 0 0 7.93538 -13.3742
12007.1830306 3015.9411433 9.8856 0 0 0 7.93563 -13.3751
12007.1830308 3015.9411440 9.8839 0 0 0 7.93406 -13.3767
12007.1830308 3015.9411440 9.8841 0 0 0 7.93384 -13.3761
12007.1830307 3015.9411439 9.8863 0 0 0 7.9358 -13.3743
12007.1830311 3015.9411441 9.8860 0 0 0 7.93601 -13.3752
12007.1830309 3015.9411436 9.8871 0 0 0 7.9369 -13.3749
12007.1830314 3015.9411443 9.8859 0 0 0 7.936 -13.3761
12007.1830312 3015.9411440 9.8876 0 0 0 7.93721 -13.3749
12007.1830305 3015.9411438 9.8862 0 0 0 7.93629 -13.3761
12007.1830310 3015.9411440 9.8870 0 0 0 7.93672 -13.3755
12007.1830308 3015.9411445 9.8865 0 0 0 7.93642 -13.3758
12007.1830302 3015.9411431 9.8894 0 0 0 7.93887 -13.3739
12007.1830315 3015.9411442 9.8856 0 0 0 7.93611 -13.3772
12007.1830314 3015.9411437 9.8857 0 0 0 7.93542 -13.3766
12007.1830310 3015.9411442 9.8885 0 0 0 7.93786 -13.3741
12007.1830315 3015.9411436 9.8877 0 0 0 7.93779 -13.3753
12007.1830314 3015.9411437 9.8851 0 0 0 7.93536 -13.3774
12007.1830318 3015.9411435 9.8864 0 0 0 7.93592 -13.3757
12007.1830309 3015.9411438 9.8872 0 0 0 7.9369 -13.375
12007.1830312 3015.9411436 9.8861 0 0 0 7.93616 -13.376
12007.1830311 3015.9411440 9.8868 0 0 0 7.93654 -13.3755
12007.1830320 3015.9411437 9.8857 0 0 0 7.9357 -13.3762
12007.1830308 3015.9411443 9.8881 0 0 0 7.93759 -13.3744
12007.1830303 3015.9411449 9.8869 0 0 0 7.93701 -13.3758
12007.1830313 3015.9411442 9.8873 0 0 0 7.93712 -13.3756
12007.1830311 3015.9411444 9.8860 0 0 0 7.93602 -13.3765
12007.1830307 3015.9411443 9.8870 0 0 0 7.93664 -13.3754
12007.1830309 3015.9411444 9.8866 0 0 0 7.93651 -13.3757
12007.1830314 3015.9411448 9.8876 0 0 0 7.93733 -13.3751
12007.1830309 3015.9411443 9.8869 0 0 0 7.9369 -13.3758
12007.1830309 3015.9411442 9.8859 0 0 0 7.93588 -13.3765
12007.1830310 3015.9411439 9.8865 0 0 0 7.93619 -13.3756
12007.1830311 3015.9411441 9.8884 0 0 0 7.93799 -13.3743
12007.1830305 3015.9411444 9.8887 0 0 0 7.93865 -13.3748
12007.1830306 3015.9411438 9.8883 0 0 0 7.93832 -13.3757
12007.1830306 3015.9411444 9.8874 0 0 0 7.93738 -13.3764
12007.1830306 3015.9411437 9.8886 0 0 0 7.93823 -13.3752
12007.1830301 3015.9411438 9.8880 0 0 0 7.93795 -13.3758
12007.1830308 3015.9411437 9.8892 0 0 0 7.9389 -13.375
