12007.1830747 3015.9411764 9.8889 0 0 0 9.87354 -4.86569
12007.1830746 3015.9411770 9.8898 0 0 0 9.86066 -9.86589
12007.1830737 3015.9411766 9.8903 0 0 0 8.87719 -13.1122
12007.1830743 3015.9411772 9.8883 0 0 0 8.11365 -13.9021
12007.1830759 3015.9411764 9.8872 0 0 0 7.89304 -13.6772
12007.1830744 3015.9411762 9.8940 0 0 0 7.89952 -13.4507
12007.1830743 3015.9411764 9.8893 0 0 0 7.92466 -13.3773
12007.1830737 3015.9411763 9.8933 0 0 0 7.94059 -13.3644
12007.1830745 3015.9411769 9.8910 0 0 0 7.94225 -13.3715
12007.1830748 3015.9411769 9.8944 0 0 0 7.94453 -13.3729
12007.1830752 3015.9411769 9.8929 0 0 0 7.94333 -13.3758
12007.1830767 3015.9411769 9.8959 0 0 0 7.94543 -13.3742
12007.1830760 3015.9411771 9.9006 0 0 0 7.95 -13.3719
12007.1830766 3015.9411769 9.8960 0 0 0 7.94686 -13.377
12007.1830769 3015.9411772 9.8964 0 0 0 7.94616 -13.3765
12007.1830766 3015.9411771 9.8968 0 0 0 7.94648 -13.3757
12007.1830772 3015.9411774 9.8953 0 0 0 7.94532 -13.3765
12007.1830766 3015.9411766 9.9003 0 0 0 7.94943 -13.3729
12007.1830776 3015.9411767 9.8994 0 0 0 7.94963 -13.3748
12007.1830762 3015.9411768 9.9007 0 0 0 7.95055 -13.3748
12007.1830763 3015.9411770 9.9011 0 0 0 7.95101 -13.3751
12007.1830762 3015.9411770 9.8990 0 0 0 7.9492 -13.3768
12007.1830753 3015.9411778 9.8985 0 0 0 7.94831 -13.3766
12007.1830772 3015.9411780 9.8944 0 0 0 7.94464 -13.3786
12007.1830753 3015.9411770 9.8994 0 0 0 7.94829 -13.3738
12007.1830755 3015.9411774 9.8979 0 0 0 7.94806 -13.3753
12007.1830789 3015.9411783 9.8998 0 0 0 7.94949 -13.3745
12007.1830768 3015.9411789 9.8969 0 0 0 7.94724 -13.377
12007.1830786 3015.9411789 9.8974 0 0 0 7.94708 -13.3761
12007.1830797 3015.9411797 9.8891 0 0 0 7.93992 -13.381
12007.1830797 3015.9411788 9.8943 0 0 0 7.94293 -13.3749
12007.1830789 3015.9411792 9.8875 0 0 0 7.93816 -13.379
12007.1830796 3015.9411787 9.8914 0 0 0 7.94044 -13.3749
12007.1830809 3015.9411786 9.8870 0 0 0 7.93741 -13.3777
12007.1830795 3015.9411786 9.8880 0 0 0 7.93754 -13.3761
12007.1830791 3015.9411785 9.8884 0 0 0 7.9381 -13.3754
12007.1830795 3015.9411776 9.8851 0 0 0 7.93539 -13.3776
12007.1830784 3015.9411773 9.8850 0 0 0 7.93468 -13.3767
12007.1830787 3015.9411785 9.8813 0 0 0 7.93147 -13.3783
12007.1830803 3015.9411783 9.8834 0 0 0 7.93269 -13.3755
12007.1830798 3015.9411761 9.8883 0 0 0 7.93748 -13.3721
12007.1830791 3015.9411771 9.8835 0 0 0 7.93433 -13.377
12007.1830777 3015.9411784 9.8865 0 0 0 7.93592 -13.3749
12007.1830803 3015.9411794 9.8823 0 0 0 7.93273 -13.3778
12007.1830801 3015.9411794 9.8794 0 0 0 7.92942 -13.3787
12007.1830787 3015.9411795 9.8798 0 0 0 7.92924 -13.3766
12007.1830779 3015.9411797 9.8821 0 0 0 7.93149 -13.3743
12007.1830760 3015.9411802 9.8827 0 0 0 7.93259 -13.3745
12007.1830766 3015.9411801 9.8853 0 0 0 7.93497 -13.3736
12007.1830770 3015.9411797 9.8850 0 0 0 7.93513 -13.375
12007.1830791 3015.9411809 9.8817 0 0 0 7.93209 -13.3777
12007.1830784 3015.9411764 9.8771 0 0 0 7.92734 -13.3797
12007.1830741 3015.9411737 9.8842 0 0 0 7.93268 -13.3728
12007.1830698 3015.9411724 9.8859 0 0 0 7.93572 -13.3727
12007.1830729 3015.9411780 9.8832 0 0 0 7.93377 -13.3763
12007.1830714 3015.9411728 9.8838 0 0 0 7.93358 -13.376
12007.1830692 3015.9411695 9.8958 0 0 0 7.94408 -13.3681
12007.1830646 3015.9411664 9.9058 0 0 0 7.95514 -13.3655
12007.1830563 3015.9411617 9.9165 0 0 0 7.96621 -13.3648
12007.1830490 3015.9411555 9.9489 0 0 0 7.99599 -13.351
12007.1830458 3015.9411418 9.9846 0 0 0 8.0327 -13.3422
12007.1830342 3015.9411293 10.0258 0 0 0 8.07445 -13.3361
12007.1830240 3015.9411165 10.0273 0 0 0 8.08184 -13.3597
12007.1830192 3015.9410954 10.0537 0 0 0 8.10282 -13.356
12007.1830104 3015.9410685 10.0759 0 0 0 8.12533 -13.3539
12007.1830045 3015.9410397 10.0736 0 0 0 8.12646 -13.369
12007.1829940 3015.9410094 10.0651 0 0 0 8.11726 -13.3806
12007.1829847 3015.9409720 10.0773 0 0 0 8.12526 -13.3711
12007.1829725 3015.9409312 10.0784 0 0 0 8.12845 -13.3721
12007.1829581 3015.9408947 10.0621 0 0 0 8.1145 -13.3849
12007.1829386 3015.9408525 10.0540 0 0 0 8.10403 -13.3858
12007.1829186 3015.9408111 10.0443 0 0 0 8.09411 -13.3856
12007.1828971 3015.9407696 10.0409 0 0 0 8.08991 -13.3814
12007.1828757 3015.9407266 10.0389 0 0 0 8.08817 -13.3785
12007.1828584 3015.9406912 10.0292 0 0 0 8.07985 -13.3825
12007.1828453 3015.9406526 10.0440 0 0 0 8.0912 -13.3692
12007.1828362 3015.9406167 10.0317 0 0 0 8.0836 -13.3795
12007.1828215 3015.9405804 10.0281 0 0 0 8.07818 -13.3807
12007.1828044 3015.9405454 10.0256 0 0 0 8.07516 -13.3792
12007.1827889 3015.9405052 10.0284 0 0 0 8.07741 -13.375
12007.1827754 3015.9404701 10.0351 0 0 0 8.08408 -13.3706
12007.1827569 3015.9404374 10.0274 0 0 0 8.07876 -13.3782
12007.1827363 3015.9404051 10.0251 0 0 0 8.07511 -13.379
12007.1827097 3015.9403717 10.0242 0 0 0 8.07376 -13.3776
12007.1826877 3015.9403386 10.0281 0 0 0 8.07718 -13.3737
12007.1826737 3015.9403062 10.0298 0 0 0 8.07959 -13.3734
12007.1826608 3015.9402737 10.0352 0 0 0 8.08465 -13.3713
12007.1826513 3015.9402429 10.0275 0 0 0 8.07883 -13.3788
12007.1826413 3015.9402141 10.0267 0 0 0 8.07644 -13.3782
12007.1826262 3015.9401824 10.0248 0 0 0 8.07455 -13.3777
12007.1826133 3015.9401510 10.0310 0 0 0 8.07978 -13.3724
12007.1826023 3015.9401194 10.0322 0 0 0 8.08218 -13.373
12007.1825901 3015.9400923 10.0249 0 0 0 8.07603 -13.3795
12007.1825760 3015.9400581 10.0278 0 0 0 8.07696 -13.376
12007.1825591 3015.9400238 10.0299 0 0 0 8.07935 -13.374
12007.1825408 3015.9399950 10.0295 0 0 0 8.07956 -13.3751
12007.1825214 3015.9399591 10.0255 0 0 0 8.07596 -13.3781
12007.1825055 3015.9399265 10.0238 0 0 0 8.07363 -13.378
12007.1824909 3015.9398969 10.0323 0 0 0 8.08076 -13.3711
12007.1824804 3015.9398619 10.0322 0 0 0 8.08247 -13.3732
12007.1824691 3015.9398285 10.0351 0 0 0 8.08495 -13.3732
12007.1824546 3015.9397962 10.0303 0 0 0 8.08108 -13.3778
12007.1824425 3015.9397690 10.0318 0 0 0 8.0813 -13.3761
12007.1824339 3015.9397448 10.0296 0 0 0 8.07963 -13.377
12007.1824293 3015.9397252 10.0139 0 0 0 8.0656 -13.3863
12007.1824257 3015.9397089 9.9885 0 0 0 8.04046 -13.3969
12007.1824195 3015.9396964 9.9694 0 0 0 8.01924 -13.3969
12007.1824162 3015.9396861 9.9484 0 0 0 7.99822 -13.3967
12007.1824102 3015.9396775 9.9335 0 0 0 7.98256 -13.3928
12007.1824059 3015.9396702 9.9277 0 0 0 7.97601 -13.385
12007.1824019 3015.9396636 9.9295 0 0 0 7.97773 -13.3769
12007.1823999 3015.9396589 9.9220 0 0 0 7.97244 -13.3799
12007.1823986 3015.9396548 9.9189 0 0 0 7.96868 -13.3795
12007.1823965 3015.9396518 9.9165 0 0 0 7.96615 -13.3786
12007.1823997 3015.9396473 9.9203 0 0 0 7.96927 -13.3742
12007.1824024 3015.9396479 9.9192 0 0 0 7.96927 -13.3753
12007.1824020 3015.9396444 9.9169 0 0 0 7.96712 -13.3771
12007.1824028 3015.9396409 9.9155 0 0 0 7.96539 -13.3773
12007.1824020 3015.9396407 9.9147 0 0 0 7.96445 -13.3768
12007.1824024 3015.9396425 9.9114 0 0 0 7.96151 -13.3781
12007.1824027 3015.9396441 9.9088 0 0 0 7.9587 -13.3784
12007.1824032 3015.9396442 9.9050 0 0 0 7.95499 -13.3791
12007.1824050 3015.9396438 9.9006 0 0 0 7.95059 -13.3798
12007.1824066 3015.9396430 9.8967 0 0 0 7.94654 -13.3797
12007.1824067 3015.9396414 9.8946 0 0 0 7.9442 -13.3785
12007.1824067 3015.9396429 9.8958 0 0 0 7.94511 -13.3757
12007.1824058 3015.9396462 9.8942 0 0 0 7.94417 -13.3764
12007.1824059 3015.9396483 9.8943 0 0 0 7.94406 -13.3759
12007.1824064 3015.9396498 9.8957 0 0 0 7.94533 -13.3748
12007.1824042 3015.9396526 9.8990 0 0 0 7.94851 -13.3731
12007.1824036 3015.9396548 9.9030 0 0 0 7.95262 -13.372
12007.1824039 3015.9396561 9.9014 0 0 0 7.9519 -13.3752
12007.1824026 3015.9396560 9.8998 0 0 0 7.94999 -13.3769
12007.1824017 3015.9396567 9.9033 0 0 0 7.95259 -13.3741
12007.1824001 3015.9396556 9.9045 0 0 0 7.95432 -13.374
12007.1823989 3015.9396564 9.9053 0 0 0 7.95526 -13.3745
12007.1823998 3015.9396554 9.9098 0 0 0 7.95924 -13.3725
12007.1824012 3015.9396555 9.9090 0 0 0 7.95931 -13.3748
12007.1824002 3015.9396560 9.9051 0 0 0 7.95562 -13.3781
12007.1824011 3015.9396559 9.9089 0 0 0 7.95804 -13.3746
12007.1824002 3015.9396550 9.9141 0 0 0 7.96334 -13.3715
12007.1824031 3015.9396548 9.9094 0 0 0 7.9603 -13.3768
12007.1824019 3015.9396548 9.9158 0 0 0 7.96483 -13.3726
12007.1824024 3015.9396553 9.9098 0 0 0 7.96069 -13.3779
12007.1824013 3015.9396536 9.9112 0 0 0 7.96072 -13.3762
12007.1824016 3015.9396536 9.9066 0 0 0 7.95692 -13.3786
12007.1824018 3015.9396536 9.9056 0 0 0 7.95526 -13.3777
12007.1824029 3015.9396529 9.9052 0 0 0 7.95482 -13.3765
12007.1824032 3015.9396515 9.9075 0 0 0 7.95692 -13.3744
12007.1824055 3015.9396495 9.9062 0 0 0 7.95633 -13.3758
12007.1824056 3015.9396494 9.9034 0 0 0 7.95363 -13.3777
12007.1824046 3015.9396498 9.9022 0 0 0 7.952 -13.3774
12007.1824051 3015.9396492 9.9030 0 0 0 7.95252 -13.3757
12007.1824056 3015.9396480 9.9035 0 0 0 7.95323 -13.3752
12007.1824058 3015.9396474 9.8988 0 0 0 7.9493 -13.3784
12007.1824070 3015.9396462 9.8990 0 0 0 7.94856 -13.3769
12007.1824060 3015.9396449 9.8997 0 0 0 7.94926 -13.3755
12007.1824060 3015.9396444 9.9021 0 0 0 7.95163 -13.3739
12007.1824067 3015.9396426 9.9031 0 0 0 7.95301 -13.3742
12007.1824076 3015.9396415 9.9019 0 0 0 7.9521 -13.3759
12007.1824079 3015.9396413 9.9041 0 0 0 7.95368 -13.3746
12007.1824084 3015.9396412 9.9073 0 0 0 7.95685 -13.3731
12007.1824083 3015.9396405 9.9069 0 0 0 7.95709 -13.3748
12007.1824085 3015.9396402 9.9026 0 0 0 7.95315 -13.3783
12007.1824091 3015.9396395 9.9055 0 0 0 7.95473 -13.3752
12007.1824097 3015.9396400 9.9065 0 0 0 7.9562 -13.3745
12007.1824087 3015.9396392 9.9129 0 0 0 7.96207 -13.371
12007.1824092 3015.9396377 9.9148 0 0 0 7.96491 -13.3724
12007.1824085 3015.9396377 9.9146 0 0 0 7.96493 -13.3748
12007.1824109 3015.9396382 9.9109 0 0 0 7.9614 -13.378
12007.1824109 3015.9396388 9.9075 0 0 0 7.95757 -13.3791
12007.1824110 3015.9396401 9.9070 0 0 0 7.9565 -13.3774
12007.1824105 3015.9396402 9.9096 0 0 0 7.95886 -13.3744
12007.1824102 3015.9396405 9.9120 0 0 0 7.96163 -13.3733
12007.1824107 3015.9396409 9.9126 0 0 0 7.96265 -13.3743
12007.1824086 3015.9396413 9.9092 0 0 0 7.95968 -13.3775
12007.1824091 3015.9396414 9.9136 0 0 0 7.96274 -13.3739
12007.1824091 3015.9396416 9.9136 0 0 0 7.96358 -13.3746
12007.1824100 3015.9396382 9.9153 0 0 0 7.96509 -13.3743
12007.1824072 3015.9396388 9.9212 0 0 0 7.97047 -13.3714
12007.1824089 3015.9396371 9.9194 0 0 0 7.96995 -13.3749
12007.1824048 3015.9396395 9.9237 0 0 0 7.97319 -13.3731
12007.1824060 3015.9396387 9.9231 0 0 0 7.97331 -13.3749
12007.1824057 3015.9396390 9.9175 0 0 0 7.96821 -13.3792
12007.1824069 3015.9396384 9.9154 0 0 0 7.96518 -13.3788
12007.1824069 3015.9396382 9.9181 0 0 0 7.96719 -13.375
12007.1824080 3015.9396396 9.9152 0 0 0 7.9654 -13.3768
12007.1824089 3015.9396397 9.9124 0 0 0 7.96251 -13.3781
12007.1824092 3015.9396408 9.9088 0 0 0 7.95883 -13.379
12007.1824110 3015.9396429 9.9012 0 0 0 7.95161 -13.3818
12007.1824098 3015.9396416 9.9032 0 0 0 7.95208 -13.377
12007.1824108 3015.9396415 9.9058 0 0 0 7.95503 -13.3739
12007.1824101 3015.9396411 9.9020 0 0 0 7.95248 -13.377
12007.1824089 3015.9396398 9.9077 0 0 0 7.95673 -13.3729
12007.1824077 3015.9396387 9.9140 0 0 0 7.96329 -13.3701
12007.1824094 3015.9396395 9.9089 0 0 0 7.96003 -13.3766
12007.1824087 3015.9396387 9.9098 0 0 0 7.95958 -13.3762
12007.1824082 3015.9396396 9.9053 0 0 0 7.95564 -13.3787
12007.1824090 3015.9396388 9.9080 0 0 0 7.95718 -13.3754
12007.1824097 3015.9396390 9.9072 0 0 0 7.95711 -13.3756
12007.1824092 3015.9396395 9.9073 0 0 0 7.95715 -13.3756
12007.1824089 3015.9396403 9.9055 0 0 0 7.95558 -13.3768
12007.1824101 3015.9396402 9.9022 0 0 0 7.95235 -13.3783
12007.1824105 3015.9396401 9.9019 0 0 0 7.95149 -13.377
12007.1824098 3015.9396402 9.9061 0 0 0 7.95521 -13.3733
12007.1824103 3015.9396398 9.9044 0 0 0 7.95467 -13.3754
12007.1824104 3015.9396395 9.9033 0 0 0 7.95337 -13.3766
12007.1824104 3015.9396402 9.9034 0 0 0 7.95315 -13.3761
12007.1824098 3015.9396394 9.9052 0 0 0 7.95476 -13.3746
12007.1824103 3015.9396394 9.9052 0 0 0 7.95515 -13.3751
12007.1824105 3015.9396389 9.9046 0 0 0 7.95461 -13.3759
12007.1824104 3015.9396399 9.9021 0 0 0 7.95226 -13.3775
12007.1824105 3015.9396398 9.9020 0 0 0 7.95167 -13.3766
12007.1824104 3015.9396397 9.9015 0 0 0 7.95128 -13.3762
12007.1824101 3015.9396394 9.9021 0 0 0 7.9518 -13.3754
12007.1824093 3015.9396388 9.9049 0 0 0 7.9544 -13.3737
12007.1824099 3015.9396393 9.9026 0 0 0 7.95295 -13.3762
12007.1824099 3015.9396393 9.9027 0 0 0 7.95253 -13.3761
12007.1824107 3015.9396384 9.9056 0 0 0 7.95502 -13.374
12007.1824107 3015.9396394 9.9023 0 0 0 7.95273 -13.3769
12007.1824087 3015.9396391 9.9065 0 0 0 7.95573 -13.3738
12007.1824084 3015.9396386 9.9046 0 0 0 7.95485 -13.3758
12007.1824088 3015.9396391 9.9071 0 0 0 7.95666 -13.3744
12007.1824088 3015.9396387 9.9051 0 0 0 7.95533 -13.3763
12007.1824096 3015.9396382 9.9067 0 0 0 7.95631 -13.3751
12007.1824093 3015.9396383 9.9059 0 0 0 7.95589 -13.3758
12007.1824093 3015.9396386 9.9072 0 0 0 7.95688 -13.375
12007.1824090 3015.9396381 9.9063 0 0 0 7.95633 -13.3759
12007.1824090 3015.9396384 9.9053 0 0 0 7.95527 -13.3765
12007.1824088 3015.9396387 9.9047 0 0 0 7.95454 -13.3764
12007.1824092 3015.9396383 9.9083 0 0 0 7.95759 -13.3736
12007.1824090 3015.9396380 9.9059 0 0 0 7.95624 -13.3761
12007.1824091 3015.9396383 9.9093 0 0 0 7.95872 -13.374
12007.1824094 3015.9396377 9.9079 0 0 0 7.95809 -13.3757
12007.1824093 3015.9396384 9.9083 0 0 0 7.95814 -13.3756
12007.1824092 3015.9396391 9.9063 0 0 0 7.95641 -13.3769
12007.1824093 3015.9396391 9.9067 0 0 0 7.95637 -13.376
12007.1824091 3015.9396386 9.9085 0 0 0 7.95805 -13.3745
12007.1824089 3015.9396388 9.9062 0 0 0 7.95645 -13.3765
12007.1824100 3015.9396382 9.9090 0 0 0 7.95843 -13.3744
12007.1824093 3015.9396387 9.9057 0 0 0 7.95607 -13.3771
12007.1824101 3015.9396382 9.9057 0 0 0 7.95544 -13.3765
12007.1824106 3015.9396378 9.9084 0 0 0 7.95779 -13.3742
12007.1824100 3015.9396378 9.9071 0 0 0 7.95725 -13.3757
12007.1824106 3015.9396384 9.9065 0 0 0 7.95646 -13.3762
12007.1824103 3015.9396383 9.9064 0 0 0 7.9562 -13.376
12007.1824101 3015.9396381 9.9086 0 0 0 7.95812 -13.3744
12007.1824104 3015.9396377 9.9051 0 0 0 7.95552 -13.3772
12007.1824105 3015.9396381 9.9034 0 0 0 7.95334 -13.3777
12007.1824102 3015.9396377 9.9082 0 0 0 7.95719 -13.3734
12007.1824089 3015.9396380 9.9070 0 0 0 7.95718 -13.3751
12007.1824092 3015.9396376 9.9073 0 0 0 7.95723 -13.3755
12007.1824091 3015.9396374 9.9059 0 0 0 7.95596 -13.3765
12007.1824088 3015.9396377 9.9080 0 0 0 7.9575 -13.3748
12007.1824091 3015.9396376 9.9081 0 0 0 7.95801 -13.3751
12007.1824090 3015.9396372 9.9073 0 0 0 7.95734 -13.376
12007.1824094 3015.9396372 9.9069 0 0 0 7.95678 -13.3762
12007.1824091 3015.9396377 9.9047 0 0 0 7.95477 -13.3773
