12007.1824102 3015.9396374 9.9080 0 0 0 9.89261 -4.85616
12007.1824102 3015.9396371 9.9096 0 0 0 9.88051 -9.86501
12007.1824103 3015.9396369 9.9099 0 0 0 8.8969 -13.112
12007.1824099 3015.9396376 9.9092 0 0 0 8.13442 -13.9013
12007.1824108 3015.9396371 9.9064 0 0 0 7.91254 -13.6779
12007.1824100 3015.9396366 9.9096 0 0 0 7.91552 -13.4534
12007.1824104 3015.9396373 9.9075 0 0 0 7.94223 -13.3769
12007.1824101 3015.9396368 9.9071 0 0 0 7.95492 -13.3667
12007.1824102 3015.9396367 9.9084 0 0 0 7.95897 -13.3703
12007.1824098 3015.9396369 9.9071 0 0 0 7.95789 -13.375
12007.1824097 3015.9396365 9.9078 0 0 0 7.95776 -13.3756
12007.1824103 3015.9396367 9.9066 0 0 0 7.95663 -13.3765
12007.1824101 3015.9396365 9.9087 0 0 0 7.9582 -13.3747
12007.1824100 3015.9396364 9.9093 0 0 0 7.95915 -13.3747
12007.1824099 3015.9396363 9.9089 0 0 0 7.95892 -13.3756
12007.1824102 3015.9396367 9.9077 0 0 0 7.95774 -13.3765
12007.1824103 3015.9396367 9.9068 0 0 0 7.95668 -13.3767
12007.1824099 3015.9396364 9.9064 0 0 0 7.95618 -13.3763
12007.1824103 3015.9396364 9.9076 0 0 0 7.95721 -13.3751
12007.1824099 3015.9396365 9.9066 0 0 0 7.95662 -13.3759
12007.1824101 3015.9396362 9.9105 0 0 0 7.95984 -13.3734
12007.1824101 3015.9396365 9.9067 0 0 0 7.95726 -13.3769
12007.1824102 3015.9396363 9.9074 0 0 0 7.95709 -13.3761
12007.1824098 3015.9396364 9.9048 0 0 0 7.9549 -13.3774
12007.1824103 3015.9396361 9.9088 0 0 0 7.95795 -13.3739
12007.1824102 3015.9396359 9.9064 0 0 0 7.95669 -13.3761
12007.1824100 3015.9396361 9.9056 0 0 0 7.95555 -13.3766
12007.1824098 3015.9396361 9.9098 0 0 0 7.95901 -13.3734
12007.1824096 3015.9396357 9.9077 0 0 0 7.95802 -13.3758
12007.1824102 3015.9396357 9.9060 0 0 0 7.95611 -13.3771
12007.1824103 3015.9396357 9.9070 0 0 0 7.95657 -13.3757
12007.1824101 3015.9396358 9.9068 0 0 0 7.95663 -13.3756
12007.1824105 3015.9396356 9.9087 0 0 0 7.95831 -13.3744
12007.1824110 3015.9396358 9.9066 0 0 0 7.95684 -13.3764
12007.1824095 3015.9396360 9.9079 0 0 0 7.95754 -13.3754
12007.1824105 3015.9396356 9.9067 0 0 0 7.95672 -13.3762
12007.1824106 3015.9396352 9.9048 0 0 0 7.95485 -13.3772
12007.1824106 3015.9396360 9.9041 0 0 0 7.95387 -13.3768
12007.1824099 3015.9396357 9.9073 0 0 0 7.95659 -13.374
12007.1824097 3015.9396354 9.9034 0 0 0 7.95389 -13.3772
12007.1824097 3015.9396360 9.9059 0 0 0 7.95532 -13.375
12007.1824093 3015.9396348 9.9064 0 0 0 7.95621 -13.3748
12007.1824095 3015.9396361 9.9052 0 0 0 7.9553 -13.3761
12007.1824093 3015.9396351 9.9043 0 0 0 7.95424 -13.3766
12007.1824094 3015.9396353 9.9040 0 0 0 7.95379 -13.3762
12007.1824089 3015.9396356 9.9068 0 0 0 7.95621 -13.374
12007.1824091 3015.9396358 9.9077 0 0 0 7.95759 -13.3742
12007.1824104 3015.9396351 9.9027 0 0 0 7.95337 -13.3784
12007.1824103 3015.9396358 9.9065 0 0 0 7.95563 -13.3747
12007.1824098 3015.9396353 9.9049 0 0 0 7.95498 -13.3759
12007.1824105 3015.9396349 9.9063 0 0 0 7.95597 -13.375
12007.1824100 3015.9396349 9.9061 0 0 0 7.95604 -13.3754
12007.1824096 3015.9396355 9.9047 0 0 0 7.95477 -13.3765
12007.1824104 3015.9396352 9.9058 0 0 0 7.95543 -13.3754
12007.1824101 3015.9396355 9.9051 0 0 0 7.95504 -13.3759
12007.1824107 3015.9396362 9.9050 0 0 0 7.95485 -13.3759
12007.1824110 3015.9396357 9.9049 0 0 0 7.95474 -13.3758
12007.1824106 3015.9396356 9.9034 0 0 0 7.95342 -13.3767
12007.1824109 3015.9396354 9.9047 0 0 0 7.95428 -13.3753
12007.1824110 3015.9396355 9.9050 0 0 0 7.95482 -13.3752
12007.1824098 3015.9396367 9.9013 0 0 0 7.95168 -13.3778
12007.1824105 3015.9396362 9.9025 0 0 0 7.95199 -13.376
12007.1824092 3015.9396354 9.9012 0 0 0 7.95112 -13.3764
12007.1824103 3015.9396357 9.9000 0 0 0 7.94992 -13.3767
12007.1824087 3015.9396355 9.9046 0 0 0 7.95374 -13.3732
12007.1824099 3015.9396353 9.9086 0 0 0 7.95817 -13.3717
12007.1824077 3015.9396349 9.9107 0 0 0 7.96075 -13.3727
12007.1824083 3015.9396349 9.9098 0 0 0 7.96016 -13.3753
12007.1824076 3015.9396349 9.9061 0 0 0 7.95653 -13.3782
12007.1824085 3015.9396337 9.9126 0 0 0 7.96137 -13.3728
12007.1824059 3015.9396349 9.9116 0 0 0 7.9618 -13.3746
12007.1824075 3015.9396324 9.9120 0 0 0 7.96198 -13.3752
12007.1824074 3015.9396330 9.9107 0 0 0 7.96079 -13.3764
12007.1824084 3015.9396343 9.9085 0 0 0 7.95856 -13.3775
12007.1824071 3015.9396356 9.9113 0 0 0 7.96059 -13.3747
12007.1824095 3015.9396341 9.9081 0 0 0 7.95841 -13.377
12007.1824096 3015.9396353 9.9087 0 0 0 7.95836 -13.3761
12007.1824074 3015.9396350 9.9022 0 0 0 7.9528 -13.3798
12007.1824088 3015.9396359 9.9102 0 0 0 7.9586 -13.3725
12007.1824097 3015.9396383 9.9004 0 0 0 7.95171 -13.3799
12007.1824080 3015.9396376 9.9010 0 0 0 7.95042 -13.3777
12007.1824108 3015.9396366 9.9024 0 0 0 7.95175 -13.3752
12007.1824098 3015.9396355 9.9054 0 0 0 7.95486 -13.3733
12007.1824099 3015.9396379 9.8947 0 0 0 7.94617 -13.3814
12007.1824093 3015.9396349 9.9048 0 0 0 7.95284 -13.3723
12007.1824115 3015.9396354 9.8954 0 0 0 7.94664 -13.3793
12007.1824100 3015.9396377 9.8865 0 0 0 7.9372 -13.3836
12007.1824092 3015.9396390 9.8844 0 0 0 7.93362 -13.3804
12007.1824108 3015.9396390 9.8884 0 0 0 7.93706 -13.3744
12007.1824100 3015.9396405 9.8936 0 0 0 7.9428 -13.3711
12007.1824088 3015.9396373 9.8896 0 0 0 7.94045 -13.3762
12007.1824088 3015.9396385 9.8886 0 0 0 7.93864 -13.3771
12007.1824076 3015.9396407 9.8934 0 0 0 7.94248 -13.3732
12007.1824061 3015.9396422 9.8918 0 0 0 7.94206 -13.3753
12007.1824073 3015.9396406 9.8947 0 0 0 7.94428 -13.374
12007.1824061 3015.9396418 9.8949 0 0 0 7.94491 -13.3747
12007.1824068 3015.9396433 9.8991 0 0 0 7.94855 -13.3728
12007.1824055 3015.9396419 9.8989 0 0 0 7.9491 -13.3745
12007.1824044 3015.9396413 9.8963 0 0 0 7.94667 -13.3771
12007.1824036 3015.9396418 9.8951 0 0 0 7.94498 -13.3773
12007.1824035 3015.9396414 9.8939 0 0 0 7.9437 -13.377
12007.1824038 3015.9396431 9.8933 0 0 0 7.94304 -13.3765
12007.1824042 3015.9396432 9.8937 0 0 0 7.94338 -13.3757
12007.1824028 3015.9396431 9.8961 0 0 0 7.94562 -13.374
12007.1824015 3015.9396430 9.8983 0 0 0 7.94804 -13.3735
12007.1823997 3015.9396428 9.9015 0 0 0 7.95121 -13.3728
12007.1823982 3015.9396441 9.9045 0 0 0 7.95432 -13.3726
12007.1824017 3015.9396488 9.9246 0 0 0 7.97228 -13.3617
12007.1823994 3015.9396552 9.9471 0 0 0 7.99559 -13.3549
12007.1823996 3015.9396653 9.9724 0 0 0 8.02151 -13.3511
12007.1824013 3015.9396783 9.9912 0 0 0 8.04169 -13.3543
12007.1824025 3015.9396915 10.0028 0 0 0 8.05397 -13.361
12007.1824116 3015.9397057 10.0195 0 0 0 8.06926 -13.3605
12007.1824234 3015.9397211 10.0402 0 0 0 8.08933 -13.3569
12007.1824345 3015.9397412 10.0453 0 0 0 8.0968 -13.3652
12007.1824500 3015.9397640 10.0484 0 0 0 8.0994 -13.371
12007.1824657 3015.9397907 10.0384 0 0 0 8.09027 -13.3811
12007.1824773 3015.9398180 10.0279 0 0 0 8.07865 -13.3856
12007.1824872 3015.9398447 10.0284 0 0 0 8.07703 -13.3795
12007.1824974 3015.9398702 10.0236 0 0 0 8.07342 -13.3793
12007.1825051 3015.9398939 10.0171 0 0 0 8.0673 -13.3811
12007.1825111 3015.9399168 10.0153 0 0 0 8.06473 -13.379
12007.1825199 3015.9399398 10.0180 0 0 0 8.06703 -13.3749
12007.1825308 3015.9399622 10.0183 0 0 0 8.06811 -13.3747
12007.1825386 3015.9399848 10.0150 0 0 0 8.06539 -13.3774
12007.1825477 3015.9400107 10.0106 0 0 0 8.06086 -13.3794
12007.1825600 3015.9400354 10.0090 0 0 0 8.05862 -13.3783
12007.1825780 3015.9400603 10.0143 0 0 0 8.06311 -13.3731
12007.1825958 3015.9400851 10.0166 0 0 0 8.06635 -13.3726
12007.1826086 3015.9401126 10.0164 0 0 0 8.06665 -13.3746
12007.1826210 3015.9401344 10.0082 0 0 0 8.05928 -13.3808
12007.1826312 3015.9401554 10.0051 0 0 0 8.05485 -13.3803
12007.1826386 3015.9401763 10.0012 0 0 0 8.05095 -13.3798
12007.1826449 3015.9401960 9.9993 0 0 0 8.04886 -13.3783
12007.1826505 3015.9402144 9.9951 0 0 0 8.04511 -13.3791
12007.1826561 3015.9402342 10.0039 0 0 0 8.05221 -13.3714
12007.1826626 3015.9402521 10.0144 0 0 0 8.06326 -13.3664
12007.1826737 3015.9402729 10.0103 0 0 0 8.06172 -13.3743
12007.1826873 3015.9402961 10.0123 0 0 0 8.06227 -13.3749
12007.1827019 3015.9403187 10.0155 0 0 0 8.06505 -13.3734
12007.1827187 3015.9403424 10.0173 0 0 0 8.06717 -13.3735
12007.1827325 3015.9403631 10.0219 0 0 0 8.07144 -13.372
12007.1827385 3015.9403847 10.0270 0 0 0 8.07663 -13.3709
12007.1827466 3015.9404082 10.0263 0 0 0 8.07682 -13.3742
12007.1827586 3015.9404288 10.0246 0 0 0 8.07493 -13.3767
12007.1827651 3015.9404498 10.0268 0 0 0 8.0763 -13.3749
12007.1827696 3015.9404707 10.0198 0 0 0 8.07059 -13.3797
12007.1827758 3015.9404943 10.0257 0 0 0 8.07441 -13.3739
12007.1827817 3015.9405153 10.0267 0 0 0 8.0765 -13.3737
12007.1827903 3015.9405366 10.0226 0 0 0 8.07322 -13.3775
12007.1828012 3015.9405574 10.0287 0 0 0 8.07763 -13.3729
12007.1828091 3015.9405789 10.0236 0 0 0 8.07433 -13.3774
12007.1828203 3015.9406011 10.0209 0 0 0 8.07099 -13.3786
12007.1828312 3015.9406213 10.0175 0 0 0 8.06744 -13.379
12007.1828445 3015.9406393 10.0200 0 0 0 8.06911 -13.3753
12007.1828589 3015.9406611 10.0181 0 0 0 8.06814 -13.3763
12007.1828731 3015.9406822 10.0179 0 0 0 8.06772 -13.3761
12007.1828830 3015.9407026 10.0126 0 0 0 8.06306 -13.3792
12007.1828882 3015.9407206 10.0123 0 0 0 8.06181 -13.3775
12007.1828981 3015.9407418 10.0157 0 0 0 8.06484 -13.3739
12007.1829065 3015.9407586 10.0041 0 0 0 8.05555 -13.382
12007.1829133 3015.9407796 10.0061 0 0 0 8.05509 -13.3777
12007.1829224 3015.9407957 10.0037 0 0 0 8.05349 -13.3774
12007.1829287 3015.9408120 9.9981 0 0 0 8.04844 -13.3798
12007.1829335 3015.9408283 10.0000 0 0 0 8.04914 -13.3763
12007.1829354 3015.9408425 10.0009 0 0 0 8.05047 -13.3749
12007.1829378 3015.9408590 9.9993 0 0 0 8.04942 -13.3762
12007.1829444 3015.9408750 10.0028 0 0 0 8.05217 -13.3738
12007.1829508 3015.9408922 10.0078 0 0 0 8.05719 -13.3715
12007.1829624 3015.9409092 10.0190 0 0 0 8.0679 -13.3667
12007.1829763 3015.9409239 10.0266 0 0 0 8.0765 -13.367
12007.1829892 3015.9409391 10.0238 0 0 0 8.07512 -13.3744
12007.1829986 3015.9409545 10.0230 0 0 0 8.07331 -13.3766
12007.1830079 3015.9409687 10.0184 0 0 0 8.06877 -13.3793
12007.1830176 3015.9409860 10.0164 0 0 0 8.06611 -13.3786
12007.1830261 3015.9410039 10.0120 0 0 0 8.06202 -13.3794
12007.1830309 3015.9410234 10.0078 0 0 0 8.05773 -13.3798
12007.1830377 3015.9410452 10.0101 0 0 0 8.05914 -13.3757
12007.1830436 3015.9410654 10.0056 0 0 0 8.05591 -13.3781
12007.1830502 3015.9410835 9.9947 0 0 0 8.04569 -13.3838
12007.1830528 3015.9411015 9.9954 0 0 0 8.04427 -13.3789
12007.1830540 3015.9411198 9.9877 0 0 0 8.038 -13.3811
12007.1830551 3015.9411326 9.9793 0 0 0 8.02958 -13.3833
12007.1830569 3015.9411445 9.9539 0 0 0 8.00607 -13.3949
12007.1830551 3015.9411569 9.9393 0 0 0 7.98885 -13.3934
12007.1830559 3015.9411649 9.9246 0 0 0 7.97402 -13.3913
12007.1830548 3015.9411707 9.9132 0 0 0 7.96246 -13.3883
12007.1830554 3015.9411726 9.9143 0 0 0 7.96233 -13.3791
12007.1830550 3015.9411738 9.9144 0 0 0 7.96356 -13.3757
12007.1830548 3015.9411735 9.9102 0 0 0 7.96049 -13.3779
12007.1830556 3015.9411747 9.9168 0 0 0 7.96558 -13.3725
12007.1830570 3015.9411770 9.9092 0 0 0 7.96028 -13.3787
12007.1830575 3015.9411763 9.9101 0 0 0 7.9596 -13.377
12007.1830560 3015.9411751 9.9088 0 0 0 7.9586 -13.3767
12007.1830563 3015.9411743 9.9099 0 0 0 7.95947 -13.3753
12007.1830584 3015.9411757 9.9091 0 0 0 7.95906 -13.3759
12007.1830666 3015.9411796 9.9096 0 0 0 7.95937 -13.3755
12007.1830665 3015.9411791 9.9080 0 0 0 7.95807 -13.3766
12007.1830654 3015.9411804 9.9055 0 0 0 7.95558 -13.3777
12007.1830652 3015.9411805 9.9063 0 0 0 7.95581 -13.376
12007.1830651 3015.9411796 9.9023 0 0 0 7.95257 -13.3781
12007.1830634 3015.9411805 9.9044 0 0 0 7.95372 -13.3755
12007.1830652 3015.9411802 9.9032 0 0 0 7.95316 -13.376
12007.1830654 3015.9411815 9.9022 0 0 0 7.95214 -13.3765
12007.1830668 3015.9411811 9.9035 0 0 0 7.95309 -13.3752
12007.1830656 3015.9411812 9.9017 0 0 0 7.95181 -13.3765
12007.1830662 3015.9411817 9.9033 0 0 0 7.95287 -13.3751
12007.1830681 3015.9411819 9.9072 0 0 0 7.95659 -13.3728
12007.1830711 3015.9411812 9.9041 0 0 0 7.95465 -13.3763
12007.1830733 3015.9411787 9.9094 0 0 0 7.95858 -13.373
12007.1830759 3015.9411772 9.9164 0 0 0 7.96562 -13.3698
12007.1830763 3015.9411797 9.9120 0 0 0 7.96308 -13.376
12007.1830733 3015.9411817 9.9110 0 0 0 7.9611 -13.3772
12007.1830738 3015.9411825 9.9131 0 0 0 7.96252 -13.375
12007.1830737 3015.9411832 9.9039 0 0 0 7.95495 -13.381
12007.1830754 3015.9411805 9.9121 0 0 0 7.96037 -13.3731
12007.1830744 3015.9411808 9.9106 0 0 0 7.96076 -13.3747
12007.1830744 3015.9411801 9.9130 0 0 0 7.96271 -13.374
12007.1830755 3015.9411802 9.9085 0 0 0 7.95912 -13.3778
12007.1830761 3015.9411807 9.9017 0 0 0 7.95224 -13.3813
12007.1830764 3015.9411804 9.9011 0 0 0 7.9504 -13.3785
12007.1830762 3015.9411803 9.9060 0 0 0 7.95479 -13.3732
12007.1830762 3015.9411795 9.9036 0 0 0 7.95393 -13.3756
12007.1830763 3015.9411797 9.9056 0 0 0 7.95526 -13.3747
12007.1830764 3015.9411796 9.9058 0 0 0 7.95572 -13.3751
12007.1830760 3015.9411795 9.9044 0 0 0 7.95451 -13.3764
12007.1830757 3015.9411793 9.9111 0 0 0 7.96004 -13.3718
12007.1830753 3015.9411787 9.9129 0 0 0 7.9629 -13.3725
12007.1830748 3015.9411792 9.9072 0 0 0 7.95819 -13.3783
12007.1830747 3015.9411788 9.9107 0 0 0 7.95992 -13.3751
12007.1830752 3015.9411791 9.9083 0 0 0 7.95845 -13.3766
12007.1830747 3015.9411788 9.9090 0 0 0 7.95868 -13.3757
12007.1830753 3015.9411791 9.9065 0 0 0 7.95664 -13.3772
12007.1830746 3015.9411799 9.9081 0 0 0 7.95759 -13.3754
12007.1830749 3015.9411803 9.9067 0 0 0 7.95672 -13.3762
12007.1830738 3015.9411798 9.9097 0 0 0 7.95912 -13.3741
12007.1830737 3015.9411797 9.9080 0 0 0 7.95822 -13.3759
12007.1830736 3015.9411796 9.9101 0 0 0 7.9597 -13.3746
12007.1830734 3015.9411799 9.9128 0 0 0 7.9624 -13.3734
12007.1830736 3015.9411793 9.9120 0 0 0 7.96221 -13.3752
12007.1830739 3015.9411800 9.9096 0 0 0 7.95986 -13.3773
12007.1830735 3015.9411794 9.9121 0 0 0 7.96148 -13.3749
12007.1830736 3015.9411797 9.9099 0 0 0 7.96007 -13.3765
12007.1830738 3015.9411798 9.9092 0 0 0 7.95907 -13.3766
12007.1830738 3015.9411799 9.9093 0 0 0 7.95902 -13.376
12007.1830737 3015.9411799 9.9042 0 0 0 7.95464 -13.379
12007.1830741 3015.9411800 9.9057 0 0 0 7.95502 -13.3763
12007.1830750 3015.9411797 9.9049 0 0 0 7.95471 -13.3761
12007.1830743 3015.9411793 9.9037 0 0 0 7.95365 -13.3765
12007.1830747 3015.9411794 9.9010 0 0 0 7.95109 -13.3778
12007.1830750 3015.9411790 9.9002 0 0 0 7.94991 -13.3771
12007.1830753 3015.9411790 9.9022 0 0 0 7.9516 -13.3748
12007.1830753 3015.9411797 9.8987 0 0 0 7.94905 -13.3773
12007.1830756 3015.9411796 9.8988 0 0 0 7.94849 -13.3765
12007.1830756 3015.9411794 9.9019 0 0 0 7.95123 -13.3739
12007.1830753 3015.9411793 9.8989 0 0 0 7.94929 -13.3766
12007.1830750 3015.9411797 9.8991 0 0 0 7.94887 -13.3762
12007.1830751 3015.9411798 9.9024 0 0 0 7.95175 -13.3737
12007.1830753 3015.9411801 9.8982 0 0 0 7.94877 -13.3773
12007.1830742 3015.9411795 9.9003 0 0 0 7.94976 -13.3754
12007.1830746 3015.9411804 9.8993 0 0 0 7.94926 -13.376
12007.1830746 3015.9411799 9.8966 0 0 0 7.94677 -13.3776
12007.1830738 3015.9411803 9.8971 0 0 0 7.94668 -13.3762
12007.1830744 3015.9411800 9.8988 0 0 0 7.94833 -13.3746
12007.1830743 3015.9411797 9.8966 0 0 0 7.94682 -13.3765
12007.1830746 3015.9411799 9.8980 0 0 0 7.94761 -13.3753
12007.1830741 3015.9411797 9.8974 0 0 0 7.94734 -13.3758
12007.1830742 3015.9411790 9.8971 0 0 0 7.94699 -13.376
12007.1830741 3015.9411796 9.8998 0 0 0 7.94927 -13.3741
12007.1830749 3015.9411789 9.8985 0 0 0 7.94867 -13.3757
12007.1830740 3015.9411789 9.9011 0 0 0 7.95066 -13.3742
12007.1830741 3015.9411789 9.9031 0 0 0 7.95284 -13.3737
12007.1830743 3015.9411782 9.9011 0 0 0 7.95144 -13.3762
12007.1830749 3015.9411791 9.9023 0 0 0 7.952 -13.3754
12007.1830743 3015.9411788 9.9009 0 0 0 7.95094 -13.3764
12007.1830743 3015.9411792 9.8984 0 0 0 7.9485 -13.3776
12007.1830741 3015.9411797 9.9033 0 0 0 7.95231 -13.3734
12007.1830723 3015.9411808 9.9041 0 0 0 7.95403 -13.3738
12007.1830721 3015.9411809 9.9002 0 0 0 7.95079 -13.3775
12007.1830737 3015.9411807 9.9025 0 0 0 7.95191 -13.3753
12007.1830736 3015.9411812 9.9016 0 0 0 7.95155 -13.3758
12007.1830725 3015.9411814 9.9049 0 0 0 7.95432 -13.3737
12007.1830733 3015.9411808 9.9097 0 0 0 7.95914 -13.3716
12007.1830730 3015.9411808 9.9066 0 0 0 7.95731 -13.3759
12007.1830729 3015.9411806 9.9041 0 0 0 7.95434 -13.3779
12007.1830731 3015.9411799 9.9015 0 0 0 7.95145 -13.3784
12007.1830732 3015.9411805 9.8972 0 0 0 7.94726 -13.3795
12007.1830731 3015.9411801 9.8983 0 0 0 7.94755 -13.3765
12007.1830737 3015.9411802 9.9011 0 0 0 7.95042 -13.3738
12007.1830720 3015.9411801 9.9032 0 0 0 7.95295 -13.3733
12007.1830753 3015.9411821 9.8958 0 0 0 7.94688 -13.3795
12007.1830745 3015.9411823 9.8848 0 0 0 7.93572 -13.3849
12007.1830771 3015.9411820 9.8904 0 0 0 7.9385 -13.3761
12007.1830757 3015.9411831 9.8850 0 0 0 7.93526 -13.3782
12007.1830760 3015.9411839 9.8820 0 0 0 7.93197 -13.3787
12007.1830760 3015.9411840 9.8844 0 0 0 7.93357 -13.3753
12007.1830757 3015.9411837 9.8846 0 0 0 7.93438 -13.375
12007.1830752 3015.9411831 9.8853 0 0 0 7.93514 -13.3749
12007.1830754 3015.9411826 9.8888 0 0 0 7.9383 -13.3732
12007.1830749 3015.9411835 9.8889 0 0 0 7.93901 -13.3745
12007.1830748 3015.9411840 9.8873 0 0 0 7.93754 -13.3764
12007.1830754 3015.9411834 9.8851 0 0 0 7.93518 -13.3776
12007.1830751 3015.9411833 9.8867 0 0 0 7.93613 -13.3755
12007.1830752 3015.9411828 9.8887 0 0 0 7.93826 -13.3741
12007.1830739 3015.9411835 9.8924 0 0 0 7.94195 -13.3725
12007.1830752 3015.9411833 9.8911 0 0 0 7.94147 -13.3752
12007.1830753 3015.9411835 9.8903 0 0 0 7.94038 -13.3763
12007.1830747 3015.9411839 9.8929 0 0 0 7.94236 -13.3744
12007.1830743 3015.9411824 9.8965 0 0 0 7.946 -13.3727
12007.1830747 3015.9411827 9.8947 0 0 0 7.94512 -13.3755
12007.1830750 3015.9411830 9.8928 0 0 0 7.94298 -13.3772
12007.1830748 3015.9411834 9.8951 0 0 0 7.94451 -13.375
12007.1830742 3015.9411819 9.8958 0 0 0 7.94559 -13.3747
12007.1830748 3015.9411823 9.8940 0 0 0 7.9442 -13.3764
12007.1830747 3015.9411826 9.8915 0 0 0 7.94162 -13.3778
12007.1830740 3015.9411827 9.8940 0 0 0 7.9433 -13.375
12007.1830748 3015.9411831 9.8922 0 0 0 7.94229 -13.3762
12007.1830751 3015.9411827 9.8917 0 0 0 7.94157 -13.3763
