12007.1830674 3015.9411721 9.8915 0 0 0 9.87614 -4.8644
12007.1830678 3015.9411723 9.8920 0 0 0 9.86287 -9.86625
12007.1830677 3015.9411728 9.8912 0 0 0 8.87818 -13.1131
12007.1830678 3015.9411731 9.8898 0 0 0 8.11496 -13.9021
12007.1830675 3015.9411728 9.8925 0 0 0 7.89783 -13.6746
12007.1830678 3015.9411726 9.8914 0 0 0 7.89818 -13.4545
12007.1830679 3015.9411732 9.8912 0 0 0 7.92566 -13.3766
12007.1830679 3015.9411727 9.8904 0 0 0 7.93828 -13.3667
12007.1830673 3015.9411741 9.8890 0 0 0 7.93992 -13.3721
12007.1830683 3015.9411742 9.8876 0 0 0 7.93822 -13.3759
12007.1830691 3015.9411736 9.8884 0 0 0 7.93821 -13.3758
12007.1830671 3015.9411734 9.8869 0 0 0 7.93693 -13.3766
12007.1830686 3015.9411739 9.8846 0 0 0 7.93464 -13.3776
12007.1830686 3015.9411740 9.8862 0 0 0 7.93562 -13.3755
12007.1830690 3015.9411731 9.8867 0 0 0 7.93646 -13.375
12007.1830688 3015.9411727 9.8847 0 0 0 7.93488 -13.3766
12007.1830694 3015.9411719 9.8858 0 0 0 7.93543 -13.3755
12007.1830694 3015.9411713 9.8863 0 0 0 7.93608 -13.3752
12007.1830711 3015.9411705 9.8834 0 0 0 7.93367 -13.3773
12007.1830716 3015.9411705 9.8850 0 0 0 7.93449 -13.3755
12007.1830713 3015.9411700 9.8871 0 0 0 7.93666 -13.374
12007.1830713 3015.9411702 9.8857 0 0 0 7.9359 -13.3758
12007.1830703 3015.9411703 9.8875 0 0 0 7.93715 -13.3748
12007.1830699 3015.9411707 9.8917 0 0 0 7.9411 -13.3725
12007.1830691 3015.9411710 9.9053 0 0 0 7.95376 -13.3656
12007.1830680 3015.9411704 9.9034 0 0 0 7.9546 -13.3723
12007.1830669 3015.9411703 9.8999 0 0 0 7.95079 -13.3776
12007.1830645 3015.9411673 9.8932 0 0 0 7.94379 -13.3813
12007.1830659 3015.9411708 9.8908 0 0 0 7.94033 -13.3797
12007.1830679 3015.9411739 9.8957 0 0 0 7.94437 -13.3738
12007.1830693 3015.9411763 9.8970 0 0 0 7.94677 -13.3734
12007.1830672 3015.9411755 9.8994 0 0 0 7.94922 -13.3733
12007.1830659 3015.9411712 9.9030 0 0 0 7.95269 -13.3725
12007.1830661 3015.9411702 9.9080 0 0 0 7.9576 -13.3712
12007.1830656 3015.9411702 9.9120 0 0 0 7.96187 -13.3713
12007.1830618 3015.9411681 9.9099 0 0 0 7.96057 -13.3755
12007.1830613 3015.9411669 9.9097 0 0 0 7.9597 -13.3762
12007.1830608 3015.9411643 9.9155 0 0 0 7.96456 -13.3723
12007.1830592 3015.9411623 9.9220 0 0 0 7.97135 -13.3698
12007.1830573 3015.9411594 9.9268 0 0 0 7.97673 -13.3702
12007.1830569 3015.9411546 9.9338 0 0 0 7.98347 -13.3693
12007.1830586 3015.9411472 9.9432 0 0 0 7.99265 -13.3672
12007.1830602 3015.9411379 9.9595 0 0 0 8.0083 -13.3619
12007.1830544 3015.9411250 9.9764 0 0 0 8.02571 -13.3592
12007.1830442 3015.9411110 9.9869 0 0 0 8.03744 -13.3627
12007.1830362 3015.9410941 9.9980 0 0 0 8.04818 -13.3643
12007.1830302 3015.9410734 10.0164 0 0 0 8.06539 -13.36
12007.1830206 3015.9410534 10.0298 0 0 0 8.07983 -13.3609
12007.1830102 3015.9410301 10.0421 0 0 0 8.09228 -13.3626
12007.1830011 3015.9410061 10.0442 0 0 0 8.09549 -13.3698
12007.1829908 3015.9409836 10.0447 0 0 0 8.09541 -13.3742
12007.1829774 3015.9409618 10.0493 0 0 0 8.09887 -13.3727
12007.1829625 3015.9409411 10.0398 0 0 0 8.0912 -13.3805
12007.1829481 3015.9409205 10.0336 0 0 0 8.08382 -13.3824
12007.1829389 3015.9409010 10.0272 0 0 0 8.07706 -13.3824
12007.1829335 3015.9408781 10.0198 0 0 0 8.06973 -13.3828
12007.1829272 3015.9408560 10.0152 0 0 0 8.06473 -13.3812
12007.1829184 3015.9408337 10.0023 0 0 0 8.05304 -13.3857
12007.1829106 3015.9408070 9.9948 0 0 0 8.04444 -13.3847
12007.1829065 3015.9407830 10.0009 0 0 0 8.0488 -13.3749
12007.1828970 3015.9407599 9.9903 0 0 0 8.04135 -13.3809
12007.1828876 3015.9407349 9.9918 0 0 0 8.04094 -13.3774
12007.1828784 3015.9407117 9.9846 0 0 0 8.03506 -13.3804
12007.1828686 3015.9406897 9.9865 0 0 0 8.03558 -13.3766
12007.1828580 3015.9406685 9.9836 0 0 0 8.03361 -13.3774
12007.1828492 3015.9406483 9.9931 0 0 0 8.04155 -13.3703
12007.1828406 3015.9406316 9.9945 0 0 0 8.04468 -13.3719
12007.1828297 3015.9406134 9.9915 0 0 0 8.04225 -13.3765
12007.1828196 3015.9405923 10.0024 0 0 0 8.05088 -13.3696
12007.1828095 3015.9405684 10.0142 0 0 0 8.06315 -13.365
12007.1828000 3015.9405427 9.9961 0 0 0 8.04949 -13.3828
12007.1827898 3015.9405154 9.9951 0 0 0 8.04462 -13.3812
12007.1827822 3015.9404887 9.9990 0 0 0 8.04761 -13.3749
12007.1827696 3015.9404617 9.9939 0 0 0 8.04433 -13.3779
12007.1827585 3015.9404364 9.9880 0 0 0 8.03839 -13.3806
12007.1827513 3015.9404138 9.9870 0 0 0 8.03642 -13.3784
12007.1827448 3015.9403940 9.9877 0 0 0 8.03705 -13.3759
12007.1827371 3015.9403772 9.9855 0 0 0 8.03553 -13.3769
12007.1827277 3015.9403609 9.9819 0 0 0 8.03208 -13.3785
12007.1827152 3015.9403495 9.9808 0 0 0 8.03047 -13.3776
12007.1827047 3015.9403331 9.9794 0 0 0 8.02916 -13.3771
12007.1826922 3015.9403173 9.9825 0 0 0 8.03176 -13.3742
12007.1826816 3015.9402991 9.9941 0 0 0 8.04259 -13.3673
12007.1826734 3015.9402825 10.0038 0 0 0 8.0533 -13.3656
12007.1826642 3015.9402597 9.9997 0 0 0 8.05131 -13.3744
12007.1826575 3015.9402392 9.9993 0 0 0 8.04958 -13.3766
12007.1826525 3015.9402172 10.0099 0 0 0 8.05834 -13.3695
12007.1826418 3015.9401936 10.0140 0 0 0 8.06393 -13.3699
12007.1826299 3015.9401662 10.0142 0 0 0 8.06477 -13.3735
12007.1826196 3015.9401348 10.0341 0 0 0 8.08178 -13.3626
12007.1826072 3015.9400995 10.0473 0 0 0 8.09685 -13.3611
12007.1825925 3015.9400724 10.0390 0 0 0 8.09172 -13.3755
12007.1825782 3015.9400467 10.0311 0 0 0 8.08234 -13.3825
12007.1825666 3015.9400217 10.0277 0 0 0 8.07729 -13.3812
12007.1825521 3015.9400018 10.0080 0 0 0 8.05962 -13.3901
12007.1825365 3015.9399789 10.0013 0 0 0 8.05039 -13.3863
12007.1825256 3015.9399578 10.0106 0 0 0 8.05782 -13.3731
12007.1825127 3015.9399322 10.0233 0 0 0 8.07153 -13.3649
12007.1824989 3015.9399065 10.0293 0 0 0 8.07955 -13.3669
12007.1824882 3015.9398814 10.0278 0 0 0 8.079 -13.3737
12007.1824758 3015.9398541 10.0331 0 0 0 8.08269 -13.3724
12007.1824623 3015.9398262 10.0360 0 0 0 8.08586 -13.3725
12007.1824529 3015.9397984 10.0451 0 0 0 8.0942 -13.3687
12007.1824426 3015.9397710 10.0505 0 0 0 8.10045 -13.3692
12007.1824318 3015.9397466 10.0590 0 0 0 8.1086 -13.368
12007.1824207 3015.9397229 10.0442 0 0 0 8.09688 -13.3822
12007.1824109 3015.9397005 10.0431 0 0 0 8.09262 -13.3805
12007.1824023 3015.9396779 10.0485 0 0 0 8.097 -13.3738
12007.1823934 3015.9396557 10.0575 0 0 0 8.10628 -13.3684
12007.1823875 3015.9396363 10.0585 0 0 0 8.10902 -13.3717
12007.1823809 3015.9396190 10.0505 0 0 0 8.10196 -13.3798
12007.1823726 3015.9395988 10.0559 0 0 0 8.10474 -13.3747
12007.1823645 3015.9395773 10.0571 0 0 0 8.10679 -13.3739
12007.1823551 3015.9395546 10.0593 0 0 0 8.10907 -13.3735
12007.1823470 3015.9395347 10.0589 0 0 0 8.10906 -13.3751
12007.1823403 3015.9395104 10.0641 0 0 0 8.1134 -13.3723
12007.1823291 3015.9394907 10.0598 0 0 0 8.11055 -13.3769
12007.1823168 3015.9394725 10.0609 0 0 0 8.11057 -13.376
12007.1823045 3015.9394544 10.0564 0 0 0 8.10676 -13.3785
12007.1822931 3015.9394345 10.0560 0 0 0 8.1056 -13.3773
12007.1822824 3015.9394150 10.0580 0 0 0 8.10736 -13.3748
12007.1822726 3015.9393947 10.0552 0 0 0 8.10545 -13.3768
12007.1822650 3015.9393759 10.0570 0 0 0 8.10652 -13.3752
12007.1822540 3015.9393573 10.0566 0 0 0 8.10652 -13.3755
12007.1822454 3015.9393397 10.0534 0 0 0 8.10368 -13.3777
12007.1822393 3015.9393235 10.0576 0 0 0 8.10671 -13.374
12007.1822361 3015.9393065 10.0492 0 0 0 8.10024 -13.38
12007.1822314 3015.9392898 10.0402 0 0 0 8.0908 -13.3837
12007.1822280 3015.9392705 10.0387 0 0 0 8.08781 -13.38
12007.1822206 3015.9392504 10.0308 0 0 0 8.08101 -13.3818
12007.1822148 3015.9392318 10.0300 0 0 0 8.07922 -13.3786
12007.1822051 3015.9392131 10.0216 0 0 0 8.07206 -13.3817
12007.1821989 3015.9391969 10.0095 0 0 0 8.0602 -13.386
12007.1821919 3015.9391853 10.0059 0 0 0 8.055 -13.3822
12007.1821865 3015.9391739 9.9913 0 0 0 8.04208 -13.3869
12007.1821803 3015.9391650 9.9780 0 0 0 8.02823 -13.3888
12007.1821793 3015.9391580 9.9618 0 0 0 8.01209 -13.391
12007.1821775 3015.9391509 9.9557 0 0 0 8.00443 -13.3854
12007.1821741 3015.9391465 9.9499 0 0 0 7.99911 -13.3822
12007.1821739 3015.9391428 9.9533 0 0 0 8.00181 -13.3754
12007.1821743 3015.9391401 9.9516 0 0 0 8.00153 -13.3758
12007.1821768 3015.9391372 9.9511 0 0 0 8.001 -13.3761
12007.1821766 3015.9391357 9.9546 0 0 0 8.00396 -13.3736
12007.1821759 3015.9391340 9.9484 0 0 0 7.99924 -13.3786
12007.1821769 3015.9391353 9.9511 0 0 0 8.00036 -13.3756
12007.1821781 3015.9391342 9.9495 0 0 0 7.99948 -13.3763
12007.1821783 3015.9391350 9.9526 0 0 0 8.00199 -13.374
12007.1821777 3015.9391338 9.9456 0 0 0 7.99649 -13.3792
12007.1821797 3015.9391342 9.9442 0 0 0 7.99391 -13.3785
12007.1821811 3015.9391339 9.9455 0 0 0 7.9948 -13.3758
12007.1821814 3015.9391343 9.9415 0 0 0 7.99178 -13.3779
12007.1821807 3015.9391342 9.9440 0 0 0 7.9933 -13.3752
12007.1821810 3015.9391326 9.9463 0 0 0 7.99585 -13.3737
12007.1821812 3015.9391319 9.9453 0 0 0 7.99549 -13.3754
12007.1821810 3015.9391318 9.9437 0 0 0 7.99383 -13.3768
12007.1821833 3015.9391278 9.9470 0 0 0 7.99632 -13.3742
12007.1821817 3015.9391228 9.9540 0 0 0 8.00308 -13.3703
12007.1821804 3015.9391250 9.9475 0 0 0 7.99876 -13.3774
12007.1821792 3015.9391242 9.9571 0 0 0 8.00569 -13.3711
12007.1821818 3015.9391253 9.9454 0 0 0 7.99716 -13.3807
12007.1821833 3015.9391250 9.9446 0 0 0 7.99416 -13.3792
12007.1821838 3015.9391252 9.9501 0 0 0 7.99876 -13.3732
12007.1821825 3015.9391270 9.9457 0 0 0 7.99627 -13.3768
12007.1821821 3015.9391260 9.9412 0 0 0 7.99156 -13.3794
12007.1821824 3015.9391246 9.9397 0 0 0 7.98933 -13.3783
12007.1821829 3015.9391260 9.9456 0 0 0 7.99433 -13.3727
12007.1821815 3015.9391252 9.9420 0 0 0 7.99254 -13.3762
12007.1821815 3015.9391247 9.9448 0 0 0 7.99432 -13.3745
12007.1821813 3015.9391248 9.9460 0 0 0 7.9958 -13.3743
12007.1821812 3015.9391244 9.9464 0 0 0 7.99637 -13.3749
12007.1821819 3015.9391245 9.9474 0 0 0 7.99724 -13.3748
12007.1821816 3015.9391227 9.9458 0 0 0 7.99596 -13.3764
12007.1821807 3015.9391227 9.9517 0 0 0 8.00075 -13.3723
12007.1821792 3015.9391216 9.9535 0 0 0 8.00344 -13.3728
12007.1821790 3015.9391210 9.9554 0 0 0 8.00538 -13.3735
12007.1821784 3015.9391209 9.9522 0 0 0 8.00275 -13.377
12007.1821805 3015.9391207 9.9487 0 0 0 7.99891 -13.3788
12007.1821805 3015.9391206 9.9524 0 0 0 8.00142 -13.3747
12007.1821804 3015.9391198 9.9474 0 0 0 7.99791 -13.378
12007.1821799 3015.9391211 9.9483 0 0 0 7.99782 -13.3763
12007.1821803 3015.9391200 9.9466 0 0 0 7.99654 -13.3768
12007.1821810 3015.9391209 9.9451 0 0 0 7.99501 -13.3771
12007.1821818 3015.9391204 9.9459 0 0 0 7.99547 -13.3757
12007.1821820 3015.9391204 9.9443 0 0 0 7.99431 -13.3765
12007.1821823 3015.9391207 9.9441 0 0 0 7.99389 -13.3762
12007.1821820 3015.9391203 9.9416 0 0 0 7.99169 -13.3774
12007.1821816 3015.9391209 9.9428 0 0 0 7.9923 -13.3757
12007.1821811 3015.9391201 9.9439 0 0 0 7.99356 -13.3748
12007.1821823 3015.9391201 9.9454 0 0 0 7.99515 -13.3743
12007.1821814 3015.9391210 9.9452 0 0 0 7.99524 -13.3752
12007.1821819 3015.9391209 9.9478 0 0 0 7.9974 -13.374
12007.1821820 3015.9391198 9.9446 0 0 0 7.99504 -13.3769
12007.1821822 3015.9391196 9.9441 0 0 0 7.99393 -13.3768
12007.1821815 3015.9391198 9.9431 0 0 0 7.99293 -13.3767
12007.1821832 3015.9391195 9.9474 0 0 0 7.99657 -13.3733
12007.1821830 3015.9391197 9.9421 0 0 0 7.99284 -13.3778
12007.1821830 3015.9391191 9.9428 0 0 0 7.99241 -13.3765
12007.1821829 3015.9391189 9.9446 0 0 0 7.99408 -13.3747
12007.1821837 3015.9391185 9.9458 0 0 0 7.99558 -13.3743
12007.1821833 3015.9391190 9.9431 0 0 0 7.99346 -13.3769
12007.1821836 3015.9391187 9.9435 0 0 0 7.99321 -13.3762
12007.1821841 3015.9391188 9.9416 0 0 0 7.99161 -13.377
12007.1821840 3015.9391190 9.9425 0 0 0 7.99209 -13.3757
12007.1821841 3015.9391185 9.9428 0 0 0 7.99258 -13.3753
12007.1821843 3015.9391180 9.9423 0 0 0 7.99225 -13.3758
12007.1821849 3015.9391174 9.9448 0 0 0 7.99433 -13.3742
12007.1821855 3015.9391172 9.9443 0 0 0 7.99436 -13.3752
12007.1821853 3015.9391172 9.9405 0 0 0 7.99091 -13.3781
12007.1821863 3015.9391168 9.9433 0 0 0 7.99256 -13.3751
12007.1821854 3015.9391167 9.9432 0 0 0 7.99306 -13.3752
12007.1821857 3015.9391167 9.9444 0 0 0 7.99416 -13.3747
12007.1821859 3015.9391165 9.9396 0 0 0 7.99017 -13.3783
12007.1821857 3015.9391158 9.9425 0 0 0 7.99173 -13.3752
12007.1821860 3015.9391159 9.9422 0 0 0 7.99206 -13.3753
12007.1821862 3015.9391155 9.9415 0 0 0 7.99149 -13.376
12007.1821868 3015.9391160 9.9376 0 0 0 7.98792 -13.3784
12007.1821875 3015.9391156 9.9381 0 0 0 7.9876 -13.3766
12007.1821874 3015.9391156 9.9382 0 0 0 7.98787 -13.3757
12007.1821879 3015.9391152 9.9364 0 0 0 7.98645 -13.3767
12007.1821884 3015.9391138 9.9365 0 0 0 7.98623 -13.3761
12007.1821893 3015.9391133 9.9373 0 0 0 7.98698 -13.3752
12007.1821896 3015.9391124 9.9361 0 0 0 7.98613 -13.3762
12007.1821902 3015.9391115 9.9352 0 0 0 7.98512 -13.3765
12007.1821904 3015.9391113 9.9336 0 0 0 7.98355 -13.3771
12007.1821919 3015.9391109 9.9341 0 0 0 7.98372 -13.3759
12007.1821927 3015.9391095 9.9301 0 0 0 7.9804 -13.3782
12007.1821946 3015.9391081 9.9281 0 0 0 7.97794 -13.3781
12007.1821967 3015.9391057 9.9254 0 0 0 7.97528 -13.3783
12007.1821989 3015.9391009 9.9176 0 0 0 7.96811 -13.3816
12007.1822035 3015.9390943 9.9045 0 0 0 7.95534 -13.3866
12007.1822109 3015.9390817 9.8766 0 0 0 7.92873 -13.3981
12007.1822169 3015.9390629 9.8397 0 0 0 7.89168 -13.4088
12007.1822293 3015.9390262 9.7228 0 0 0 7.78358 -13.4637
12007.1822246 3015.9390199 9.7608 0 0 0 7.796 -13.3901
12007.1822251 3015.9390216 9.7578 0 0 0 7.80433 -13.3734
12007.1822259 3015.9390216 9.7557 0 0 0 7.80568 -13.3741
12007.1822263 3015.9390214 9.7557 0 0 0 7.80577 -13.3752
12007.1822265 3015.9390208 9.7590 0 0 0 7.80852 -13.3735
12007.1822259 3015.9390204 9.7554 0 0 0 7.80594 -13.377
12007.1822265 3015.9390201 9.7581 0 0 0 7.80753 -13.3749
12007.1822251 3015.9390203 9.7558 0 0 0 7.80599 -13.3766
12007.1822261 3015.9390207 9.7549 0 0 0 7.80479 -13.3768
12007.1822265 3015.9390210 9.7567 0 0 0 7.80618 -13.3749
12007.1822273 3015.9390207 9.7522 0 0 0 7.80267 -13.3781
12007.1822268 3015.9390203 9.7579 0 0 0 7.8068 -13.3733
12007.1822276 3015.9390218 9.7584 0 0 0 7.80837 -13.3739
12007.1822266 3015.9390213 9.7554 0 0 0 7.80587 -13.377
12007.1822272 3015.9390221 9.7550 0 0 0 7.80481 -13.3768
12007.1822270 3015.9390214 9.7569 0 0 0 7.80636 -13.3748
12007.1822272 3015.9390211 9.7571 0 0 0 7.80698 -13.375
12007.1822275 3015.9390218 9.7585 0 0 0 7.80826 -13.3745
12007.1822277 3015.9390213 9.7581 0 0 0 7.80813 -13.3755
12007.1822273 3015.9390209 9.7588 0 0 0 7.80861 -13.3753
12007.1822277 3015.9390206 9.7606 0 0 0 7.81027 -13.3743
12007.1822276 3015.9390207 9.7623 0 0 0 7.81208 -13.374
12007.1822280 3015.9390206 9.7608 0 0 0 7.81105 -13.376
12007.1822282 3015.9390214 9.7613 0 0 0 7.8111 -13.3757
12007.1822267 3015.9390208 9.7600 0 0 0 7.81 -13.3765
12007.1822279 3015.9390206 9.7602 0 0 0 7.80994 -13.3759
12007.1822276 3015.9390201 9.7585 0 0 0 7.80852 -13.3768
12007.1822278 3015.9390209 9.7599 0 0 0 7.80945 -13.3753
12007.1822280 3015.9390205 9.7581 0 0 0 7.80819 -13.3765
12007.1822279 3015.9390213 9.7559 0 0 0 7.80596 -13.3775
12007.1822277 3015.9390210 9.7587 0 0 0 7.80798 -13.3747
12007.1822276 3015.9390202 9.7572 0 0 0 7.80729 -13.3759
12007.1822284 3015.9390213 9.7608 0 0 0 7.81019 -13.3736
12007.1822290 3015.9390207 9.7546 0 0 0 7.80544 -13.3786
12007.1822288 3015.9390207 9.7596 0 0 0 7.80857 -13.3742
12007.1822283 3015.9390205 9.7579 0 0 0 7.80805 -13.3756
12007.1822287 3015.9390203 9.7591 0 0 0 7.80884 -13.3751
12007.1822289 3015.9390214 9.7616 0 0 0 7.81119 -13.3738
12007.1822280 3015.9390209 9.7587 0 0 0 7.80913 -13.3767
12007.1822289 3015.9390211 9.7607 0 0 0 7.81024 -13.3751
12007.1822289 3015.9390205 9.7611 0 0 0 7.81093 -13.375
12007.1822287 3015.9390198 9.7614 0 0 0 7.81129 -13.3752
12007.1822284 3015.9390209 9.7632 0 0 0 7.81288 -13.3744
12007.1822290 3015.9390221 9.7611 0 0 0 7.81136 -13.3764
12007.1822279 3015.9390218 9.7619 0 0 0 7.8116 -13.3757
12007.1822297 3015.9390212 9.7581 0 0 0 7.80841 -13.378
12007.1822295 3015.9390219 9.7605 0 0 0 7.8098 -13.3753
12007.1822290 3015.9390212 9.7625 0 0 0 7.81208 -13.3739
12007.1822295 3015.9390217 9.7603 0 0 0 7.81062 -13.3763
12007.1822283 3015.9390213 9.7617 0 0 0 7.81136 -13.3753
12007.1822297 3015.9390213 9.7611 0 0 0 7.81105 -13.3758
12007.1822296 3015.9390216 9.7606 0 0 0 7.81051 -13.3761
12007.1822277 3015.9390208 9.7629 0 0 0 7.81241 -13.3744
12007.1822290 3015.9390207 9.7625 0 0 0 7.81252 -13.3752
12007.1822288 3015.9390205 9.7621 0 0 0 7.81208 -13.3759
12007.1822295 3015.9390205 9.7568 0 0 0 7.80731 -13.3792
12007.1822283 3015.9390204 9.7608 0 0 0 7.80977 -13.3748
12007.1822288 3015.9390203 9.7599 0 0 0 7.80986 -13.3754
12007.1822289 3015.9390201 9.7631 0 0 0 7.81259 -13.3736
12007.1822289 3015.9390212 9.7569 0 0 0 7.80776 -13.3787
12007.1822287 3015.9390203 9.7609 0 0 0 7.80999 -13.3748
12007.1822288 3015.9390210 9.7573 0 0 0 7.80762 -13.3772
12007.1822295 3015.9390206 9.7612 0 0 0 7.81042 -13.374
12007.1822292 3015.9390208 9.7623 0 0 0 7.81214 -13.374
12007.1822297 3015.9390200 9.7598 0 0 0 7.81018 -13.3766
12007.1822293 3015.9390210 9.7602 0 0 0 7.80994 -13.3761
12007.1822303 3015.9390206 9.7601 0 0 0 7.80989 -13.3758
