12007.1822318 3015.9390211 9.7611 0 0 0 9.74594 -4.92946
12007.1822309 3015.9390198 9.7653 0 0 0 9.73576 -9.86391
12007.1822319 3015.9390198 9.7630 0 0 0 8.75033 -13.1131
12007.1822316 3015.9390205 9.7591 0 0 0 7.98463 -13.9039
12007.1822310 3015.9390202 9.7594 0 0 0 7.76485 -13.6771
12007.1822309 3015.9390198 9.7604 0 0 0 7.76662 -13.4541
12007.1822310 3015.9390200 9.7587 0 0 0 7.79333 -13.3771
12007.1822314 3015.9390196 9.7595 0 0 0 7.80714 -13.3659
12007.1822307 3015.9390207 9.7600 0 0 0 7.81074 -13.3704
12007.1822322 3015.9390196 9.7579 0 0 0 7.8088 -13.3757
12007.1822315 3015.9390198 9.7620 0 0 0 7.81146 -13.3737
12007.1822320 3015.9390200 9.7589 0 0 0 7.80934 -13.3767
12007.1822319 3015.9390194 9.7599 0 0 0 7.80957 -13.3758
12007.1822318 3015.9390206 9.7535 0 0 0 7.80413 -13.3797
12007.1822319 3015.9390204 9.7571 0 0 0 7.80608 -13.3753
12007.1822320 3015.9390207 9.7570 0 0 0 7.8068 -13.375
12007.1822309 3015.9390200 9.7608 0 0 0 7.81024 -13.373
12007.1822317 3015.9390201 9.7597 0 0 0 7.80998 -13.3751
12007.1822328 3015.9390202 9.7585 0 0 0 7.80862 -13.3765
12007.1822325 3015.9390192 9.7621 0 0 0 7.81142 -13.3738
12007.1822325 3015.9390187 9.7641 0 0 0 7.81386 -13.3734
12007.1822318 3015.9390193 9.7612 0 0 0 7.8117 -13.3766
12007.1822318 3015.9390199 9.7590 0 0 0 7.80909 -13.3778
12007.1822328 3015.9390195 9.7596 0 0 0 7.80913 -13.3762
12007.1822325 3015.9390198 9.7633 0 0 0 7.81257 -13.3733
12007.1822328 3015.9390199 9.7593 0 0 0 7.80989 -13.377
12007.1822316 3015.9390193 9.7629 0 0 0 7.81222 -13.3743
12007.1822322 3015.9390197 9.7627 0 0 0 7.81268 -13.375
12007.1822325 3015.9390195 9.7596 0 0 0 7.80995 -13.3775
12007.1822321 3015.9390195 9.7617 0 0 0 7.81112 -13.3753
12007.1822322 3015.9390192 9.7618 0 0 0 7.81163 -13.3752
12007.1822321 3015.9390190 9.7616 0 0 0 7.81153 -13.3756
12007.1822319 3015.9390192 9.7637 0 0 0 7.8133 -13.3744
12007.1822323 3015.9390191 9.7595 0 0 0 7.81002 -13.3777
12007.1822325 3015.9390193 9.7621 0 0 0 7.81144 -13.3752
12007.1822316 3015.9390194 9.7611 0 0 0 7.81108 -13.3758
12007.1822312 3015.9390205 9.7626 0 0 0 7.81226 -13.3748
12007.1822311 3015.9390207 9.7635 0 0 0 7.81332 -13.3747
12007.1822318 3015.9390210 9.7593 0 0 0 7.80981 -13.378
12007.1822326 3015.9390202 9.7598 0 0 0 7.80938 -13.3766
12007.1822317 3015.9390203 9.7653 0 0 0 7.8143 -13.3723
12007.1822315 3015.9390206 9.7615 0 0 0 7.81215 -13.3763
12007.1822330 3015.9390215 9.7628 0 0 0 7.8125 -13.3756
12007.1822326 3015.9390218 9.7605 0 0 0 7.81063 -13.377
12007.1822334 3015.9390211 9.7638 0 0 0 7.81309 -13.3742
12007.1822320 3015.9390210 9.7598 0 0 0 7.81027 -13.3774
12007.1822328 3015.9390205 9.7612 0 0 0 7.81074 -13.3758
12007.1822318 3015.9390207 9.7605 0 0 0 7.81039 -13.376
12007.1822318 3015.9390217 9.7590 0 0 0 7.80901 -13.3768
12007.1822327 3015.9390205 9.7620 0 0 0 7.81135 -13.3742
12007.1822318 3015.9390198 9.7617 0 0 0 7.81171 -13.375
12007.1822335 3015.9390212 9.7561 0 0 0 7.80676 -13.3791
12007.1822321 3015.9390202 9.7644 0 0 0 7.81286 -13.3721
12007.1822322 3015.9390216 9.7572 0 0 0 7.80824 -13.3781
12007.1822323 3015.9390219 9.7541 0 0 0 7.80419 -13.3793
12007.1822318 3015.9390210 9.7548 0 0 0 7.80413 -13.3767
12007.1822327 3015.9390204 9.7575 0 0 0 7.80681 -13.374
12007.1822313 3015.9390198 9.7560 0 0 0 7.80619 -13.3757
12007.1822315 3015.9390198 9.7594 0 0 0 7.80886 -13.3737
12007.1822328 3015.9390213 9.7541 0 0 0 7.80482 -13.3781
12007.1822341 3015.9390219 9.7574 0 0 0 7.80663 -13.375
12007.1822331 3015.9390207 9.7576 0 0 0 7.80743 -13.3749
12007.1822330 3015.9390207 9.7670 0 0 0 7.81575 -13.3694
12007.1822331 3015.9390217 9.7520 0 0 0 7.80442 -13.3823
12007.1822330 3015.9390212 9.7545 0 0 0 7.80352 -13.3781
12007.1822310 3015.9390201 9.7622 0 0 0 7.81065 -13.3711
12007.1822337 3015.9390167 9.7589 0 0 0 7.80957 -13.3752
12007.1822382 3015.9390142 9.7629 0 0 0 7.8124 -13.3735
12007.1822410 3015.9390122 9.7533 0 0 0 7.80461 -13.3808
12007.1822392 3015.9390102 9.7556 0 0 0 7.80469 -13.377
12007.1822375 3015.9390129 9.7626 0 0 0 7.8113 -13.3712
12007.1822119 3015.9390328 9.8351 0 0 0 7.87615 -13.327
12007.1821886 3015.9390403 9.9013 0 0 0 7.94781 -13.3101
12007.1821666 3015.9390869 9.9374 0 0 0 7.99057 -13.3268
12007.1821639 3015.9391168 9.9509 0 0 0 8.00567 -13.3515
12007.1821705 3015.9391221 9.9558 0 0 0 8.00872 -13.367
12007.1821753 3015.9391216 9.9538 0 0 0 8.0054 -13.3758
12007.1821821 3015.9391212 9.9565 0 0 0 8.00621 -13.3751
12007.1821820 3015.9391272 9.9543 0 0 0 8.00448 -13.3768
12007.1821746 3015.9391351 9.9508 0 0 0 8.001 -13.3785
12007.1821744 3015.9391309 9.9530 0 0 0 8.00225 -13.3755
12007.1821770 3015.9391267 9.9499 0 0 0 8.00009 -13.3772
12007.1821767 3015.9391250 9.9497 0 0 0 7.99942 -13.3766
12007.1821794 3015.9391218 9.9496 0 0 0 7.99933 -13.376
12007.1821777 3015.9391218 9.9529 0 0 0 8.00228 -13.3736
12007.1821768 3015.9391226 9.9498 0 0 0 8.00025 -13.3766
12007.1821776 3015.9391205 9.9512 0 0 0 8.00083 -13.3755
12007.1821775 3015.9391218 9.9482 0 0 0 7.99843 -13.3774
12007.1821788 3015.9391253 9.9517 0 0 0 8.00093 -13.3743
12007.1821795 3015.9391292 9.9541 0 0 0 8.00374 -13.3732
12007.1821792 3015.9391314 9.9528 0 0 0 8.0031 -13.3755
12007.1821785 3015.9391341 9.9524 0 0 0 8.00238 -13.3761
12007.1821830 3015.9391319 9.9504 0 0 0 8.00046 -13.3772
12007.1821875 3015.9391342 9.9532 0 0 0 8.00252 -13.3746
12007.1821857 3015.9391371 9.9506 0 0 0 8.00085 -13.3766
12007.1821830 3015.9391348 9.9504 0 0 0 8.00021 -13.3764
12007.1821812 3015.9391313 9.9423 0 0 0 7.99308 -13.3811
12007.1821813 3015.9391299 9.9417 0 0 0 7.99106 -13.3786
12007.1821816 3015.9391301 9.9444 0 0 0 7.99347 -13.3747
12007.1821807 3015.9391285 9.9411 0 0 0 7.9914 -13.3769
12007.1821815 3015.9391278 9.9404 0 0 0 7.99024 -13.3769
12007.1821806 3015.9391256 9.9406 0 0 0 7.99027 -13.376
12007.1821822 3015.9391254 9.9381 0 0 0 7.98821 -13.3773
12007.1821815 3015.9391224 9.9425 0 0 0 7.99162 -13.3736
12007.1821819 3015.9391211 9.9422 0 0 0 7.99226 -13.3746
12007.1821812 3015.9391188 9.9430 0 0 0 7.9929 -13.3749
12007.1821822 3015.9391205 9.9361 0 0 0 7.98693 -13.3798
12007.1821813 3015.9391241 9.9394 0 0 0 7.98842 -13.3757
12007.1821811 3015.9391260 9.9391 0 0 0 7.98888 -13.3753
12007.1821802 3015.9391274 9.9375 0 0 0 7.98759 -13.3765
12007.1821810 3015.9391250 9.9381 0 0 0 7.98779 -13.3757
12007.1821823 3015.9391232 9.9361 0 0 0 7.98617 -13.3769
12007.1821818 3015.9391235 9.9355 0 0 0 7.9853 -13.3766
12007.1821824 3015.9391251 9.9356 0 0 0 7.98531 -13.3759
12007.1821822 3015.9391260 9.9368 0 0 0 7.98645 -13.3749
12007.1821817 3015.9391250 9.9323 0 0 0 7.98279 -13.3781
12007.1821825 3015.9391281 9.9295 0 0 0 7.97947 -13.3788
12007.1821834 3015.9391344 9.9241 0 0 0 7.97426 -13.3803
12007.1821819 3015.9391338 9.9235 0 0 0 7.97287 -13.3779
12007.1821797 3015.9391300 9.9352 0 0 0 7.98321 -13.3687
12007.1821803 3015.9391337 9.9347 0 0 0 7.98527 -13.3723
12007.1821780 3015.9391353 9.9489 0 0 0 7.99746 -13.3658
12007.1821786 3015.9391367 9.9473 0 0 0 7.99844 -13.3723
12007.1821799 3015.9391374 9.9390 0 0 0 7.9905 -13.3806
12007.1821813 3015.9391387 9.9335 0 0 0 7.98363 -13.382
12007.1821821 3015.9391389 9.9345 0 0 0 7.98345 -13.3775
12007.1821809 3015.9391390 9.9319 0 0 0 7.98173 -13.3774
12007.1821816 3015.9391386 9.9301 0 0 0 7.97995 -13.3774
12007.1821827 3015.9391378 9.9313 0 0 0 7.98077 -13.3755
12007.1821817 3015.9391381 9.9340 0 0 0 7.98347 -13.3737
12007.1821806 3015.9391382 9.9383 0 0 0 7.98781 -13.372
12007.1821808 3015.9391398 9.9335 0 0 0 7.98439 -13.3772
12007.1821809 3015.9391404 9.9380 0 0 0 7.98722 -13.374
12007.1821815 3015.9391404 9.9326 0 0 0 7.98327 -13.3781
12007.1821813 3015.9391407 9.9355 0 0 0 7.98477 -13.3752
12007.1821820 3015.9391407 9.9333 0 0 0 7.98341 -13.3765
12007.1821811 3015.9391401 9.9368 0 0 0 7.98613 -13.3739
12007.1821817 3015.9391403 9.9386 0 0 0 7.98838 -13.3735
12007.1821812 3015.9391397 9.9338 0 0 0 7.98452 -13.3779
12007.1821802 3015.9391399 9.9362 0 0 0 7.98557 -13.3755
12007.1821801 3015.9391396 9.9372 0 0 0 7.98688 -13.3747
12007.1821802 3015.9391409 9.9340 0 0 0 7.98436 -13.3772
12007.1821796 3015.9391407 9.9371 0 0 0 7.98642 -13.3746
12007.1821787 3015.9391402 9.9354 0 0 0 7.98554 -13.376
12007.1821799 3015.9391405 9.9350 0 0 0 7.98489 -13.3762
12007.1821803 3015.9391410 9.9334 0 0 0 7.98339 -13.3769
12007.1821799 3015.9391404 9.9354 0 0 0 7.98485 -13.3749
12007.1821797 3015.9391407 9.9368 0 0 0 7.98652 -13.3743
12007.1821803 3015.9391405 9.9366 0 0 0 7.98664 -13.3752
12007.1821800 3015.9391404 9.9387 0 0 0 7.98837 -13.3743
12007.1821802 3015.9391399 9.9380 0 0 0 7.98809 -13.3755
12007.1821798 3015.9391405 9.9378 0 0 0 7.98773 -13.3759
12007.1821796 3015.9391400 9.9388 0 0 0 7.9885 -13.3752
12007.1821799 3015.9391391 9.9401 0 0 0 7.98983 -13.3746
12007.1821800 3015.9391396 9.9357 0 0 0 7.98624 -13.378
12007.1821809 3015.9391382 9.9309 0 0 0 7.98115 -13.38
12007.1821806 3015.9391390 9.9313 0 0 0 7.9806 -13.3772
12007.1821802 3015.9391389 9.9292 0 0 0 7.97905 -13.3772
12007.1821807 3015.9391395 9.9288 0 0 0 7.9785 -13.3765
12007.1821810 3015.9391398 9.9308 0 0 0 7.98027 -13.3746
12007.1821806 3015.9391399 9.9250 0 0 0 7.97568 -13.3787
12007.1821815 3015.9391403 9.9270 0 0 0 7.97631 -13.376
12007.1821805 3015.9391409 9.9269 0 0 0 7.97665 -13.3755
12007.1821816 3015.9391409 9.9293 0 0 0 7.97885 -13.374
12007.1821816 3015.9391403 9.9318 0 0 0 7.9815 -13.3733
12007.1821827 3015.9391409 9.9339 0 0 0 7.98377 -13.3734
12007.1821820 3015.9391406 9.9310 0 0 0 7.98151 -13.3767
12007.1821819 3015.9391398 9.9342 0 0 0 7.98359 -13.3744
12007.1821825 3015.9391397 9.9325 0 0 0 7.98267 -13.376
12007.1821818 3015.9391404 9.9304 0 0 0 7.98051 -13.3773
12007.1821816 3015.9391402 9.9313 0 0 0 7.98086 -13.3759
12007.1821818 3015.9391405 9.9324 0 0 0 7.98205 -13.3748
12007.1821819 3015.9391408 9.9334 0 0 0 7.9832 -13.3746
12007.1821822 3015.9391404 9.9342 0 0 0 7.98408 -13.3747
12007.1821827 3015.9391401 9.9337 0 0 0 7.98373 -13.3757
12007.1821824 3015.9391416 9.9312 0 0 0 7.98139 -13.3774
12007.1821828 3015.9391415 9.9359 0 0 0 7.98498 -13.3735
12007.1821832 3015.9391417 9.9399 0 0 0 7.98942 -13.3718
12007.1821893 3015.9391460 9.9461 0 0 0 7.99561 -13.3701
12007.1821982 3015.9391520 9.9628 0 0 0 8.01119 -13.3628
12007.1822025 3015.9391603 9.9834 0 0 0 8.03208 -13.3569
12007.1822091 3015.9391754 9.9981 0 0 0 8.04832 -13.3588
12007.1822169 3015.9391950 10.0081 0 0 0 8.05888 -13.3634
12007.1822242 3015.9392127 10.0256 0 0 0 8.0749 -13.3607
12007.1822252 3015.9392224 10.0426 0 0 0 8.09213 -13.359
12007.1822222 3015.9392271 10.0603 0 0 0 8.10997 -13.3581
12007.1822265 3015.9392379 10.0836 0 0 0 8.13269 -13.3543
12007.1822403 3015.9392569 10.0941 0 0 0 8.14523 -13.3608
12007.1822512 3015.9392725 10.1040 0 0 0 8.15465 -13.3648
12007.1822533 3015.9392882 10.1222 0 0 0 8.17122 -13.3606
12007.1822601 3015.9393071 10.1276 0 0 0 8.17857 -13.3663
12007.1822711 3015.9393286 10.1229 0 0 0 8.17469 -13.376
12007.1822814 3015.9393476 10.1254 0 0 0 8.17514 -13.3754
12007.1822954 3015.9393679 10.1215 0 0 0 8.17186 -13.378
12007.1823068 3015.9393916 10.1130 0 0 0 8.1637 -13.3823
12007.1823182 3015.9394147 10.0920 0 0 0 8.14379 -13.392
12007.1823299 3015.9394352 10.0608 0 0 0 8.11279 -13.4028
12007.1823389 3015.9394562 10.0586 0 0 0 8.10555 -13.3882
12007.1823448 3015.9394779 10.0527 0 0 0 8.10134 -13.3821
12007.1823539 3015.9394994 10.0480 0 0 0 8.09747 -13.3802
12007.1823596 3015.9395183 10.0475 0 0 0 8.09679 -13.3774
12007.1823700 3015.9395345 10.0337 0 0 0 8.08502 -13.3848
12007.1823776 3015.9395493 10.0226 0 0 0 8.07289 -13.387
12007.1823847 3015.9395639 10.0143 0 0 0 8.06382 -13.3853
12007.1823938 3015.9395814 10.0185 0 0 0 8.06654 -13.3763
12007.1824035 3015.9395998 10.0249 0 0 0 8.07363 -13.3706
12007.1824098 3015.9396161 10.0263 0 0 0 8.07647 -13.3722
12007.1824120 3015.9396329 10.0185 0 0 0 8.06982 -13.3796
12007.1824190 3015.9396508 10.0171 0 0 0 8.06681 -13.3789
12007.1824293 3015.9396715 10.0110 0 0 0 8.06119 -13.3807
12007.1824377 3015.9396901 10.0218 0 0 0 8.06968 -13.3708
12007.1824437 3015.9397070 10.0194 0 0 0 8.06993 -13.3742
12007.1824464 3015.9397223 10.0161 0 0 0 8.06664 -13.3777
12007.1824537 3015.9397355 10.0133 0 0 0 8.06334 -13.3786
12007.1824599 3015.9397515 10.0058 0 0 0 8.05625 -13.3817
12007.1824670 3015.9397665 10.0102 0 0 0 8.05881 -13.3754
12007.1824749 3015.9397826 10.0138 0 0 0 8.06307 -13.3725
12007.1824843 3015.9397995 10.0240 0 0 0 8.07288 -13.3676
12007.1824964 3015.9398174 10.0305 0 0 0 8.08042 -13.368
12007.1825049 3015.9398406 10.0301 0 0 0 8.08099 -13.3732
12007.1825139 3015.9398581 10.0285 0 0 0 8.079 -13.3765
12007.1825220 3015.9398738 10.0231 0 0 0 8.07362 -13.3798
12007.1825277 3015.9398907 10.0145 0 0 0 8.065 -13.3831
12007.1825309 3015.9399053 10.0076 0 0 0 8.05747 -13.3832
12007.1825335 3015.9399200 10.0037 0 0 0 8.05309 -13.3809
12007.1825356 3015.9399366 10.0072 0 0 0 8.05588 -13.375
12007.1825412 3015.9399525 10.0058 0 0 0 8.05576 -13.3756
12007.1825477 3015.9399712 10.0075 0 0 0 8.05716 -13.3746
12007.1825553 3015.9399881 10.0025 0 0 0 8.05309 -13.3784
12007.1825622 3015.9400055 10.0050 0 0 0 8.05428 -13.3755
12007.1825741 3015.9400252 10.0119 0 0 0 8.06082 -13.3708
12007.1825880 3015.9400451 10.0183 0 0 0 8.06783 -13.3692
12007.1826071 3015.9400651 10.0266 0 0 0 8.07617 -13.3678
12007.1826234 3015.9400859 10.0130 0 0 0 8.06554 -13.3814
12007.1826338 3015.9401033 10.0247 0 0 0 8.07268 -13.372
12007.1826441 3015.9401227 10.0281 0 0 0 8.07775 -13.371
12007.1826502 3015.9401346 10.0312 0 0 0 8.08123 -13.3719
12007.1826536 3015.9401388 10.0306 0 0 0 8.08103 -13.3748
12007.1826507 3015.9401404 10.0334 0 0 0 8.08308 -13.3739
12007.1826549 3015.9401425 10.0278 0 0 0 8.07856 -13.3785
12007.1826633 3015.9401490 10.0318 0 0 0 8.08089 -13.3747
12007.1826676 3015.9401572 10.0302 0 0 0 8.08028 -13.3759
12007.1826688 3015.9401624 10.0242 0 0 0 8.07482 -13.3797
12007.1826652 3015.9401705 10.0216 0 0 0 8.07136 -13.3793
12007.1826639 3015.9401740 10.0195 0 0 0 8.06915 -13.3783
12007.1826645 3015.9401817 10.0194 0 0 0 8.06891 -13.3765
12007.1826665 3015.9401922 10.0197 0 0 0 8.06936 -13.3756
12007.1826697 3015.9402049 10.0225 0 0 0 8.07198 -13.3737
12007.1826731 3015.9402209 10.0177 0 0 0 8.06836 -13.3778
12007.1826737 3015.9402351 10.0202 0 0 0 8.06956 -13.3754
12007.1826765 3015.9402517 10.0251 0 0 0 8.0743 -13.3721
12007.1826836 3015.9402712 10.0307 0 0 0 8.08021 -13.3704
12007.1826915 3015.9402930 10.0325 0 0 0 8.08275 -13.3724
12007.1827063 3015.9403166 10.0326 0 0 0 8.0829 -13.3747
12007.1827181 3015.9403409 10.0327 0 0 0 8.08272 -13.3755
12007.1827352 3015.9403649 10.0373 0 0 0 8.0866 -13.3728
12007.1827516 3015.9403924 10.0406 0 0 0 8.09033 -13.3722
12007.1827647 3015.9404155 10.0400 0 0 0 8.09036 -13.3747
12007.1827753 3015.9404359 10.0315 0 0 0 8.08262 -13.3811
12007.1827825 3015.9404546 10.0262 0 0 0 8.0762 -13.3818
12007.1827851 3015.9404736 10.0230 0 0 0 8.07249 -13.38
12007.1827899 3015.9404898 10.0187 0 0 0 8.0685 -13.3798
12007.1827951 3015.9405062 10.0241 0 0 0 8.07274 -13.3737
12007.1828009 3015.9405214 10.0236 0 0 0 8.07361 -13.3745
12007.1828054 3015.9405378 10.0260 0 0 0 8.07572 -13.3738
12007.1828086 3015.9405527 10.0260 0 0 0 8.07607 -13.3749
12007.1828176 3015.9405717 10.0253 0 0 0 8.07536 -13.376
12007.1828287 3015.9405893 10.0289 0 0 0 8.07828 -13.3736
12007.1828441 3015.9406081 10.0320 0 0 0 8.08166 -13.3726
12007.1828569 3015.9406274 10.0337 0 0 0 8.08369 -13.3734
12007.1828658 3015.9406428 10.0304 0 0 0 8.08098 -13.377
12007.1828725 3015.9406572 10.0292 0 0 0 8.07912 -13.3774
12007.1828795 3015.9406682 10.0302 0 0 0 8.07971 -13.3757
12007.1828833 3015.9406839 10.0226 0 0 0 8.07337 -13.3803
12007.1828899 3015.9406989 10.0165 0 0 0 8.06665 -13.3818
12007.1828947 3015.9407166 10.0155 0 0 0 8.06473 -13.3787
12007.1828980 3015.9407331 10.0112 0 0 0 8.06113 -13.3791
12007.1828983 3015.9407528 10.0102 0 0 0 8.05975 -13.3776
12007.1828997 3015.9407714 10.0104 0 0 0 8.05994 -13.376
12007.1829014 3015.9407886 10.0107 0 0 0 8.06042 -13.3754
12007.1829029 3015.9408090 10.0172 0 0 0 8.06624 -13.3713
12007.1829080 3015.9408267 10.0106 0 0 0 8.06174 -13.3778
12007.1829156 3015.9408427 10.0056 0 0 0 8.05598 -13.3805
12007.1829269 3015.9408556 10.0025 0 0 0 8.0522 -13.3797
12007.1829400 3015.9408681 10.0082 0 0 0 8.05679 -13.3734
12007.1829520 3015.9408794 10.0136 0 0 0 8.06289 -13.3706
12007.1829656 3015.9408912 10.0120 0 0 0 8.06263 -13.3745
12007.1829740 3015.9409013 10.0168 0 0 0 8.06629 -13.3727
12007.1829783 3015.9409104 10.0159 0 0 0 8.0662 -13.3749
12007.1829835 3015.9409211 10.0204 0 0 0 8.06983 -13.3728
12007.1829895 3015.9409362 10.0175 0 0 0 8.06803 -13.3762
12007.1829941 3015.9409521 10.0156 0 0 0 8.06571 -13.3775
12007.1829966 3015.9409664 10.0119 0 0 0 8.06202 -13.3789
12007.1829992 3015.9409820 10.0117 0 0 0 8.0612 -13.3771
12007.1830039 3015.9409972 10.0168 0 0 0 8.06577 -13.3727
12007.1830081 3015.9410118 10.0194 0 0 0 8.06918 -13.3724
12007.1830122 3015.9410263 10.0176 0 0 0 8.06809 -13.3756
12007.1830154 3015.9410404 10.0218 0 0 0 8.07121 -13.3734
12007.1830178 3015.9410545 10.0183 0 0 0 8.06883 -13.3768
12007.1830302 3015.9410697 10.0121 0 0 0 8.06268 -13.3805
12007.1830379 3015.9410827 10.0098 0 0 0 8.05942 -13.3793
12007.1830460 3015.9410941 10.0148 0 0 0 8.06352 -13.3737
12007.1830504 3015.9411052 10.0133 0 0 0 8.06345 -13.3752
12007.1830509 3015.9411147 10.0038 0 0 0 8.05496 -13.3818
12007.1830492 3015.9411266 9.9946 0 0 0 8.04501 -13.3846
12007.1830485 3015.9411369 9.9919 0 0 0 8.04103 -13.381
12007.1830501 3015.9411446 9.9811 0 0 0 8.03156 -13.384
12007.1830497 3015.9411520 9.9700 0 0 0 8.02028 -13.3862
12007.1830534 3015.9411583 9.9617 0 0 0 8.01132 -13.385
12007.1830549 3015.9411640 9.9394 0 0 0 7.99087 -13.3932
12007.1830527 3015.9411690 9.9219 0 0 0 7.97196 -13.3942
12007.1830502 3015.9411753 9.9127 0 0 0 7.96139 -13.3884
12007.1830504 3015.9411786 9.9023 0 0 0 7.95171 -13.3862
12007.1830496 3015.9411822 9.8984 0 0 0 7.94736 -13.3817
12007.1830488 3015.9411827 9.8984 0 0 0 7.94737 -13.3773
12007.1830523 3015.9411841 9.9005 0 0 0 7.94977 -13.3743
12007.1830579 3015.9411866 9.9007 0 0 0 7.95062 -13.3747
12007.1830619 3015.9411860 9.8976 0 0 0 7.94798 -13.3773
12007.1830605 3015.9411863 9.9004 0 0 0 7.94975 -13.3748
12007.1830615 3015.9411861 9.9023 0 0 0 7.95195 -13.3738
12007.1830600 3015.9411859 9.9065 0 0 0 7.95602 -13.3722
12007.1830586 3015.9411854 9.9091 0 0 0 7.95902 -13.3725
12007.1830591 3015.9411855 9.9077 0 0 0 7.95813 -13.3755
12007.1830597 3015.9411859 9.9088 0 0 0 7.95861 -13.3753
12007.1830611 3015.9411861 9.9061 0 0 0 7.95634 -13.3772
12007.1830614 3015.9411857 9.9053 0 0 0 7.9551 -13.377
12007.1830619 3015.9411858 9.9055 0 0 0 7.95515 -13.376
12007.1830620 3015.9411851 9.9021 0 0 0 7.95232 -13.3778
12007.1830620 3015.9411845 9.9053 0 0 0 7.95451 -13.3746
12007.1830626 3015.9411866 9.8970 0 0 0 7.94796 -13.3802
12007.1830622 3015.9411858 9.9009 0 0 0 7.94982 -13.3755
12007.1830616 3015.9411864 9.8996 0 0 0 7.94952 -13.3758
12007.1830612 3015.9411858 9.9008 0 0 0 7.95048 -13.375
12007.1830622 3015.9411858 9.9012 0 0 0 7.95106 -13.3751
12007.1830630 3015.9411855 9.9019 0 0 0 7.95174 -13.375
12007.1830628 3015.9411849 9.9037 0 0 0 7.9534 -13.3743
12007.1830655 3015.9411837 9.9019 0 0 0 7.95214 -13.3762
12007.1830686 3015.9411836 9.9021 0 0 0 7.9519 -13.376
12007.1830667 3015.9411845 9.9120 0 0 0 7.96054 -13.3694
12007.1830648 3015.9411850 9.9129 0 0 0 7.96326 -13.372
12007.1830668 3015.9411851 9.9102 0 0 0 7.96092 -13.3764
12007.1830692 3015.9411836 9.9078 0 0 0 7.95797 -13.378
12007.1830690 3015.9411834 9.9142 0 0 0 7.96298 -13.3726
12007.1830684 3015.9411832 9.9117 0 0 0 7.96212 -13.3755
12007.1830677 3015.9411833 9.9088 0 0 0 7.95911 -13.3778
12007.1830684 3015.9411840 9.9047 0 0 0 7.95486 -13.3794
12007.1830707 3015.9411841 9.9040 0 0 0 7.95351 -13.3776
12007.1830699 3015.9411843 9.9059 0 0 0 7.95521 -13.3749
12007.1830689 3015.9411845 9.9048 0 0 0 7.95481 -13.3758
12007.1830669 3015.9411844 9.9063 0 0 0 7.95597 -13.3748
12007.1830668 3015.9411861 9.9021 0 0 0 7.95257 -13.3779
12007.1830654 3015.9411858 9.9070 0 0 0 7.95602 -13.3737
12007.1830661 3015.9411864 9.9060 0 0 0 7.95612 -13.3751
12007.1830660 3015.9411873 9.9024 0 0 0 7.95282 -13.3779
12007.1830648 3015.9411871 9.8997 0 0 0 7.94968 -13.3786
12007.1830658 3015.9411852 9.9033 0 0 0 7.95234 -13.3745
12007.1830673 3015.9411855 9.9044 0 0 0 7.95416 -13.374
12007.1830661 3015.9411864 9.8965 0 0 0 7.94755 -13.3801
12007.1830692 3015.9411868 9.8920 0 0 0 7.94202 -13.3809
12007.1830683 3015.9411869 9.8929 0 0 0 7.94199 -13.3771
12007.1830688 3015.9411862 9.8951 0 0 0 7.94439 -13.3743
12007.1830680 3015.9411860 9.8980 0 0 0 7.94759 -13.373
12007.1830672 3015.9411860 9.8990 0 0 0 7.94903 -13.3739
12007.1830677 3015.9411863 9.8990 0 0 0 7.9491 -13.3751
12007.1830671 3015.9411868 9.8974 0 0 0 7.94755 -13.3767
12007.1830673 3015.9411870 9.8999 0 0 0 7.94934 -13.3746
12007.1830673 3015.9411863 9.8972 0 0 0 7.94747 -13.3768
12007.1830668 3015.9411866 9.8957 0 0 0 7.94566 -13.3773
12007.1830670 3015.9411864 9.8981 0 0 0 7.94745 -13.3748
12007.1830672 3015.9411871 9.8981 0 0 0 7.948 -13.375
12007.1830664 3015.9411865 9.8967 0 0 0 7.94682 -13.3764
12007.1830668 3015.9411879 9.8989 0 0 0 7.94841 -13.3747
12007.1830674 3015.9411877 9.9020 0 0 0 7.95154 -13.3731
12007.1830679 3015.9411874 9.9005 0 0 0 7.95083 -13.3755
12007.1830677 3015.9411873 9.9006 0 0 0 7.95052 -13.3759
12007.1830678 3015.9411875 9.9027 0 0 0 7.95227 -13.3744
12007.1830677 3015.9411880 9.8987 0 0 0 7.94918 -13.3776
12007.1830676 3015.9411879 9.8992 0 0 0 7.94882 -13.3764
12007.1830670 3015.9411877 9.9013 0 0 0 7.95075 -13.3745
12007.1830674 3015.9411870 9.9001 0 0 0 7.95021 -13.3757
12007.1830676 3015.9411863 9.8966 0 0 0 7.94692 -13.3781
12007.1830671 3015.9411869 9.9007 0 0 0 7.94978 -13.3742
12007.1830682 3015.9411863 9.8977 0 0 0 7.94802 -13.3766
12007.1830679 3015.9411863 9.8977 0 0 0 7.94749 -13.3763
12007.1830676 3015.9411864 9.8967 0 0 0 7.94659 -13.3765
12007.1830675 3015.9411850 9.8998 0 0 0 7.94915 -13.374
12007.1830688 3015.9411856 9.8969 0 0 0 7.94727 -13.3766
12007.1830674 3015.9411861 9.8970 0 0 0 7.94678 -13.3763
12007.1830685 3015.9411864 9.8952 0 0 0 7.94519 -13.377
12007.1830688 3015.9411867 9.8959 0 0 0 7.94551 -13.3758
12007.1830678 3015.9411863 9.8983 0 0 0 7.9478 -13.374
12007.1830689 3015.9411872 9.8982 0 0 0 7.94823 -13.3749
12007.1830679 3015.9411866 9.8987 0 0 0 7.9486 -13.3752
12007.1830679 3015.9411866 9.8972 0 0 0 7.94731 -13.3765
12007.1830675 3015.9411866 9.9006 0 0 0 7.94995 -13.374
12007.1830677 3015.9411866 9.8988 0 0 0 7.94903 -13.3759
12007.1830676 3015.9411868 9.9002 0 0 0 7.94989 -13.3751
12007.1830676 3015.9411859 9.8963 0 0 0 7.9467 -13.3779
12007.1830679 3015.9411858 9.9002 0 0 0 7.94935 -13.3743
12007.1830677 3015.9411862 9.8970 0 0 0 7.94734 -13.3768
12007.1830669 3015.9411856 9.8985 0 0 0 7.94808 -13.3754
12007.1830672 3015.9411857 9.8966 0 0 0 7.94669 -13.3766
12007.1830670 3015.9411860 9.8986 0 0 0 7.9481 -13.3749
12007.1830666 3015.9411858 9.8980 0 0 0 7.94798 -13.3755
12007.1830664 3015.9411850 9.8975 0 0 0 7.94745 -13.376
12007.1830670 3015.9411853 9.8976 0 0 0 7.9474 -13.3758
12007.1830675 3015.9411858 9.8948 0 0 0 7.94498 -13.3775
12007.1830681 3015.9411853 9.8951 0 0 0 7.94472 -13.3763
12007.1830679 3015.9411859 9.8942 0 0 0 7.94405 -13.3763
12007.1830682 3015.9411843 9.8961 0 0 0 7.94562 -13.3747
12007.1830672 3015.9411848 9.8969 0 0 0 7.94673 -13.3746
12007.1830671 3015.9411842 9.8972 0 0 0 7.94715 -13.3751
12007.1830681 3015.9411841 9.8958 0 0 0 7.94592 -13.3764
12007.1830692 3015.9411838 9.8945 0 0 0 7.94445 -13.3769
12007.1830684 3015.9411831 9.8992 0 0 0 7.9483 -13.3732
12007.1830674 3015.9411838 9.8983 0 0 0 7.94849 -13.3749
12007.1830679 3015.9411834 9.8980 0 0 0 7.94803 -13.3758
12007.1830678 3015.9411839 9.8993 0 0 0 7.94899 -13.375
12007.1830675 3015.9411834 9.8976 0 0 0 7.94773 -13.3764
12007.1830669 3015.9411831 9.8986 0 0 0 7.94826 -13.3755
12007.1830664 3015.9411826 9.8986 0 0 0 7.94845 -13.3755
12007.1830666 3015.9411830 9.8964 0 0 0 7.94655 -13.377
12007.1830673 3015.9411827 9.8973 0 0 0 7.9469 -13.3758
12007.1830672 3015.9411825 9.8945 0 0 0 7.94466 -13.3773
12007.1830670 3015.9411829 9.8981 0 0 0 7.94732 -13.3742
12007.1830672 3015.9411827 9.8952 0 0 0 7.94553 -13.3766
12007.1830671 3015.9411827 9.8986 0 0 0 7.94796 -13.3741
12007.1830669 3015.9411832 9.8953 0 0 0 7.9457 -13.3769
12007.1830669 3015.9411827 9.8972 0 0 0 7.94672 -13.3753
12007.1830673 3015.9411823 9.8976 0 0 0 7.94741 -13.3751
12007.1830663 3015.9411827 9.8973 0 0 0 7.94726 -13.3756
