12007.1830369 3015.9407218 9.8976 0 0 0 9.88223 -4.86135
12007.1830368 3015.9407213 9.8978 0 0 0 9.86869 -9.86649
12007.1830362 3015.9407212 9.8972 0 0 0 8.88414 -13.1131
12007.1830374 3015.9407218 9.8972 0 0 0 8.12218 -13.9012
12007.1830375 3015.9407214 9.8990 0 0 0 7.90454 -13.6748
12007.1830376 3015.9407216 9.8978 0 0 0 7.9046 -13.4548
12007.1830372 3015.9407222 9.8975 0 0 0 7.93195 -13.3768
12007.1830375 3015.9407227 9.8957 0 0 0 7.94368 -13.3674
12007.1830377 3015.9407237 9.9004 0 0 0 7.95047 -13.3685
12007.1830376 3015.9407216 9.9052 0 0 0 7.95538 -13.3701
12007.1830356 3015.9407223 9.9042 0 0 0 7.95492 -13.3745
12007.1830357 3015.9407212 9.9084 0 0 0 7.95797 -13.3731
12007.1830357 3015.9407199 9.9084 0 0 0 7.95854 -13.3746
12007.1830353 3015.9407207 9.9042 0 0 0 7.95476 -13.3781
12007.1830378 3015.9407234 9.8984 0 0 0 7.94876 -13.3807
12007.1830376 3015.9407225 9.9051 0 0 0 7.95352 -13.3735
12007.1830387 3015.9407233 9.9041 0 0 0 7.95417 -13.3746
12007.1830382 3015.9407224 9.9026 0 0 0 7.9528 -13.3764
12007.1830392 3015.9407202 9.9046 0 0 0 7.95415 -13.3749
12007.1830390 3015.9407204 9.9050 0 0 0 7.95486 -13.3749
12007.1830378 3015.9407203 9.9038 0 0 0 7.9539 -13.3762
12007.1830370 3015.9407206 9.9034 0 0 0 7.95327 -13.3763
12007.1830389 3015.9407204 9.9095 0 0 0 7.9585 -13.372
12007.1830390 3015.9407280 9.9078 0 0 0 7.95823 -13.3749
12007.1830419 3015.9407373 9.9138 0 0 0 7.96306 -13.3719
12007.1830431 3015.9407461 9.9193 0 0 0 7.96885 -13.3704
12007.1830438 3015.9407644 9.9355 0 0 0 7.98392 -13.3632
12007.1830511 3015.9407939 9.9458 0 0 0 7.99574 -13.3637
12007.1830689 3015.9408263 9.9377 0 0 0 7.99012 -13.3766
12007.1830836 3015.9408598 9.9359 0 0 0 7.98619 -13.3788
12007.1830995 3015.9408930 9.9487 0 0 0 7.99658 -13.3689
12007.1831077 3015.9409268 9.9475 0 0 0 7.99811 -13.3727
12007.1831155 3015.9409628 9.9506 0 0 0 8.00053 -13.3731
12007.1831254 3015.9409947 9.9630 0 0 0 8.01161 -13.3669
12007.1831327 3015.9410286 9.9689 0 0 0 8.01896 -13.3679
12007.1831464 3015.9410638 9.9564 0 0 0 8.00885 -13.381
12007.1831606 3015.9410934 9.9628 0 0 0 8.01149 -13.3752
12007.1831687 3015.9411223 9.9543 0 0 0 8.00515 -13.3802
12007.1831773 3015.9411531 9.9488 0 0 0 7.9989 -13.3814
12007.1831890 3015.9411925 9.9442 0 0 0 7.99393 -13.3809
12007.1831953 3015.9412224 9.9317 0 0 0 7.98247 -13.3855
12007.1831972 3015.9412410 9.9183 0 0 0 7.96873 -13.3884
12007.1831959 3015.9412555 9.9118 0 0 0 7.96094 -13.3848
12007.1831952 3015.9412587 9.9058 0 0 0 7.95516 -13.3823
12007.1831969 3015.9412592 9.9074 0 0 0 7.95614 -13.3767
12007.1832004 3015.9412620 9.9141 0 0 0 7.96282 -13.3711
12007.1832010 3015.9412587 9.9107 0 0 0 7.96143 -13.3755
12007.1832014 3015.9412597 9.9139 0 0 0 7.96348 -13.3741
12007.1832023 3015.9412606 9.9130 0 0 0 7.96313 -13.3755
12007.1832018 3015.9412583 9.9109 0 0 0 7.96107 -13.3771
12007.1832031 3015.9412597 9.9103 0 0 0 7.96008 -13.3768
12007.1832037 3015.9412590 9.9048 0 0 0 7.9552 -13.3795
12007.1832037 3015.9412570 9.9013 0 0 0 7.95117 -13.3797
12007.1832024 3015.9412570 9.9108 0 0 0 7.95894 -13.371
12007.1832021 3015.9412581 9.9010 0 0 0 7.95247 -13.3792
12007.1832014 3015.9412569 9.9070 0 0 0 7.95585 -13.3741
12007.1832029 3015.9412620 9.9034 0 0 0 7.95378 -13.3768
12007.1832040 3015.9412609 9.9087 0 0 0 7.9578 -13.373
12007.1832061 3015.9412607 9.9029 0 0 0 7.95373 -13.3779
12007.1832062 3015.9412600 9.9024 0 0 0 7.95215 -13.3774
12007.1832060 3015.9412604 9.9032 0 0 0 7.95271 -13.3757
12007.1832053 3015.9412608 9.9012 0 0 0 7.95125 -13.3768
12007.1832056 3015.9412612 9.8996 0 0 0 7.94954 -13.3772
12007.1832033 3015.9412595 9.9025 0 0 0 7.9518 -13.3744
12007.1832026 3015.9412587 9.9046 0 0 0 7.95427 -13.3735
12007.1832030 3015.9412595 9.9030 0 0 0 7.9533 -13.3758
12007.1832028 3015.9412592 9.9036 0 0 0 7.95341 -13.3756
12007.1832026 3015.9412596 9.9035 0 0 0 7.95336 -13.3757
12007.1832034 3015.9412594 9.9009 0 0 0 7.95108 -13.3773
12007.1832034 3015.9412599 9.9022 0 0 0 7.95171 -13.3757
12007.1832043 3015.9412604 9.8958 0 0 0 7.94642 -13.3795
12007.1832041 3015.9412604 9.8978 0 0 0 7.947 -13.3763
12007.1832024 3015.9412600 9.9034 0 0 0 7.95238 -13.3719
12007.1832059 3015.9412593 9.9032 0 0 0 7.95344 -13.3739
12007.1832047 3015.9412589 9.9031 0 0 0 7.95324 -13.3753
12007.1832003 3015.9412580 9.9012 0 0 0 7.95137 -13.3769
12007.1831990 3015.9412574 9.9024 0 0 0 7.95197 -13.3756
12007.1832002 3015.9412576 9.8998 0 0 0 7.94996 -13.3771
12007.1831984 3015.9412587 9.9058 0 0 0 7.95474 -13.3726
12007.1831990 3015.9412588 9.8993 0 0 0 7.95026 -13.3781
