12007.1831921 3015.9412188 9.8751 0 0 0 9.85977 -4.87258
12007.1831919 3015.9412189 9.8745 0 0 0 9.84533 -9.8675
12007.1831928 3015.9412191 9.8757 0 0 0 8.86235 -13.1122
12007.1831933 3015.9412190 9.8743 0 0 0 8.09953 -13.9016
12007.1831928 3015.9412186 9.8741 0 0 0 7.87988 -13.6763
12007.1831928 3015.9412186 9.8736 0 0 0 7.88014 -13.455
12007.1831938 3015.9412187 9.8783 0 0 0 7.91204 -13.3735
12007.1831929 3015.9412179 9.8798 0 0 0 7.92769 -13.3636
12007.1831941 3015.9412181 9.8793 0 0 0 7.93049 -13.3704
12007.1831931 3015.9412188 9.8795 0 0 0 7.93017 -13.3745
12007.1831939 3015.9412185 9.8778 0 0 0 7.92812 -13.3769
12007.1831933 3015.9412179 9.8820 0 0 0 7.93122 -13.3737
12007.1831936 3015.9412180 9.8835 0 0 0 7.93333 -13.3736
12007.1831937 3015.9412176 9.8838 0 0 0 7.93387 -13.3747
12007.1831941 3015.9412175 9.8832 0 0 0 7.93328 -13.3759
12007.1831942 3015.9412186 9.8834 0 0 0 7.93323 -13.3758
12007.1831924 3015.9412176 9.8815 0 0 0 7.93158 -13.3769
12007.1831927 3015.9412176 9.8792 0 0 0 7.92921 -13.3777
12007.1831903 3015.9412153 9.8914 0 0 0 7.93946 -13.3687
12007.1831861 3015.9412116 9.8882 0 0 0 7.93911 -13.3741
12007.1831918 3015.9412138 9.8960 0 0 0 7.9452 -13.3708
12007.1831957 3015.9412166 9.8801 0 0 0 7.93251 -13.3837
12007.1831862 3015.9412147 9.8891 0 0 0 7.93711 -13.3744
12007.1831887 3015.9412091 9.8923 0 0 0 7.94167 -13.372
12007.1831905 3015.9412079 9.8927 0 0 0 7.9429 -13.3738
12007.1831920 3015.9412068 9.8858 0 0 0 7.93681 -13.3796
12007.1831791 3015.9412000 9.9284 0 0 0 7.97247 -13.3506
12007.1831769 3015.9411789 9.9684 0 0 0 8.01561 -13.3374
12007.1831758 3015.9411500 10.0129 0 0 0 8.06163 -13.3317
12007.1831662 3015.9411198 10.0287 0 0 0 8.08199 -13.349
12007.1831616 3015.9410875 10.0235 0 0 0 8.07784 -13.3716
12007.1831475 3015.9410563 10.0023 0 0 0 8.05594 -13.3906
12007.1831291 3015.9410090 10.0078 0 0 0 8.05553 -13.38
12007.1831017 3015.9409619 10.0053 0 0 0 8.05465 -13.3775
12007.1830929 3015.9409178 10.0280 0 0 0 8.07467 -13.3615
12007.1830854 3015.9408798 10.0362 0 0 0 8.08641 -13.3633
12007.1830806 3015.9408391 10.0503 0 0 0 8.09998 -13.3624
12007.1830762 3015.9408077 10.0549 0 0 0 8.10583 -13.3678
12007.1830721 3015.9407869 10.0359 0 0 0 8.0893 -13.3857
12007.1830586 3015.9407646 10.0328 0 0 0 8.08222 -13.3835
12007.1830393 3015.9407388 10.0430 0 0 0 8.0905 -13.3717
12007.1830182 3015.9407090 10.0380 0 0 0 8.08869 -13.3759
12007.1830050 3015.9406759 10.0272 0 0 0 8.0785 -13.3832
12007.1829947 3015.9406481 10.0181 0 0 0 8.06833 -13.3851
12007.1829826 3015.9406136 10.0320 0 0 0 8.07893 -13.3704
12007.1829633 3015.9405732 10.0254 0 0 0 8.07638 -13.3761
12007.1829365 3015.9405385 10.0274 0 0 0 8.07708 -13.3753
12007.1829171 3015.9405020 10.0257 0 0 0 8.07579 -13.3765
12007.1829078 3015.9404658 10.0242 0 0 0 8.07416 -13.3771
12007.1828937 3015.9404248 10.0151 0 0 0 8.06594 -13.3821
12007.1828759 3015.9403844 10.0204 0 0 0 8.06889 -13.3752
12007.1828490 3015.9403452 10.0255 0 0 0 8.07458 -13.3714
12007.1828253 3015.9403090 10.0308 0 0 0 8.08042 -13.3702
12007.1828017 3015.9402729 10.0229 0 0 0 8.07442 -13.3786
12007.1827800 3015.9402404 10.0034 0 0 0 8.05557 -13.3903
12007.1827651 3015.9402131 9.9936 0 0 0 8.04313 -13.3887
12007.1827566 3015.9401974 9.9691 0 0 0 8.02037 -13.3958
12007.1827480 3015.9401888 9.9445 0 0 0 7.9951 -13.3996
12007.1827431 3015.9401902 9.9289 0 0 0 7.97779 -13.3947
12007.1827412 3015.9401916 9.9326 0 0 0 7.97943 -13.3796
12007.1827379 3015.9401908 9.9333 0 0 0 7.98218 -13.3747
12007.1827375 3015.9401927 9.9309 0 0 0 7.98106 -13.3762
12007.1827381 3015.9401918 9.9309 0 0 0 7.98072 -13.3761
12007.1827379 3015.9401908 9.9297 0 0 0 7.97965 -13.3766
12007.1827402 3015.9401939 9.9337 0 0 0 7.98294 -13.3735
12007.1827420 3015.9401947 9.9227 0 0 0 7.97415 -13.3815
12007.1827417 3015.9401927 9.9318 0 0 0 7.97995 -13.373
12007.1827424 3015.9401943 9.9181 0 0 0 7.96982 -13.3824
12007.1827431 3015.9401972 9.9232 0 0 0 7.97179 -13.376
12007.1827420 3015.9401953 9.9181 0 0 0 7.96839 -13.3782
12007.1827407 3015.9401959 9.9174 0 0 0 7.96707 -13.3773
12007.1827420 3015.9401957 9.9203 0 0 0 7.96955 -13.3743
12007.1827425 3015.9401966 9.9183 0 0 0 7.9685 -13.3761
12007.1827432 3015.9401972 9.9172 0 0 0 7.96718 -13.3767
12007.1827432 3015.9401967 9.9244 0 0 0 7.97321 -13.3715
12007.1827439 3015.9401960 9.9203 0 0 0 7.97107 -13.3761
12007.1827425 3015.9401963 9.9248 0 0 0 7.97413 -13.3735
12007.1827422 3015.9401964 9.9246 0 0 0 7.97468 -13.3747
12007.1827435 3015.9401951 9.9256 0 0 0 7.97547 -13.3748
12007.1827432 3015.9401955 9.9241 0 0 0 7.97425 -13.3763
12007.1827425 3015.9401953 9.9249 0 0 0 7.9746 -13.3756
12007.1827422 3015.9401963 9.9239 0 0 0 7.97387 -13.3762
12007.1827430 3015.9401959 9.9230 0 0 0 7.97291 -13.3765
12007.1827432 3015.9401965 9.9223 0 0 0 7.97214 -13.3765
12007.1827428 3015.9401963 9.9244 0 0 0 7.97388 -13.3746
12007.1827428 3015.9401958 9.9235 0 0 0 7.97355 -13.3756
12007.1827425 3015.9401955 9.9222 0 0 0 7.97225 -13.3766
12007.1827428 3015.9401955 9.9223 0 0 0 7.97204 -13.3761
12007.1827435 3015.9401954 9.9219 0 0 0 7.97174 -13.376
12007.1827432 3015.9401953 9.9228 0 0 0 7.97249 -13.3752
12007.1827419 3015.9401943 9.9227 0 0 0 7.9726 -13.3755
12007.1827415 3015.9401944 9.9230 0 0 0 7.97284 -13.3754
12007.1827415 3015.9401946 9.9186 0 0 0 7.96904 -13.3784
12007.1827413 3015.9401941 9.9196 0 0 0 7.96905 -13.3764
12007.1827415 3015.9401936 9.9194 0 0 0 7.96913 -13.3758
12007.1827418 3015.9401937 9.9172 0 0 0 7.9673 -13.377
12007.1827414 3015.9401942 9.9185 0 0 0 7.96804 -13.3755
12007.1827420 3015.9401931 9.9180 0 0 0 7.9679 -13.3757
12007.1827423 3015.9401939 9.9243 0 0 0 7.97335 -13.3717
12007.1827416 3015.9401947 9.9252 0 0 0 7.97534 -13.3731
12007.1827414 3015.9401941 9.9227 0 0 0 7.97323 -13.3765
12007.1827417 3015.9401946 9.9239 0 0 0 7.97357 -13.3756
12007.1827423 3015.9401949 9.9213 0 0 0 7.97146 -13.3772
12007.1827420 3015.9401937 9.9227 0 0 0 7.97221 -13.3755
