12007.1831939 3015.9412523 9.8998 0 0 0 9.88443 -4.86026
12007.1831940 3015.9412519 9.9013 0 0 0 9.87219 -9.86519
12007.1831946 3015.9412545 9.8972 0 0 0 8.88463 -13.115
12007.1831942 3015.9412555 9.8941 0 0 0 8.1193 -13.9042
12007.1831950 3015.9412548 9.8942 0 0 0 7.89961 -13.6771
12007.1831945 3015.9412560 9.8933 0 0 0 7.89976 -13.4553
12007.1831957 3015.9412544 9.8965 0 0 0 7.93039 -13.3745
12007.1831951 3015.9412541 9.8990 0 0 0 7.94665 -13.3635
12007.1831952 3015.9412542 9.9019 0 0 0 7.95266 -13.368
12007.1831956 3015.9412548 9.8991 0 0 0 7.9504 -13.3753
12007.1831965 3015.9412546 9.8937 0 0 0 7.94447 -13.3799
12007.1831950 3015.9412546 9.8920 0 0 0 7.94164 -13.3789
12007.1831952 3015.9412546 9.8924 0 0 0 7.94177 -13.3764
12007.1831947 3015.9412552 9.8900 0 0 0 7.94 -13.3772
12007.1831951 3015.9412549 9.8908 0 0 0 7.94038 -13.3758
12007.1831942 3015.9412538 9.8968 0 0 0 7.94584 -13.3717
12007.1831939 3015.9412546 9.8945 0 0 0 7.94504 -13.3752
12007.1831941 3015.9412550 9.8932 0 0 0 7.94336 -13.3768
12007.1831944 3015.9412548 9.8937 0 0 0 7.94339 -13.3759
12007.1831949 3015.9412544 9.8944 0 0 0 7.9441 -13.3752
12007.1831943 3015.9412538 9.8987 0 0 0 7.94804 -13.3727
12007.1831937 3015.9412538 9.8968 0 0 0 7.94721 -13.3755
12007.1831918 3015.9412519 9.8967 0 0 0 7.94666 -13.376
12007.1831905 3015.9412521 9.8963 0 0 0 7.94617 -13.3761
12007.1831913 3015.9412531 9.8963 0 0 0 7.94609 -13.3758
12007.1831905 3015.9412536 9.8976 0 0 0 7.94725 -13.3749
12007.1831919 3015.9412556 9.8927 0 0 0 7.94325 -13.3784
12007.1831917 3015.9412559 9.8866 0 0 0 7.93697 -13.381
12007.1831913 3015.9412569 9.8895 0 0 0 7.93837 -13.3761
12007.1831933 3015.9412555 9.8905 0 0 0 7.94005 -13.3745
12007.1831917 3015.9412564 9.8904 0 0 0 7.94037 -13.3751
12007.1831898 3015.9412532 9.8917 0 0 0 7.94147 -13.3747
12007.1831904 3015.9412538 9.8900 0 0 0 7.94018 -13.3764
12007.1831908 3015.9412542 9.8878 0 0 0 7.93788 -13.3775
12007.1831903 3015.9412535 9.8898 0 0 0 7.93919 -13.3752
12007.1831907 3015.9412546 9.8849 0 0 0 7.93537 -13.3783
12007.1831903 3015.9412542 9.8848 0 0 0 7.9344 -13.3771
12007.1831909 3015.9412547 9.8848 0 0 0 7.93444 -13.376
12007.1831896 3015.9412538 9.8866 0 0 0 7.93615 -13.3745
12007.1831899 3015.9412542 9.8915 0 0 0 7.94084 -13.3719
12007.1831886 3015.9412538 9.8926 0 0 0 7.94272 -13.3733
12007.1831902 3015.9412568 9.8833 0 0 0 7.93467 -13.3809
12007.1831920 3015.9412578 9.8854 0 0 0 7.93451 -13.3772
12007.1831912 3015.9412594 9.8768 0 0 0 7.92746 -13.3812
12007.1831911 3015.9412594 9.8788 0 0 0 7.92779 -13.3769
12007.1831912 3015.9412584 9.8811 0 0 0 7.93039 -13.3741
12007.1831917 3015.9412586 9.8808 0 0 0 7.93082 -13.3749
12007.1831927 3015.9412563 9.8854 0 0 0 7.93478 -13.3726
12007.1831902 3015.9412555 9.8819 0 0 0 7.93253 -13.3765
12007.1831883 3015.9412544 9.8870 0 0 0 7.9362 -13.3732
12007.1831912 3015.9412525 9.8910 0 0 0 7.94057 -13.3718
12007.1831948 3015.9412536 9.8811 0 0 0 7.93267 -13.3804
12007.1831939 3015.9412551 9.8736 0 0 0 7.92402 -13.3833
12007.1831951 3015.9412550 9.8732 0 0 0 7.9222 -13.379
12007.1831933 3015.9412534 9.8783 0 0 0 7.92697 -13.3731
12007.1831935 3015.9412529 9.8781 0 0 0 7.92815 -13.3741
12007.1831944 3015.9412542 9.8769 0 0 0 7.92713 -13.376
12007.1831951 3015.9412534 9.8769 0 0 0 7.92676 -13.376
12007.1831960 3015.9412494 9.8890 0 0 0 7.93726 -13.3681
12007.1832755 3015.9407131 9.5840 0 0 0 7.67343 -13.5669
12007.1831942 3015.9412516 9.8915 0 0 0 7.88292 -13.2733
12007.1831905 3015.9412503 9.8929 0 0 0 7.94816 -13.3005
12007.1831861 3015.9412363 9.9225 0 0 0 7.97884 -13.3331
12007.1831779 3015.9412204 9.9586 0 0 0 8.0101 -13.3414
12007.1831811 3015.9411964 9.9854 0 0 0 8.03641 -13.3472
12007.1831788 3015.9411656 9.9647 0 0 0 8.02095 -13.3794
12007.1831745 3015.9411296 9.9430 0 0 0 7.99595 -13.395
12007.1831712 3015.9410919 9.9382 0 0 0 7.9866 -13.3877
12007.1831652 3015.9410517 9.9530 0 0 0 7.99925 -13.3696
12007.1831545 3015.9410013 9.9668 0 0 0 8.01521 -13.3624
12007.1831369 3015.9409512 9.9600 0 0 0 8.01223 -13.3743
12007.1831055 3015.9409061 9.9480 0 0 0 7.99985 -13.3844
12007.1830929 3015.9408724 9.9643 0 0 0 8.01122 -13.3697
12007.1830826 3015.9408380 9.9494 0 0 0 8.00154 -13.3812
12007.1830700 3015.9408047 9.9315 0 0 0 7.98322 -13.3906
12007.1830653 3015.9407800 9.9289 0 0 0 7.97742 -13.3839
12007.1830576 3015.9407508 9.9265 0 0 0 7.97544 -13.3793
12007.1830526 3015.9407301 9.9190 0 0 0 7.96922 -13.3812
12007.1830480 3015.9407171 9.9090 0 0 0 7.95947 -13.3843
12007.1830427 3015.9407148 9.8958 0 0 0 7.94631 -13.3876
12007.1830327 3015.9407210 9.9194 0 0 0 7.96481 -13.3653
12007.1830342 3015.9407270 9.9148 0 0 0 7.96599 -13.372
12007.1830338 3015.9407258 9.9130 0 0 0 7.96371 -13.3764
12007.1830362 3015.9407270 9.9107 0 0 0 7.96086 -13.3779
12007.1830339 3015.9407252 9.9061 0 0 0 7.95629 -13.3796
12007.1830340 3015.9407236 9.9130 0 0 0 7.96151 -13.3729
12007.1830331 3015.9407265 9.9086 0 0 0 7.95919 -13.3766
12007.1830331 3015.9407256 9.9090 0 0 0 7.95877 -13.3762
12007.1830332 3015.9407275 9.9067 0 0 0 7.95676 -13.3773
12007.1830366 3015.9407279 9.9109 0 0 0 7.96004 -13.3737
12007.1830354 3015.9407280 9.9017 0 0 0 7.95288 -13.3804
12007.1830372 3015.9407291 9.9005 0 0 0 7.95007 -13.379
12007.1830373 3015.9407298 9.9042 0 0 0 7.95312 -13.3743
12007.1830386 3015.9407292 9.8982 0 0 0 7.94887 -13.3784
12007.1830378 3015.9407286 9.8989 0 0 0 7.94841 -13.3767
12007.1830374 3015.9407262 9.9038 0 0 0 7.95285 -13.3727
12007.1830370 3015.9407260 9.9029 0 0 0 7.95314 -13.3747
12007.1830371 3015.9407257 9.9027 0 0 0 7.95275 -13.3757
12007.1830369 3015.9407260 9.9034 0 0 0 7.95318 -13.3754
12007.1830363 3015.9407249 9.9041 0 0 0 7.95389 -13.3751
12007.1830379 3015.9407233 9.9032 0 0 0 7.95323 -13.376
12007.1830373 3015.9407226 9.9039 0 0 0 7.95364 -13.3755
12007.1830363 3015.9407227 9.9020 0 0 0 7.95211 -13.3767
12007.1830373 3015.9407228 9.9013 0 0 0 7.95114 -13.3767
12007.1830374 3015.9407225 9.9021 0 0 0 7.95172 -13.3755
12007.1830374 3015.9407224 9.9023 0 0 0 7.95212 -13.3753
12007.1830378 3015.9407221 9.9029 0 0 0 7.95271 -13.3751
12007.1830380 3015.9407220 9.9040 0 0 0 7.95377 -13.3748
12007.1830378 3015.9407220 9.9042 0 0 0 7.95413 -13.3752
12007.1830372 3015.9407214 9.9020 0 0 0 7.9522 -13.3769
12007.1830365 3015.9407206 9.9050 0 0 0 7.95435 -13.3744
12007.1830363 3015.9407211 9.9049 0 0 0 7.95486 -13.375
12007.1830361 3015.9407208 9.9057 0 0 0 7.95555 -13.375
12007.1830371 3015.9407218 9.9011 0 0 0 7.95162 -13.3784
12007.1830369 3015.9407210 9.9043 0 0 0 7.95349 -13.375
12007.1830372 3015.9407209 9.9010 0 0 0 7.95127 -13.3771
12007.1830372 3015.9407214 9.9031 0 0 0 7.95255 -13.3751
12007.1830370 3015.9407213 9.9013 0 0 0 7.9514 -13.3764
12007.1830364 3015.9407215 9.9006 0 0 0 7.95048 -13.3765
12007.1830380 3015.9407209 9.8979 0 0 0 7.94799 -13.3777
12007.1830374 3015.9407217 9.9043 0 0 0 7.9531 -13.3725
12007.1830372 3015.9407213 9.9039 0 0 0 7.95407 -13.3741
12007.1830371 3015.9407214 9.9024 0 0 0 7.95268 -13.3763
12007.1830371 3015.9407217 9.9015 0 0 0 7.95144 -13.3767
12007.1830379 3015.9407214 9.9024 0 0 0 7.95201 -13.3755
12007.1830384 3015.9407213 9.9008 0 0 0 7.95084 -13.3765
12007.1830377 3015.9407213 9.8996 0 0 0 7.94952 -13.3769
12007.1830374 3015.9407213 9.8979 0 0 0 7.94782 -13.3772
12007.1830380 3015.9407212 9.8972 0 0 0 7.94695 -13.3767
12007.1830387 3015.9407209 9.8973 0 0 0 7.94699 -13.3759
12007.1830377 3015.9407217 9.8978 0 0 0 7.94753 -13.3753
12007.1830385 3015.9407221 9.8999 0 0 0 7.94951 -13.3741
12007.1830384 3015.9407215 9.9000 0 0 0 7.95 -13.3749
12007.1830378 3015.9407212 9.9005 0 0 0 7.9504 -13.3752
12007.1830380 3015.9407200 9.8995 0 0 0 7.94955 -13.3762
12007.1830378 3015.9407205 9.8966 0 0 0 7.94678 -13.3778
12007.1830365 3015.9407214 9.8993 0 0 0 7.94857 -13.3749
12007.1830361 3015.9407215 9.9021 0 0 0 7.95161 -13.3732
12007.1830369 3015.9407219 9.8985 0 0 0 7.94907 -13.3769
