12007.1827411 3015.9401925 9.9213 0 0 0 9.90589 -4.84953
12007.1827411 3015.9401933 9.9199 0 0 0 9.89087 -9.86783
12007.1827402 3015.9401923 9.9217 0 0 0 8.90827 -13.112
12007.1827399 3015.9401917 9.9224 0 0 0 8.14739 -13.9001
12007.1827404 3015.9401923 9.9202 0 0 0 7.92639 -13.6769
12007.1827400 3015.9401922 9.9198 0 0 0 7.92631 -13.4554
12007.1827397 3015.9401921 9.9221 0 0 0 7.95609 -13.3752
12007.1827412 3015.9401919 9.9220 0 0 0 7.96991 -13.3654
12007.1827414 3015.9401919 9.9210 0 0 0 7.97203 -13.3714
12007.1827426 3015.9401928 9.9200 0 0 0 7.97067 -13.3755
12007.1827407 3015.9401918 9.9213 0 0 0 7.97111 -13.3753
12007.1827418 3015.9401930 9.9180 0 0 0 7.96831 -13.3776
12007.1827420 3015.9401933 9.9151 0 0 0 7.96513 -13.3785
12007.1827418 3015.9401937 9.9180 0 0 0 7.96714 -13.375
12007.1827416 3015.9401942 9.9159 0 0 0 7.96602 -13.3763
12007.1827409 3015.9401951 9.9169 0 0 0 7.96658 -13.3754
12007.1827416 3015.9401935 9.9145 0 0 0 7.96466 -13.377
12007.1827420 3015.9401929 9.9186 0 0 0 7.9678 -13.3737
12007.1827402 3015.9401945 9.9213 0 0 0 7.97097 -13.3728
12007.1827416 3015.9401937 9.9209 0 0 0 7.97114 -13.3748
12007.1827424 3015.9401965 9.9238 0 0 0 7.97344 -13.3737
12007.1827426 3015.9401947 9.9240 0 0 0 7.97404 -13.3747
12007.1827398 3015.9401951 9.9275 0 0 0 7.97705 -13.3732
12007.1827442 3015.9401961 9.9113 0 0 0 7.96349 -13.3849
12007.1827416 3015.9401952 9.9269 0 0 0 7.97388 -13.3705
12007.1827425 3015.9401949 9.9240 0 0 0 7.97451 -13.3738
12007.1827434 3015.9401951 9.9282 0 0 0 7.97783 -13.3727
12007.1827415 3015.9401918 9.9315 0 0 0 7.98127 -13.3724
12007.1827384 3015.9401909 9.9367 0 0 0 7.9863 -13.3711
12007.1827375 3015.9401947 9.9487 0 0 0 7.99757 -13.3662
12007.1827482 3015.9402126 9.9682 0 0 0 8.01665 -13.3592
12007.1827637 3015.9402354 9.9839 0 0 0 8.03368 -13.3588
12007.1827791 3015.9402584 10.0015 0 0 0 8.05125 -13.3583
12007.1827934 3015.9402917 10.0215 0 0 0 8.07101 -13.3565
12007.1828121 3015.9403324 10.0271 0 0 0 8.07863 -13.365
12007.1828239 3015.9403768 10.0033 0 0 0 8.05775 -13.3881
12007.1828365 3015.9404251 9.9885 0 0 0 8.03924 -13.3926
12007.1828478 3015.9404650 9.9949 0 0 0 8.0419 -13.3782
12007.1828677 3015.9404993 10.0111 0 0 0 8.0582 -13.3644
12007.1828919 3015.9405393 10.0259 0 0 0 8.07495 -13.3604
12007.1829095 3015.9405813 10.0324 0 0 0 8.08327 -13.3655
12007.1829353 3015.9406285 10.0201 0 0 0 8.07294 -13.3805
12007.1829547 3015.9406794 10.0078 0 0 0 8.05898 -13.3872
12007.1829850 3015.9407320 10.0125 0 0 0 8.06045 -13.3777
12007.1830056 3015.9407853 10.0165 0 0 0 8.06535 -13.3726
12007.1830269 3015.9408325 10.0194 0 0 0 8.06914 -13.3721
12007.1830407 3015.9408813 10.0086 0 0 0 8.06027 -13.3812
12007.1830552 3015.9409270 10.0052 0 0 0 8.05501 -13.381
12007.1830778 3015.9409713 10.0002 0 0 0 8.05 -13.3808
12007.1831026 3015.9410198 10.0027 0 0 0 8.05158 -13.3759
12007.1831221 3015.9410695 10.0114 0 0 0 8.05999 -13.3696
12007.1831436 3015.9411190 9.9754 0 0 0 8.03045 -13.3957
12007.1831721 3015.9411597 9.9603 0 0 0 8.01019 -13.3959
12007.1831789 3015.9411892 9.9457 0 0 0 7.99484 -13.3923
12007.1831795 3015.9412045 9.9274 0 0 0 7.97737 -13.3929
12007.1831794 3015.9412093 9.9172 0 0 0 7.96617 -13.3885
12007.1831813 3015.9412104 9.9085 0 0 0 7.95771 -13.3853
12007.1831828 3015.9412116 9.9156 0 0 0 7.96324 -13.3742
12007.1831882 3015.9412150 9.9102 0 0 0 7.96064 -13.3772
12007.1831926 3015.9412156 9.9132 0 0 0 7.96255 -13.3747
12007.1831793 3015.9412182 9.9143 0 0 0 7.96407 -13.3743
12007.1831722 3015.9412209 9.9068 0 0 0 7.95777 -13.3799
12007.1831679 3015.9412210 9.8994 0 0 0 7.94979 -13.3826
12007.1831789 3015.9412233 9.8951 0 0 0 7.94468 -13.3813
12007.1831944 3015.9412190 9.8887 0 0 0 7.93862 -13.3816
12007.1831938 3015.9412183 9.8872 0 0 0 7.93649 -13.3788
12007.1831952 3015.9412181 9.8845 0 0 0 7.93422 -13.3782
12007.1831972 3015.9412175 9.8885 0 0 0 7.93751 -13.3739
12007.1831982 3015.9412190 9.8822 0 0 0 7.93296 -13.3785
12007.1832014 3015.9412273 9.8837 0 0 0 7.93311 -13.3763
12007.1832098 3015.9412198 9.8958 0 0 0 7.94397 -13.3679
12007.1832091 3015.9412196 9.8992 0 0 0 7.94939 -13.3696
12007.1832074 3015.9412169 9.8997 0 0 0 7.9503 -13.3734
12007.1832083 3015.9412170 9.9024 0 0 0 7.95229 -13.3736
12007.1832070 3015.9412185 9.8988 0 0 0 7.94938 -13.3773
12007.1832078 3015.9412174 9.9054 0 0 0 7.9543 -13.3725
12007.1832068 3015.9412171 9.9042 0 0 0 7.95449 -13.3747
12007.1832081 3015.9412182 9.9023 0 0 0 7.95257 -13.3768
12007.1832086 3015.9412175 9.9012 0 0 0 7.9511 -13.3771
12007.1832084 3015.9412179 9.9032 0 0 0 7.95263 -13.3749
12007.1832084 3015.9412173 9.9025 0 0 0 7.95248 -13.3756
12007.1832088 3015.9412179 9.9038 0 0 0 7.95351 -13.3749
12007.1832086 3015.9412183 9.8994 0 0 0 7.94989 -13.3781
12007.1832094 3015.9412179 9.9011 0 0 0 7.9505 -13.3759
12007.1832079 3015.9412187 9.8985 0 0 0 7.9486 -13.3771
12007.1832095 3015.9412190 9.8989 0 0 0 7.94855 -13.3761
12007.1832083 3015.9412186 9.8974 0 0 0 7.94736 -13.3767
12007.1832084 3015.9412181 9.9008 0 0 0 7.95011 -13.3739
12007.1832096 3015.9412183 9.9025 0 0 0 7.95229 -13.3736
12007.1832096 3015.9412187 9.9009 0 0 0 7.95121 -13.3759
12007.1832094 3015.9412184 9.9022 0 0 0 7.95191 -13.3752
12007.1832089 3015.9412183 9.9013 0 0 0 7.9513 -13.376
12007.1832089 3015.9412176 9.9021 0 0 0 7.95183 -13.3754
12007.1832099 3015.9412183 9.9032 0 0 0 7.95293 -13.3748
12007.1832097 3015.9412185 9.9008 0 0 0 7.95105 -13.3768
12007.1832095 3015.9412188 9.8987 0 0 0 7.94872 -13.3777
12007.1832097 3015.9412188 9.9006 0 0 0 7.94997 -13.3753
12007.1832094 3015.9412193 9.9019 0 0 0 7.95157 -13.3744
