12007.1832080 3015.9412152 9.8902 0 0 0 9.87484 -4.86505
12007.1832081 3015.9412146 9.8902 0 0 0 9.86107 -9.86676
12007.1832061 3015.9412139 9.8906 0 0 0 8.87741 -13.1125
12007.1832063 3015.9412145 9.8912 0 0 0 8.11617 -13.9005
12007.1832060 3015.9412143 9.8929 0 0 0 7.89854 -13.6746
12007.1832059 3015.9412143 9.8917 0 0 0 7.89854 -13.4547
12007.1832056 3015.9412149 9.8922 0 0 0 7.92655 -13.3763
12007.1832063 3015.9412139 9.8931 0 0 0 7.94079 -13.3654
12007.1832083 3015.9412136 9.8843 0 0 0 7.9363 -13.3762
12007.1832084 3015.9412124 9.8978 0 0 0 7.94614 -13.3686
12007.1832028 3015.9412115 9.8986 0 0 0 7.94905 -13.3716
12007.1832052 3015.9412142 9.8905 0 0 0 7.94197 -13.3798
12007.1832003 3015.9412184 9.8886 0 0 0 7.93837 -13.3794
12007.1831991 3015.9412164 9.8878 0 0 0 7.93727 -13.3775
12007.1832003 3015.9412178 9.8820 0 0 0 7.93231 -13.3798
12007.1831969 3015.9412168 9.8864 0 0 0 7.93522 -13.3746
12007.1831871 3015.9412124 9.8936 0 0 0 7.94253 -13.37
12007.1831769 3015.9412090 9.9129 0 0 0 7.96089 -13.3607
12007.1831668 3015.9411981 9.9485 0 0 0 7.99549 -13.3463
12007.1831613 3015.9411766 9.9882 0 0 0 8.03637 -13.3379
12007.1831452 3015.9411589 10.0230 0 0 0 8.07302 -13.3387
12007.1831316 3015.9411365 10.0587 0 0 0 8.10873 -13.3396
12007.1831203 3015.9411025 10.0702 0 0 0 8.1232 -13.3554
12007.1831119 3015.9410647 10.0532 0 0 0 8.10819 -13.3813
12007.1830921 3015.9410204 10.0462 0 0 0 8.09688 -13.3854
12007.1830639 3015.9409798 10.0073 0 0 0 8.06096 -13.4046
12007.1830361 3015.9409322 10.0099 0 0 0 8.05622 -13.3869
12007.1830107 3015.9408882 10.0143 0 0 0 8.06172 -13.3746
12007.1829937 3015.9408433 9.9932 0 0 0 8.04556 -13.3872
12007.1829733 3015.9407946 9.9988 0 0 0 8.04678 -13.3779
12007.1829395 3015.9407425 10.0066 0 0 0 8.05494 -13.3703
12007.1829046 3015.9406872 10.0180 0 0 0 8.06689 -13.3655
12007.1828635 3015.9406289 10.0178 0 0 0 8.06885 -13.3715
12007.1828257 3015.9405628 10.0330 0 0 0 8.0816 -13.3652
12007.1827959 3015.9405033 10.0321 0 0 0 8.08323 -13.3717
12007.1827634 3015.9404518 10.0074 0 0 0 8.06106 -13.3908
12007.1827303 3015.9403987 10.0113 0 0 0 8.05921 -13.3811
12007.1826951 3015.9403461 10.0076 0 0 0 8.05698 -13.3787
12007.1826662 3015.9402927 10.0001 0 0 0 8.05045 -13.3813
12007.1826354 3015.9402415 9.9910 0 0 0 8.04136 -13.3838
12007.1825972 3015.9401913 9.9983 0 0 0 8.04625 -13.3743
12007.1825562 3015.9401403 10.0201 0 0 0 8.06711 -13.36
12007.1825260 3015.9400927 10.0409 0 0 0 8.08973 -13.3549
12007.1825010 3015.9400538 10.0510 0 0 0 8.10208 -13.3611
12007.1824798 3015.9400241 10.0418 0 0 0 8.09483 -13.3771
12007.1824607 3015.9399852 10.0303 0 0 0 8.08184 -13.3856
12007.1824470 3015.9399539 10.0049 0 0 0 8.05694 -13.3966
12007.1824239 3015.9399214 9.9988 0 0 0 8.04705 -13.3885
12007.1823759 3015.9398841 10.0224 0 0 0 8.06741 -13.3642
12007.1823286 3015.9398533 10.0223 0 0 0 8.07301 -13.3685
12007.1823048 3015.9398298 9.9889 0 0 0 8.04402 -13.395
12007.1822941 3015.9398032 9.9446 0 0 0 7.9983 -13.4143
12007.1822980 3015.9397918 9.9166 0 0 0 7.96558 -13.41
12007.1822983 3015.9397927 9.8939 0 0 0 7.94216 -13.402
12007.1822944 3015.9397967 9.8927 0 0 0 7.93915 -13.3849
12007.1822880 3015.9397982 9.8850 0 0 0 7.93422 -13.3818
12007.1822969 3015.9398075 9.8979 0 0 0 7.94525 -13.3692
12007.1822961 3015.9398025 9.8917 0 0 0 7.94284 -13.3757
12007.1823001 3015.9398058 9.8829 0 0 0 7.93403 -13.3821
12007.1822977 3015.9398031 9.8839 0 0 0 7.93296 -13.3782
12007.1822996 3015.9397996 9.8765 0 0 0 7.92687 -13.3808
12007.1822936 3015.9397988 9.8861 0 0 0 7.93414 -13.3717
12007.1822909 3015.9397999 9.8851 0 0 0 7.93535 -13.3737
12007.1822925 3015.9397986 9.8837 0 0 0 7.93403 -13.3761
12007.1822921 3015.9397979 9.8896 0 0 0 7.9387 -13.3724
12007.1822913 3015.9397981 9.8916 0 0 0 7.94152 -13.3727
12007.1822899 3015.9397981 9.8901 0 0 0 7.94052 -13.3756
12007.1822897 3015.9397985 9.8907 0 0 0 7.94055 -13.3756
12007.1822892 3015.9397980 9.8930 0 0 0 7.94256 -13.3742
12007.1822889 3015.9397969 9.8903 0 0 0 7.94065 -13.3767
12007.1822891 3015.9397966 9.8912 0 0 0 7.94087 -13.3758
12007.1822882 3015.9397962 9.8924 0 0 0 7.94206 -13.3748
12007.1822890 3015.9397967 9.8927 0 0 0 7.94259 -13.3751
12007.1822883 3015.9397967 9.8984 0 0 0 7.94761 -13.3718
12007.1822897 3015.9397960 9.8964 0 0 0 7.94691 -13.3752
12007.1822896 3015.9397961 9.9016 0 0 0 7.95094 -13.3726
12007.1822906 3015.9397954 9.8984 0 0 0 7.94898 -13.3763
12007.1822925 3015.9397960 9.8848 0 0 0 7.9364 -13.3851
12007.1822929 3015.9397956 9.8885 0 0 0 7.93691 -13.3778
12007.1822931 3015.9397941 9.8903 0 0 0 7.93947 -13.3744
12007.1822900 3015.9397954 9.8925 0 0 0 7.94215 -13.3734
12007.1822916 3015.9397969 9.8885 0 0 0 7.93913 -13.3773
12007.1822934 3015.9397991 9.8874 0 0 0 7.93729 -13.3774
12007.1822895 3015.9397984 9.8892 0 0 0 7.9386 -13.3752
12007.1822889 3015.9397977 9.8959 0 0 0 7.9449 -13.3709
12007.1822887 3015.9397973 9.8979 0 0 0 7.94799 -13.3721
12007.1822895 3015.9397980 9.8959 0 0 0 7.94648 -13.3758
12007.1822884 3015.9397979 9.8983 0 0 0 7.94792 -13.3747
12007.1822881 3015.9397982 9.8977 0 0 0 7.94772 -13.3755
12007.1822882 3015.9397979 9.8986 0 0 0 7.94837 -13.3752
12007.1822876 3015.9397971 9.8984 0 0 0 7.94833 -13.3756
12007.1822866 3015.9397965 9.9032 0 0 0 7.95246 -13.3726
12007.1822858 3015.9397971 9.9025 0 0 0 7.95275 -13.3746
12007.1822836 3015.9397962 9.9034 0 0 0 7.95332 -13.375
12007.1822812 3015.9397954 9.9033 0 0 0 7.95326 -13.3755
12007.1822814 3015.9397953 9.9054 0 0 0 7.95501 -13.3743
12007.1822804 3015.9397949 9.9078 0 0 0 7.95748 -13.3735
12007.1822808 3015.9397934 9.9112 0 0 0 7.96087 -13.3726
12007.1822808 3015.9397931 9.9113 0 0 0 7.9615 -13.3744
12007.1822798 3015.9397932 9.9125 0 0 0 7.96241 -13.3747
12007.1822779 3015.9397915 9.9119 0 0 0 7.96196 -13.3757
12007.1822786 3015.9397908 9.9135 0 0 0 7.96317 -13.3748
12007.1822764 3015.9397901 9.9089 0 0 0 7.95942 -13.3782
12007.1822761 3015.9397903 9.9125 0 0 0 7.96166 -13.3747
12007.1822773 3015.9397899 9.9143 0 0 0 7.96396 -13.3737
12007.1822777 3015.9397913 9.9138 0 0 0 7.96394 -13.3752
12007.1822797 3015.9397920 9.9105 0 0 0 7.96087 -13.3778
12007.1822801 3015.9397935 9.9070 0 0 0 7.95709 -13.379
12007.1822795 3015.9397936 9.9071 0 0 0 7.95654 -13.377
12007.1822795 3015.9397928 9.9089 0 0 0 7.9583 -13.3747
12007.1822793 3015.9397922 9.9083 0 0 0 7.95829 -13.3754
12007.1822790 3015.9397918 9.9077 0 0 0 7.95767 -13.3761
12007.1822794 3015.9397920 9.9061 0 0 0 7.95612 -13.3769
12007.1822786 3015.9397924 9.9079 0 0 0 7.95738 -13.3751
12007.1822790 3015.9397925 9.9038 0 0 0 7.9542 -13.3778
12007.1822792 3015.9397920 9.9011 0 0 0 7.95109 -13.3785
12007.1822785 3015.9397918 9.9046 0 0 0 7.95366 -13.3745
12007.1822783 3015.9397920 9.9070 0 0 0 7.95659 -13.3732
12007.1822774 3015.9397920 9.9057 0 0 0 7.95599 -13.3754
12007.1822777 3015.9397914 9.9076 0 0 0 7.95729 -13.3747
12007.1822779 3015.9397914 9.9056 0 0 0 7.95581 -13.3765
12007.1822777 3015.9397913 9.9060 0 0 0 7.95574 -13.3759
12007.1822773 3015.9397913 9.9064 0 0 0 7.95615 -13.3754
12007.1822768 3015.9397913 9.9055 0 0 0 7.95548 -13.3761
12007.1822770 3015.9397915 9.9069 0 0 0 7.95653 -13.375
12007.1822772 3015.9397911 9.9076 0 0 0 7.95742 -13.3748
12007.1822772 3015.9397906 9.9072 0 0 0 7.9572 -13.3756
12007.1822767 3015.9397909 9.9083 0 0 0 7.95804 -13.375
12007.1822769 3015.9397906 9.9072 0 0 0 7.95726 -13.3761
12007.1822766 3015.9397910 9.9083 0 0 0 7.95798 -13.3752
12007.1822769 3015.9397914 9.9089 0 0 0 7.95871 -13.375
12007.1822769 3015.9397910 9.9097 0 0 0 7.95952 -13.3749
12007.1822769 3015.9397914 9.9103 0 0 0 7.96017 -13.375
12007.1822765 3015.9397913 9.9076 0 0 0 7.95788 -13.3772
12007.1822764 3015.9397912 9.9104 0 0 0 7.95976 -13.3747
12007.1822757 3015.9397910 9.9122 0 0 0 7.96188 -13.3739
12007.1822757 3015.9397913 9.9101 0 0 0 7.96043 -13.3762
12007.1822755 3015.9397911 9.9123 0 0 0 7.96186 -13.3748
12007.1822755 3015.9397904 9.9127 0 0 0 7.96258 -13.3749
12007.1822754 3015.9397902 9.9114 0 0 0 7.96152 -13.3762
12007.1822750 3015.9397907 9.9107 0 0 0 7.9606 -13.3765
12007.1822755 3015.9397907 9.9132 0 0 0 7.96263 -13.3744
12007.1822753 3015.9397907 9.9120 0 0 0 7.96211 -13.3757
12007.1822757 3015.9397912 9.9132 0 0 0 7.96292 -13.3751
12007.1822752 3015.9397910 9.9115 0 0 0 7.96162 -13.3765
12007.1822749 3015.9397912 9.9138 0 0 0 7.96329 -13.3747
12007.1822750 3015.9397903 9.9128 0 0 0 7.96286 -13.3757
12007.1822752 3015.9397908 9.9117 0 0 0 7.96171 -13.3765
12007.1822750 3015.9397908 9.9133 0 0 0 7.96286 -13.3751
12007.1822747 3015.9397907 9.9117 0 0 0 7.96179 -13.3763
12007.1822751 3015.9397910 9.9123 0 0 0 7.96203 -13.3757
12007.1822742 3015.9397906 9.9125 0 0 0 7.96231 -13.3755
12007.1822749 3015.9397902 9.9117 0 0 0 7.96167 -13.3761
12007.1822748 3015.9397899 9.9123 0 0 0 7.96204 -13.3755
12007.1822750 3015.9397902 9.9115 0 0 0 7.96146 -13.3761
12007.1822745 3015.9397896 9.9164 0 0 0 7.96559 -13.3727
12007.1822743 3015.9397903 9.9155 0 0 0 7.96575 -13.3748
12007.1822748 3015.9397901 9.9127 0 0 0 7.96307 -13.3774
12007.1822743 3015.9397904 9.9133 0 0 0 7.96292 -13.3762
12007.1822745 3015.9397904 9.9120 0 0 0 7.96191 -13.3766
12007.1822746 3015.9397898 9.9129 0 0 0 7.96253 -13.3755
12007.1822744 3015.9397898 9.9153 0 0 0 7.96484 -13.3739
12007.1822735 3015.9397906 9.9147 0 0 0 7.96481 -13.3752
12007.1822738 3015.9397901 9.9123 0 0 0 7.96254 -13.3772
12007.1822740 3015.9397904 9.9128 0 0 0 7.96244 -13.3762
12007.1822734 3015.9397908 9.9136 0 0 0 7.96326 -13.3752
12007.1822734 3015.9397901 9.9155 0 0 0 7.96514 -13.3742
12007.1822736 3015.9397901 9.9142 0 0 0 7.96438 -13.3758
12007.1822732 3015.9397905 9.9137 0 0 0 7.96364 -13.3763
12007.1822732 3015.9397905 9.9147 0 0 0 7.96436 -13.3753
12007.1822733 3015.9397908 9.9146 0 0 0 7.96449 -13.3755
12007.1822732 3015.9397906 9.9148 0 0 0 7.96465 -13.3755
12007.1822734 3015.9397902 9.9146 0 0 0 7.9645 -13.3757
12007.1822733 3015.9397902 9.9159 0 0 0 7.96558 -13.3749
12007.1822734 3015.9397911 9.9164 0 0 0 7.96626 -13.375
12007.1822730 3015.9397902 9.9166 0 0 0 7.96652 -13.3753
12007.1822735 3015.9397909 9.9157 0 0 0 7.96572 -13.3762
12007.1822732 3015.9397908 9.9134 0 0 0 7.9635 -13.3774
12007.1822730 3015.9397906 9.9148 0 0 0 7.96428 -13.3756
12007.1822729 3015.9397903 9.9156 0 0 0 7.96531 -13.3749
12007.1822729 3015.9397909 9.9161 0 0 0 7.96597 -13.375
12007.1822725 3015.9397908 9.9166 0 0 0 7.96648 -13.3751
12007.1822725 3015.9397906 9.9154 0 0 0 7.96548 -13.3763
12007.1822727 3015.9397907 9.9139 0 0 0 7.9639 -13.377
12007.1822727 3015.9397914 9.9165 0 0 0 7.96587 -13.3746
12007.1822722 3015.9397907 9.9164 0 0 0 7.96634 -13.375
12007.1822721 3015.9397910 9.9155 0 0 0 7.96556 -13.3761
12007.1822724 3015.9397910 9.9166 0 0 0 7.96628 -13.3752
12007.1822729 3015.9397906 9.9171 0 0 0 7.96692 -13.3751
12007.1822721 3015.9397918 9.9162 0 0 0 7.96623 -13.376
12007.1822724 3015.9397914 9.9172 0 0 0 7.9669 -13.3753
12007.1822722 3015.9397910 9.9185 0 0 0 7.96822 -13.3746
12007.1822718 3015.9397914 9.9181 0 0 0 7.96812 -13.3755
12007.1822721 3015.9397913 9.9185 0 0 0 7.96835 -13.3754
12007.1822718 3015.9397911 9.9191 0 0 0 7.9689 -13.3752
12007.1822717 3015.9397918 9.9162 0 0 0 7.96647 -13.3773
12007.1822721 3015.9397904 9.9196 0 0 0 7.96886 -13.3744
12007.1822714 3015.9397912 9.9181 0 0 0 7.96823 -13.3758
12007.1822714 3015.9397910 9.9171 0 0 0 7.9671 -13.3765
12007.1822710 3015.9397911 9.9160 0 0 0 7.9659 -13.3768
12007.1822711 3015.9397907 9.9161 0 0 0 7.9658 -13.376
12007.1822711 3015.9397904 9.9182 0 0 0 7.96772 -13.3744
12007.1822715 3015.9397907 9.9183 0 0 0 7.96826 -13.3749
12007.1822718 3015.9397905 9.9184 0 0 0 7.96835 -13.3754
12007.1822708 3015.9397908 9.9181 0 0 0 7.96803 -13.3758
12007.1822708 3015.9397914 9.9167 0 0 0 7.96672 -13.3767
12007.1822710 3015.9397913 9.9168 0 0 0 7.96653 -13.3761
12007.1822708 3015.9397912 9.9170 0 0 0 7.96676 -13.3756
12007.1822710 3015.9397904 9.9160 0 0 0 7.96597 -13.3762
12007.1822704 3015.9397906 9.9172 0 0 0 7.96684 -13.3752
12007.1822708 3015.9397912 9.9180 0 0 0 7.96778 -13.3748
12007.1822708 3015.9397903 9.9163 0 0 0 7.96646 -13.3764
12007.1822706 3015.9397910 9.9171 0 0 0 7.96679 -13.3756
12007.1822707 3015.9397916 9.9188 0 0 0 7.96842 -13.3745
12007.1822703 3015.9397909 9.9172 0 0 0 7.96738 -13.3761
12007.1822713 3015.9397909 9.9183 0 0 0 7.968 -13.3753
12007.1822709 3015.9397910 9.9181 0 0 0 7.968 -13.3756
12007.1822702 3015.9397911 9.9174 0 0 0 7.96736 -13.3761
12007.1822704 3015.9397910 9.9182 0 0 0 7.9679 -13.3754
12007.1822707 3015.9397906 9.9177 0 0 0 7.96763 -13.3758
12007.1822703 3015.9397908 9.9166 0 0 0 7.96658 -13.3765
12007.1822707 3015.9397908 9.9186 0 0 0 7.96811 -13.3748
12007.1822709 3015.9397906 9.9180 0 0 0 7.968 -13.3755
12007.1822710 3015.9397904 9.9171 0 0 0 7.9671 -13.3763
12007.1822710 3015.9397905 9.9180 0 0 0 7.96768 -13.3754
12007.1822707 3015.9397909 9.9171 0 0 0 7.96707 -13.376
12007.1822711 3015.9397910 9.9189 0 0 0 7.96849 -13.3747
12007.1822709 3015.9397905 9.9200 0 0 0 7.9698 -13.3745
12007.1822705 3015.9397906 9.9190 0 0 0 7.96912 -13.3758
12007.1822708 3015.9397906 9.9173 0 0 0 7.96738 -13.377
12007.1822706 3015.9397904 9.9176 0 0 0 7.96727 -13.3761
12007.1822710 3015.9397901 9.9186 0 0 0 7.96824 -13.3751
12007.1822705 3015.9397907 9.9182 0 0 0 7.96815 -13.3756
12007.1822711 3015.9397897 9.9187 0 0 0 7.96851 -13.3754
12007.1822710 3015.9397904 9.9166 0 0 0 7.96675 -13.3769
12007.1822706 3015.9397902 9.9173 0 0 0 7.96694 -13.3758
12007.1822707 3015.9397906 9.9194 0 0 0 7.96893 -13.3743
12007.1822708 3015.9397905 9.9193 0 0 0 7.9693 -13.375
12007.1822709 3015.9397909 9.9184 0 0 0 7.96847 -13.3761
12007.1822710 3015.9397899 9.9185 0 0 0 7.96831 -13.3759
12007.1822708 3015.9397904 9.9173 0 0 0 7.96727 -13.3765
12007.1822709 3015.9397908 9.9215 0 0 0 7.97073 -13.3734
12007.1822711 3015.9397910 9.9189 0 0 0 7.9693 -13.3761
12007.1822710 3015.9397908 9.9185 0 0 0 7.96842 -13.3764
12007.1822711 3015.9397910 9.9194 0 0 0 7.96905 -13.3754
12007.1822710 3015.9397909 9.9194 0 0 0 7.96926 -13.3754
12007.1822714 3015.9397904 9.9204 0 0 0 7.97015 -13.375
12007.1822709 3015.9397904 9.9169 0 0 0 7.96727 -13.3776
12007.1822711 3015.9397903 9.9171 0 0 0 7.96675 -13.3766
12007.1822712 3015.9397906 9.9183 0 0 0 7.96786 -13.3751
12007.1822710 3015.9397903 9.9202 0 0 0 7.96984 -13.3741
12007.1822715 3015.9397906 9.9168 0 0 0 7.96726 -13.3771
12007.1822711 3015.9397900 9.9192 0 0 0 7.96864 -13.3751
12007.1822710 3015.9397905 9.9186 0 0 0 7.96855 -13.3756
12007.1822705 3015.9397906 9.9174 0 0 0 7.96743 -13.3765
12007.1822710 3015.9397904 9.9163 0 0 0 7.96621 -13.3768
12007.1822716 3015.9397898 9.9183 0 0 0 7.96776 -13.3748
12007.1822704 3015.9397894 9.9155 0 0 0 7.96576 -13.3769
12007.1822706 3015.9397900 9.9190 0 0 0 7.9683 -13.3741
12007.1822710 3015.9397904 9.9180 0 0 0 7.9681 -13.3754
12007.1822710 3015.9397908 9.9169 0 0 0 7.96696 -13.3764
12007.1822710 3015.9397905 9.9124 0 0 0 7.96275 -13.379
12007.1822710 3015.9397909 9.9138 0 0 0 7.96312 -13.3763
12007.1822719 3015.9397903 9.9157 0 0 0 7.96516 -13.3743
12007.1822718 3015.9397910 9.9121 0 0 0 7.96253 -13.3772
12007.1822722 3015.9397909 9.9124 0 0 0 7.96209 -13.3764
12007.1822734 3015.9397913 9.9117 0 0 0 7.96152 -13.3763
12007.1822725 3015.9397913 9.9107 0 0 0 7.9606 -13.3765
12007.1822724 3015.9397917 9.9117 0 0 0 7.96132 -13.3754
12007.1822714 3015.9397905 9.9137 0 0 0 7.96331 -13.3741
12007.1822708 3015.9397907 9.9137 0 0 0 7.96371 -13.375
12007.1822710 3015.9397908 9.9131 0 0 0 7.96314 -13.3759
12007.1822717 3015.9397903 9.9146 0 0 0 7.96425 -13.3749
12007.1822719 3015.9397913 9.9117 0 0 0 7.96199 -13.3771
12007.1822702 3015.9397909 9.9149 0 0 0 7.96421 -13.3744
12007.1822714 3015.9397905 9.9132 0 0 0 7.96336 -13.376
12007.1822712 3015.9397905 9.9148 0 0 0 7.96445 -13.3749
12007.1822712 3015.9397904 9.9133 0 0 0 7.96341 -13.3762
12007.1822723 3015.9397902 9.9140 0 0 0 7.96372 -13.3756
12007.1822717 3015.9397914 9.9127 0 0 0 7.96271 -13.3764
12007.1822713 3015.9397906 9.9131 0 0 0 7.96283 -13.3758
12007.1822713 3015.9397914 9.9116 0 0 0 7.96161 -13.3766
12007.1822718 3015.9397912 9.9136 0 0 0 7.9631 -13.3748
12007.1822715 3015.9397907 9.9131 0 0 0 7.96308 -13.3755
12007.1822712 3015.9397910 9.9123 0 0 0 7.96229 -13.3762
12007.1822710 3015.9397919 9.9141 0 0 0 7.96367 -13.3748
12007.1822712 3015.9397912 9.9148 0 0 0 7.96464 -13.3747
12007.1822700 3015.9397919 9.9097 0 0 0 7.96032 -13.3786
12007.1822706 3015.9397896 9.9125 0 0 0 7.96172 -13.3754
12007.1822693 3015.9397893 9.9202 0 0 0 7.96902 -13.3703
12007.1822679 3015.9397893 9.9159 0 0 0 7.96686 -13.3758
12007.1822681 3015.9397871 9.9167 0 0 0 7.96657 -13.3759
12007.1822679 3015.9397884 9.9176 0 0 0 7.96731 -13.3752
12007.1822708 3015.9397870 9.9179 0 0 0 7.96775 -13.3752
12007.1822684 3015.9397906 9.9274 0 0 0 7.9761 -13.3694
12007.1822623 3015.9397814 9.9173 0 0 0 7.96908 -13.3791
