12007.1830522 3015.9411628 9.9000 0 0 0 9.88463 -4.86016
12007.1830522 3015.9411628 9.9023 0 0 0 9.87318 -9.8644
12007.1830523 3015.9411631 9.9016 0 0 0 8.88876 -13.1125
12007.1830523 3015.9411631 9.8989 0 0 0 8.12433 -13.9028
12007.1830517 3015.9411630 9.9010 0 0 0 7.90635 -13.6754
12007.1830522 3015.9411634 9.9012 0 0 0 7.90772 -13.454
12007.1830522 3015.9411630 9.9014 0 0 0 7.93584 -13.376
12007.1830530 3015.9411629 9.9005 0 0 0 7.94847 -13.3665
12007.1830529 3015.9411630 9.8988 0 0 0 7.94979 -13.3723
12007.1830525 3015.9411632 9.8992 0 0 0 7.94958 -13.3749
12007.1830526 3015.9411620 9.9016 0 0 0 7.95131 -13.3742
12007.1830523 3015.9411620 9.9025 0 0 0 7.9524 -13.3745
12007.1830529 3015.9411622 9.8988 0 0 0 7.94928 -13.3776
12007.1830520 3015.9411614 9.8986 0 0 0 7.9483 -13.3769
12007.1830523 3015.9411615 9.9005 0 0 0 7.94993 -13.3748
12007.1830528 3015.9411618 9.8973 0 0 0 7.94761 -13.3771
12007.1830530 3015.9411615 9.8959 0 0 0 7.9458 -13.3774
12007.1830530 3015.9411630 9.8981 0 0 0 7.94746 -13.3749
12007.1830536 3015.9411624 9.8973 0 0 0 7.94728 -13.3756
12007.1830528 3015.9411625 9.8989 0 0 0 7.94857 -13.3747
12007.1830532 3015.9411637 9.8993 0 0 0 7.9492 -13.375
12007.1830529 3015.9411635 9.9013 0 0 0 7.95099 -13.3742
12007.1830532 3015.9411639 9.9024 0 0 0 7.95228 -13.3743
12007.1830528 3015.9411634 9.9035 0 0 0 7.95339 -13.3745
12007.1830530 3015.9411631 9.9018 0 0 0 7.95202 -13.3764
12007.1830535 3015.9411632 9.9027 0 0 0 7.95239 -13.3756
12007.1830533 3015.9411628 9.9051 0 0 0 7.95464 -13.374
12007.1830529 3015.9411631 9.9054 0 0 0 7.95538 -13.3747
12007.1830527 3015.9411629 9.9050 0 0 0 7.95504 -13.3757
12007.1830531 3015.9411631 9.9029 0 0 0 7.95304 -13.3771
12007.1830525 3015.9411636 9.9038 0 0 0 7.95339 -13.3758
12007.1830526 3015.9411633 9.9049 0 0 0 7.95456 -13.3748
12007.1830534 3015.9411630 9.9043 0 0 0 7.95431 -13.3756
12007.1830532 3015.9411629 9.9030 0 0 0 7.95304 -13.3766
12007.1830534 3015.9411631 9.9050 0 0 0 7.9545 -13.3748
12007.1830535 3015.9411631 9.9057 0 0 0 7.95552 -13.3747
12007.1830537 3015.9411629 9.9044 0 0 0 7.95453 -13.3761
12007.1830536 3015.9411630 9.9035 0 0 0 7.95344 -13.3766
12007.1830541 3015.9411631 9.9054 0 0 0 7.9549 -13.3748
12007.1830536 3015.9411637 9.9037 0 0 0 7.95383 -13.3762
12007.1830531 3015.9411628 9.9029 0 0 0 7.95281 -13.3766
12007.1830531 3015.9411627 9.9010 0 0 0 7.95099 -13.3772
12007.1830529 3015.9411625 9.8972 0 0 0 7.94735 -13.3788
12007.1830531 3015.9411627 9.8968 0 0 0 7.94635 -13.3772
12007.1830534 3015.9411619 9.9003 0 0 0 7.94947 -13.3738
12007.1830528 3015.9411621 9.9015 0 0 0 7.95135 -13.3738
12007.1830529 3015.9411616 9.9004 0 0 0 7.95063 -13.3757
12007.1830534 3015.9411628 9.8986 0 0 0 7.94872 -13.3771
12007.1830537 3015.9411626 9.8982 0 0 0 7.94796 -13.3766
12007.1830534 3015.9411620 9.8995 0 0 0 7.94905 -13.3751
12007.1830537 3015.9411634 9.9027 0 0 0 7.95218 -13.3732
12007.1830535 3015.9411629 9.9012 0 0 0 7.9515 -13.3755
12007.1830523 3015.9411620 9.9063 0 0 0 7.95558 -13.3726
12007.1830514 3015.9411632 9.9016 0 0 0 7.95236 -13.3772
12007.1830509 3015.9411614 9.9134 0 0 0 7.96167 -13.3693
12007.1830507 3015.9411616 9.9090 0 0 0 7.96002 -13.3752
12007.1830518 3015.9411608 9.9079 0 0 0 7.9581 -13.3769
12007.1830531 3015.9411632 9.9006 0 0 0 7.95126 -13.381
12007.1830530 3015.9411620 9.9029 0 0 0 7.95188 -13.3766
12007.1830520 3015.9411597 9.9026 0 0 0 7.95225 -13.3757
12007.1830511 3015.9411588 9.8983 0 0 0 7.94867 -13.3783
12007.1830510 3015.9411606 9.9035 0 0 0 7.95242 -13.3736
12007.1830503 3015.9411607 9.9056 0 0 0 7.95532 -13.373
12007.1830502 3015.9411621 9.9031 0 0 0 7.95359 -13.3762
12007.1830510 3015.9411620 9.9015 0 0 0 7.95156 -13.3773
12007.1830498 3015.9411614 9.9009 0 0 0 7.95065 -13.3768
12007.1830507 3015.9411607 9.8996 0 0 0 7.94946 -13.3768
12007.1830534 3015.9411591 9.8958 0 0 0 7.94599 -13.3785
12007.1830520 3015.9411595 9.9028 0 0 0 7.95144 -13.3724
12007.1830528 3015.9411585 9.9027 0 0 0 7.95282 -13.3738
12007.1830514 3015.9411587 9.9016 0 0 0 7.95186 -13.3759
12007.1830521 3015.9411611 9.8993 0 0 0 7.94947 -13.3775
12007.1830503 3015.9411612 9.9023 0 0 0 7.95158 -13.3746
12007.1830514 3015.9411611 9.8962 0 0 0 7.94689 -13.3788
12007.1830509 3015.9411615 9.9038 0 0 0 7.95239 -13.3725
12007.1830520 3015.9411607 9.8982 0 0 0 7.94901 -13.3773
12007.1830514 3015.9411610 9.8974 0 0 0 7.94727 -13.3774
12007.1830510 3015.9411612 9.8992 0 0 0 7.94861 -13.3751
12007.1830514 3015.9411609 9.8994 0 0 0 7.94923 -13.3751
12007.1830512 3015.9411609 9.8994 0 0 0 7.94932 -13.3754
12007.1830515 3015.9411606 9.8993 0 0 0 7.9492 -13.3757
12007.1830517 3015.9411605 9.9030 0 0 0 7.95238 -13.3733
12007.1830515 3015.9411607 9.9014 0 0 0 7.95169 -13.3756
12007.1830518 3015.9411615 9.9034 0 0 0 7.95307 -13.3746
12007.1830519 3015.9411611 9.9036 0 0 0 7.95353 -13.375
12007.1830529 3015.9411617 9.9005 0 0 0 7.95083 -13.3775
12007.1830519 3015.9411618 9.9024 0 0 0 7.95184 -13.3754
12007.1830528 3015.9411606 9.9035 0 0 0 7.95319 -13.3746
12007.1830530 3015.9411608 9.9008 0 0 0 7.95111 -13.3769
12007.1830526 3015.9411612 9.9005 0 0 0 7.95029 -13.3766
12007.1830525 3015.9411614 9.8992 0 0 0 7.94909 -13.3768
12007.1830522 3015.9411618 9.8998 0 0 0 7.94943 -13.3757
12007.1830526 3015.9411608 9.8992 0 0 0 7.94909 -13.3759
12007.1830522 3015.9411618 9.8977 0 0 0 7.94771 -13.3767
12007.1830523 3015.9411613 9.8977 0 0 0 7.94743 -13.3762
12007.1830524 3015.9411609 9.8981 0 0 0 7.94782 -13.3755
12007.1830523 3015.9411612 9.8974 0 0 0 7.94734 -13.376
12007.1830525 3015.9411614 9.8982 0 0 0 7.94792 -13.3753
12007.1830531 3015.9411613 9.8976 0 0 0 7.94755 -13.3758
12007.1830526 3015.9411614 9.8964 0 0 0 7.94639 -13.3766
12007.1830529 3015.9411610 9.8988 0 0 0 7.94825 -13.3745
12007.1830528 3015.9411613 9.8969 0 0 0 7.94708 -13.3762
12007.1830524 3015.9411615 9.8975 0 0 0 7.94725 -13.3757
12007.1830526 3015.9411607 9.8980 0 0 0 7.94777 -13.3753
12007.1830528 3015.9411602 9.8968 0 0 0 7.94684 -13.3762
12007.1830530 3015.9411606 9.8975 0 0 0 7.94721 -13.3756
12007.1830527 3015.9411609 9.8948 0 0 0 7.94499 -13.3773
12007.1830524 3015.9411608 9.8973 0 0 0 7.94667 -13.3749
12007.1830535 3015.9411614 9.8947 0 0 0 7.94492 -13.3767
12007.1830534 3015.9411614 9.8979 0 0 0 7.94725 -13.3742
12007.1830518 3015.9411615 9.8972 0 0 0 7.94726 -13.3753
12007.1830523 3015.9411619 9.8978 0 0 0 7.94765 -13.3753
12007.1830528 3015.9411611 9.8980 0 0 0 7.94787 -13.3754
12007.1830532 3015.9411616 9.8974 0 0 0 7.94736 -13.376
12007.1830528 3015.9411613 9.8956 0 0 0 7.94565 -13.377
12007.1830534 3015.9411615 9.8958 0 0 0 7.94548 -13.3762
12007.1830526 3015.9411606 9.8978 0 0 0 7.94731 -13.3745
12007.1830531 3015.9411606 9.8952 0 0 0 7.94549 -13.3767
12007.1830533 3015.9411606 9.8933 0 0 0 7.94332 -13.3775
12007.1830532 3015.9411612 9.8953 0 0 0 7.94468 -13.3752
12007.1830536 3015.9411605 9.8954 0 0 0 7.94524 -13.3751
12007.1830533 3015.9411608 9.8930 0 0 0 7.94322 -13.377
12007.1830538 3015.9411611 9.8950 0 0 0 7.94447 -13.3751
12007.1830538 3015.9411612 9.8948 0 0 0 7.9447 -13.3754
12007.1830537 3015.9411611 9.8955 0 0 0 7.94531 -13.3751
12007.1830542 3015.9411613 9.8942 0 0 0 7.94428 -13.3763
12007.1830542 3015.9411617 9.8959 0 0 0 7.94548 -13.3749
12007.1830534 3015.9411619 9.8941 0 0 0 7.94424 -13.3764
12007.1830533 3015.9411620 9.8952 0 0 0 7.94485 -13.3754
12007.1830530 3015.9411619 9.8975 0 0 0 7.94707 -13.374
12007.1830540 3015.9411607 9.8967 0 0 0 7.94683 -13.3754
12007.1830541 3015.9411607 9.8996 0 0 0 7.94915 -13.3739
12007.1830538 3015.9411612 9.8939 0 0 0 7.94466 -13.3785
12007.1830537 3015.9411609 9.8983 0 0 0 7.94735 -13.3745
12007.1830541 3015.9411611 9.8976 0 0 0 7.94759 -13.3752
12007.1830543 3015.9411614 9.8959 0 0 0 7.94605 -13.3767
12007.1830543 3015.9411609 9.8967 0 0 0 7.94636 -13.3757
12007.1830538 3015.9411610 9.8957 0 0 0 7.94565 -13.3762
12007.1830543 3015.9411610 9.8961 0 0 0 7.94584 -13.3757
12007.1830540 3015.9411615 9.8964 0 0 0 7.9462 -13.3754
12007.1830544 3015.9411611 9.8946 0 0 0 7.94471 -13.3767
12007.1830546 3015.9411617 9.8951 0 0 0 7.94479 -13.3759
12007.1830551 3015.9411612 9.8943 0 0 0 7.9442 -13.3762
12007.1830550 3015.9411619 9.8943 0 0 0 7.94409 -13.3759
12007.1830551 3015.9411615 9.8942 0 0 0 7.94403 -13.3758
12007.1830553 3015.9411616 9.8968 0 0 0 7.9463 -13.374
12007.1830544 3015.9411617 9.8978 0 0 0 7.94769 -13.3742
12007.1830550 3015.9411617 9.8953 0 0 0 7.94566 -13.3768
12007.1830556 3015.9411615 9.8959 0 0 0 7.9456 -13.376
12007.1830556 3015.9411616 9.8967 0 0 0 7.94639 -13.3752
12007.1830542 3015.9411610 9.8958 0 0 0 7.94581 -13.376
12007.1830543 3015.9411611 9.8964 0 0 0 7.94616 -13.3755
12007.1830544 3015.9411605 9.8968 0 0 0 7.94661 -13.3753
12007.1830542 3015.9411611 9.8955 0 0 0 7.94556 -13.3763
12007.1830539 3015.9411610 9.8950 0 0 0 7.94485 -13.3764
12007.1830541 3015.9411614 9.8971 0 0 0 7.94659 -13.3746
12007.1830540 3015.9411608 9.8959 0 0 0 7.946 -13.3758
12007.1830547 3015.9411612 9.8943 0 0 0 7.94437 -13.3769
12007.1830549 3015.9411611 9.8955 0 0 0 7.94507 -13.3755
12007.1830546 3015.9411612 9.8962 0 0 0 7.94595 -13.375
12007.1830545 3015.9411605 9.8955 0 0 0 7.94551 -13.3758
12007.1830547 3015.9411606 9.8960 0 0 0 7.94579 -13.3755
12007.1830547 3015.9411610 9.8941 0 0 0 7.94421 -13.3768
12007.1830547 3015.9411609 9.8949 0 0 0 7.94454 -13.3757
12007.1830547 3015.9411605 9.8934 0 0 0 7.94341 -13.3765
12007.1830547 3015.9411605 9.8959 0 0 0 7.94534 -13.3745
12007.1830548 3015.9411605 9.8896 0 0 0 7.94035 -13.379
12007.1830554 3015.9411606 9.8930 0 0 0 7.94211 -13.3753
12007.1830552 3015.9411608 9.8928 0 0 0 7.94263 -13.3752
12007.1830552 3015.9411611 9.8940 0 0 0 7.94376 -13.3747
12007.1830556 3015.9411612 9.8933 0 0 0 7.94335 -13.3757
12007.1830555 3015.9411617 9.8933 0 0 0 7.94317 -13.3758
12007.1830557 3015.9411618 9.8930 0 0 0 7.94287 -13.3759
12007.1830552 3015.9411617 9.8933 0 0 0 7.94308 -13.3756
12007.1830557 3015.9411615 9.8932 0 0 0 7.94306 -13.3757
12007.1830554 3015.9411614 9.8948 0 0 0 7.94445 -13.3747
12007.1830555 3015.9411617 9.8947 0 0 0 7.94467 -13.3752
12007.1830553 3015.9411616 9.8947 0 0 0 7.94462 -13.3756
12007.1830557 3015.9411619 9.8946 0 0 0 7.94448 -13.3757
12007.1830555 3015.9411619 9.8918 0 0 0 7.942 -13.3775
12007.1830555 3015.9411619 9.8929 0 0 0 7.94242 -13.3759
12007.1830559 3015.9411623 9.8906 0 0 0 7.94068 -13.377
12007.1830553 3015.9411616 9.8910 0 0 0 7.94066 -13.376
12007.1830559 3015.9411618 9.8923 0 0 0 7.94191 -13.3748
12007.1830553 3015.9411618 9.8915 0 0 0 7.94153 -13.3757
12007.1830556 3015.9411609 9.8918 0 0 0 7.94163 -13.3756
12007.1830563 3015.9411609 9.8919 0 0 0 7.94174 -13.3756
12007.1830559 3015.9411608 9.8935 0 0 0 7.94316 -13.3746
12007.1830561 3015.9411611 9.8946 0 0 0 7.94442 -13.3745
12007.1830561 3015.9411610 9.8956 0 0 0 7.94547 -13.3746
12007.1830562 3015.9411619 9.8938 0 0 0 7.94402 -13.3764
12007.1830554 3015.9411617 9.8943 0 0 0 7.94404 -13.3759
12007.1830560 3015.9411618 9.8946 0 0 0 7.94437 -13.3755
12007.1830558 3015.9411615 9.8933 0 0 0 7.94333 -13.3764
12007.1830559 3015.9411617 9.8938 0 0 0 7.94352 -13.3757
12007.1830561 3015.9411621 9.8924 0 0 0 7.9424 -13.3765
12007.1830561 3015.9411617 9.8925 0 0 0 7.94225 -13.376
12007.1830568 3015.9411619 9.8938 0 0 0 7.94343 -13.3749
12007.1830572 3015.9411618 9.8964 0 0 0 7.94599 -13.3736
12007.1830566 3015.9411623 9.8973 0 0 0 7.94727 -13.3742
12007.1830570 3015.9411616 9.8915 0 0 0 7.94229 -13.3789
12007.1830574 3015.9411619 9.8899 0 0 0 7.93966 -13.3785
12007.1830571 3015.9411622 9.8908 0 0 0 7.94017 -13.376
12007.1830568 3015.9411618 9.8923 0 0 0 7.94185 -13.3745
12007.1830565 3015.9411611 9.8905 0 0 0 7.94068 -13.3762
12007.1830573 3015.9411618 9.8886 0 0 0 7.93866 -13.3773
12007.1830566 3015.9411618 9.8912 0 0 0 7.94054 -13.3747
12007.1830567 3015.9411612 9.8913 0 0 0 7.94119 -13.3749
12007.1830573 3015.9411612 9.8905 0 0 0 7.94055 -13.3759
12007.1830567 3015.9411618 9.8900 0 0 0 7.9399 -13.3762
12007.1830566 3015.9411611 9.8895 0 0 0 7.93935 -13.3762
12007.1830564 3015.9411617 9.8912 0 0 0 7.94076 -13.3748
12007.1830569 3015.9411617 9.8901 0 0 0 7.94017 -13.3759
12007.1830560 3015.9411611 9.8914 0 0 0 7.94109 -13.375
12007.1830567 3015.9411618 9.8903 0 0 0 7.94035 -13.376
12007.1830571 3015.9411609 9.8909 0 0 0 7.94065 -13.3755
12007.1830569 3015.9411617 9.8898 0 0 0 7.93979 -13.3763
12007.1830565 3015.9411617 9.8897 0 0 0 7.9395 -13.376
12007.1830564 3015.9411617 9.8915 0 0 0 7.94107 -13.3746
12007.1830568 3015.9411622 9.8916 0 0 0 7.94153 -13.375
12007.1830571 3015.9411617 9.8925 0 0 0 7.94233 -13.3749
12007.1830561 3015.9411623 9.8883 0 0 0 7.93878 -13.3781
12007.1830566 3015.9411616 9.8915 0 0 0 7.94072 -13.3749
12007.1830565 3015.9411623 9.8895 0 0 0 7.93962 -13.3763
12007.1830566 3015.9411614 9.8899 0 0 0 7.93966 -13.3758
12007.1830558 3015.9411627 9.8891 0 0 0 7.93902 -13.3762
12007.1830556 3015.9411620 9.8866 0 0 0 7.93671 -13.3775
12007.1830565 3015.9411608 9.8848 0 0 0 7.93468 -13.3776
12007.1830568 3015.9411610 9.8887 0 0 0 7.93781 -13.3739
12007.1830566 3015.9411628 9.8871 0 0 0 7.93728 -13.3756
12007.1830562 3015.9411628 9.8901 0 0 0 7.93962 -13.3739
12007.1830573 3015.9411638 9.8871 0 0 0 7.93751 -13.3767
12007.1830575 3015.9411628 9.8806 0 0 0 7.93121 -13.3806
12007.1830569 3015.9411636 9.8894 0 0 0 7.9376 -13.3723
12007.1830566 3015.9411634 9.8848 0 0 0 7.93545 -13.3763
12007.1830572 3015.9411638 9.8883 0 0 0 7.93772 -13.3742
12007.1830557 3015.9411636 9.8913 0 0 0 7.9409 -13.3729
12007.1830562 3015.9411638 9.8887 0 0 0 7.9392 -13.3762
12007.1830579 3015.9411645 9.8902 0 0 0 7.93987 -13.3753
12007.1830580 3015.9411662 9.8849 0 0 0 7.93545 -13.3788
12007.1830606 3015.9411675 9.8790 0 0 0 7.92929 -13.381
12007.1830631 3015.9411646 9.8814 0 0 0 7.93032 -13.3763
12007.1830636 3015.9411663 9.8741 0 0 0 7.92467 -13.38
12007.1830654 3015.9411668 9.8693 0 0 0 7.9193 -13.3808
12007.1830641 3015.9411657 9.8695 0 0 0 7.9187 -13.3775
12007.1830584 3015.9411652 9.8825 0 0 0 7.93038 -13.3676
12007.1830594 3015.9411641 9.8857 0 0 0 7.93592 -13.3695
12007.1830570 3015.9411642 9.8902 0 0 0 7.94032 -13.3708
12007.1830587 3015.9411616 9.8881 0 0 0 7.93887 -13.3754
12007.1830590 3015.9411644 9.8888 0 0 0 7.93871 -13.3757
12007.1830567 3015.9411644 9.8879 0 0 0 7.93787 -13.3763
12007.1830561 3015.9411653 9.8899 0 0 0 7.93943 -13.3747
12007.1830560 3015.9411651 9.8908 0 0 0 7.94062 -13.3745
12007.1830564 3015.9411653 9.8918 0 0 0 7.94166 -13.3746
12007.1830567 3015.9411647 9.8933 0 0 0 7.9431 -13.3743
12007.1830570 3015.9411647 9.8918 0 0 0 7.942 -13.3761
12007.1830571 3015.9411647 9.8891 0 0 0 7.93928 -13.3778
12007.1830569 3015.9411652 9.8879 0 0 0 7.93768 -13.3774
12007.1830566 3015.9411645 9.8862 0 0 0 7.93604 -13.3773
12007.1830575 3015.9411646 9.8864 0 0 0 7.93601 -13.3761
12007.1830577 3015.9411637 9.8883 0 0 0 7.93782 -13.3745
12007.1830582 3015.9411640 9.8845 0 0 0 7.93494 -13.3775
12007.1830573 3015.9411640 9.8870 0 0 0 7.93638 -13.3751
12007.1830580 3015.9411619 9.8904 0 0 0 7.93983 -13.373
12007.1830574 3015.9411628 9.8892 0 0 0 7.93949 -13.3752
12007.1830574 3015.9411623 9.8878 0 0 0 7.93794 -13.3767
12007.1830573 3015.9411637 9.8872 0 0 0 7.93704 -13.3766
12007.1830565 3015.9411633 9.8928 0 0 0 7.94182 -13.3724
12007.1830564 3015.9411642 9.8922 0 0 0 7.94243 -13.3743
12007.1830565 3015.9411639 9.8951 0 0 0 7.9448 -13.3736
12007.1830561 3015.9411646 9.8961 0 0 0 7.94607 -13.3742
12007.1830578 3015.9411642 9.8926 0 0 0 7.9431 -13.3774
12007.1830581 3015.9411635 9.8917 0 0 0 7.94152 -13.3773
12007.1830565 3015.9411640 9.8985 0 0 0 7.94727 -13.3719
12007.1830578 3015.9411657 9.8945 0 0 0 7.9452 -13.3762
12007.1830566 3015.9411673 9.8929 0 0 0 7.943 -13.3774
12007.1830578 3015.9411669 9.8933 0 0 0 7.94291 -13.3762
12007.1830579 3015.9411655 9.8881 0 0 0 7.93851 -13.379
12007.1830568 3015.9411657 9.8908 0 0 0 7.93995 -13.3755
12007.1830564 3015.9411680 9.8916 0 0 0 7.94128 -13.3747
12007.1830559 3015.9411677 9.8922 0 0 0 7.94208 -13.3748
12007.1830568 3015.9411672 9.8897 0 0 0 7.93998 -13.377
12007.1830565 3015.9411663 9.8913 0 0 0 7.94083 -13.3754
12007.1830568 3015.9411662 9.8871 0 0 0 7.93748 -13.3781
12007.1830568 3015.9411662 9.8844 0 0 0 7.93436 -13.3786
12007.1830569 3015.9411647 9.8920 0 0 0 7.94052 -13.3719
12007.1830576 3015.9411647 9.8930 0 0 0 7.94303 -13.3728
12007.1830583 3015.9411641 9.8964 0 0 0 7.9462 -13.3726
12007.1830585 3015.9411648 9.8954 0 0 0 7.94576 -13.3752
12007.1830578 3015.9411644 9.9010 0 0 0 7.95027 -13.3722
12007.1830589 3015.9411646 9.8972 0 0 0 7.9479 -13.3765
12007.1830580 3015.9411641 9.9001 0 0 0 7.94958 -13.3746
12007.1830581 3015.9411647 9.8967 0 0 0 7.94707 -13.3772
12007.1830588 3015.9411637 9.9016 0 0 0 7.95069 -13.3734
12007.1830582 3015.9411635 9.9010 0 0 0 7.95111 -13.3748
12007.1830585 3015.9411643 9.8989 0 0 0 7.94917 -13.3769
12007.1830584 3015.9411645 9.8985 0 0 0 7.9483 -13.3766
12007.1830584 3015.9411646 9.8968 0 0 0 7.94674 -13.3771
12007.1830594 3015.9411638 9.8959 0 0 0 7.9457 -13.3768
12007.1830596 3015.9411646 9.8958 0 0 0 7.94551 -13.3761
12007.1830578 3015.9411652 9.8957 0 0 0 7.94549 -13.3758
12007.1830579 3015.9411640 9.8986 0 0 0 7.94806 -13.3738
12007.1830571 3015.9411651 9.8960 0 0 0 7.94637 -13.3764
12007.1830559 3015.9411650 9.8961 0 0 0 7.94591 -13.3762
12007.1830563 3015.9411647 9.9024 0 0 0 7.95137 -13.3718
12007.1830567 3015.9411645 9.9015 0 0 0 7.95184 -13.3743
12007.1830560 3015.9411641 9.9033 0 0 0 7.95316 -13.3743
12007.1830570 3015.9411641 9.8977 0 0 0 7.94843 -13.3788
12007.1830569 3015.9411639 9.8959 0 0 0 7.9457 -13.3785
12007.1830560 3015.9411642 9.8984 0 0 0 7.94756 -13.3751
12007.1830562 3015.9411639 9.8968 0 0 0 7.94684 -13.376
12007.1830557 3015.9411647 9.8961 0 0 0 7.94602 -13.3764
12007.1830558 3015.9411645 9.8935 0 0 0 7.9436 -13.3776
12007.1830539 3015.9411646 9.8947 0 0 0 7.94418 -13.3758
12007.1830548 3015.9411646 9.8966 0 0 0 7.94615 -13.3743
12007.1830544 3015.9411652 9.8983 0 0 0 7.94808 -13.3739
12007.1830547 3015.9411645 9.8963 0 0 0 7.94662 -13.3763
12007.1830546 3015.9411641 9.8997 0 0 0 7.9491 -13.374
12007.1830556 3015.9411633 9.8955 0 0 0 7.94604 -13.3775
12007.1830556 3015.9411638 9.8964 0 0 0 7.94599 -13.3762
12007.1830553 3015.9411632 9.8973 0 0 0 7.94694 -13.3751
12007.1830549 3015.9411634 9.8990 0 0 0 7.94868 -13.3742
12007.1830552 3015.9411639 9.8972 0 0 0 7.94744 -13.3762
12007.1830550 3015.9411633 9.8999 0 0 0 7.94939 -13.3744
12007.1830555 3015.9411634 9.8982 0 0 0 7.94838 -13.3761
12007.1830554 3015.9411639 9.9009 0 0 0 7.9504 -13.3743
12007.1830555 3015.9411631 9.8981 0 0 0 7.94844 -13.3767
12007.1830553 3015.9411632 9.8988 0 0 0 7.94849 -13.3759
12007.1830555 3015.9411641 9.8993 0 0 0 7.94903 -13.3753
12007.1830549 3015.9411641 9.9002 0 0 0 7.94996 -13.3749
12007.1830551 3015.9411638 9.8968 0 0 0 7.94717 -13.3775
12007.1830552 3015.9411639 9.8983 0 0 0 7.94779 -13.3757
12007.1830548 3015.9411645 9.8971 0 0 0 7.94705 -13.3762
12007.1830554 3015.9411641 9.9001 0 0 0 7.94951 -13.374
12007.1830553 3015.9411632 9.8967 0 0 0 7.94714 -13.377
12007.1830555 3015.9411641 9.8970 0 0 0 7.94672 -13.3763
12007.1830555 3015.9411630 9.9003 0 0 0 7.94963 -13.3737
12007.1830540 3015.9411638 9.8993 0 0 0 7.94946 -13.3753
12007.1830552 3015.9411643 9.9014 0 0 0 7.95107 -13.3744
12007.1830541 3015.9411645 9.8973 0 0 0 7.94781 -13.3777
12007.1830546 3015.9411646 9.8977 0 0 0 7.94732 -13.3766
12007.1830579 3015.9411639 9.8886 0 0 0 7.93946 -13.3817
12007.1830545 3015.9411650 9.8938 0 0 0 7.94235 -13.3752
12007.1830545 3015.9411647 9.8897 0 0 0 7.93997 -13.3773
12007.1830536 3015.9411646 9.8936 0 0 0 7.9428 -13.374
12007.1830570 3015.9411631 9.8931 0 0 0 7.94314 -13.375
12007.1830583 3015.9411622 9.8877 0 0 0 7.93835 -13.379
12007.1830579 3015.9411630 9.8956 0 0 0 7.94412 -13.3723
12007.1830564 3015.9411644 9.8941 0 0 0 7.9444 -13.3746
12007.1830545 3015.9411657 9.8926 0 0 0 7.94284 -13.3765
12007.1830558 3015.9411652 9.8950 0 0 0 7.94449 -13.3747
12007.1830560 3015.9411641 9.8938 0 0 0 7.94388 -13.3758
12007.1830556 3015.9411639 9.8960 0 0 0 7.94558 -13.3745
12007.1830554 3015.9411636 9.8917 0 0 0 7.94221 -13.3778
12007.1830562 3015.9411646 9.8950 0 0 0 7.94424 -13.3748
12007.1830552 3015.9411636 9.8928 0 0 0 7.94297 -13.3764
12007.1830556 3015.9411639 9.8939 0 0 0 7.94356 -13.3754
12007.1830557 3015.9411636 9.8952 0 0 0 7.94489 -13.3746
12007.1830558 3015.9411638 9.8953 0 0 0 7.94525 -13.3751
12007.1830557 3015.9411644 9.8953 0 0 0 7.94523 -13.3755
12007.1830554 3015.9411640 9.8921 0 0 0 7.94238 -13.3777
12007.1830561 3015.9411641 9.8901 0 0 0 7.94 -13.378
12007.1830558 3015.9411634 9.8923 0 0 0 7.94158 -13.3751
12007.1830556 3015.9411633 9.8905 0 0 0 7.94058 -13.3763
12007.1830557 3015.9411637 9.8937 0 0 0 7.9431 -13.374
12007.1830559 3015.9411637 9.8922 0 0 0 7.9424 -13.3757
12007.1830551 3015.9411632 9.8921 0 0 0 7.942 -13.376
12007.1830555 3015.9411637 9.8952 0 0 0 7.94462 -13.3738
12007.1830555 3015.9411632 9.8907 0 0 0 7.9413 -13.3776
12007.1830550 3015.9411636 9.8925 0 0 0 7.94197 -13.3757
12007.1830557 3015.9411645 9.8900 0 0 0 7.94012 -13.377
12007.1830558 3015.9411637 9.8931 0 0 0 7.94242 -13.3743
12007.1830556 3015.9411643 9.8946 0 0 0 7.94436 -13.3739
12007.1830563 3015.9411631 9.8911 0 0 0 7.94161 -13.3772
12007.1830555 3015.9411638 9.8926 0 0 0 7.94215 -13.3757
12007.1830561 3015.9411640 9.8921 0 0 0 7.94197 -13.3758
12007.1830562 3015.9411637 9.8917 0 0 0 7.94159 -13.376
12007.1830561 3015.9411640 9.8907 0 0 0 7.94064 -13.3764
12007.1830560 3015.9411641 9.8912 0 0 0 7.9409 -13.3757
12007.1830564 3015.9411640 9.8908 0 0 0 7.94068 -13.3758
12007.1830558 3015.9411645 9.8955 0 0 0 7.94473 -13.3727
12007.1830565 3015.9411641 9.8950 0 0 0 7.94521 -13.3745
12007.1830564 3015.9411636 9.8960 0 0 0 7.94591 -13.3749
12007.1830556 3015.9411643 9.8948 0 0 0 7.94491 -13.3762
12007.1830564 3015.9411642 9.8948 0 0 0 7.94462 -13.376
12007.1830558 3015.9411643 9.8954 0 0 0 7.94512 -13.3754
12007.1830563 3015.9411639 9.8955 0 0 0 7.94536 -13.3754
12007.1830565 3015.9411635 9.8956 0 0 0 7.94547 -13.3755
12007.1830558 3015.9411645 9.8946 0 0 0 7.9446 -13.3763
12007.1830560 3015.9411645 9.8927 0 0 0 7.94273 -13.3772
12007.1830559 3015.9411646 9.8952 0 0 0 7.94456 -13.3747
12007.1830556 3015.9411640 9.8937 0 0 0 7.9438 -13.376
12007.1830560 3015.9411643 9.8939 0 0 0 7.94372 -13.3758
12007.1830560 3015.9411641 9.8953 0 0 0 7.94495 -13.3748
12007.1830556 3015.9411637 9.8962 0 0 0 7.94602 -13.3747
12007.1830557 3015.9411634 9.8957 0 0 0 7.94574 -13.3756
12007.1830557 3015.9411638 9.8928 0 0 0 7.94305 -13.3776
12007.1830563 3015.9411636 9.8945 0 0 0 7.94394 -13.3755
12007.1830561 3015.9411642 9.8964 0 0 0 7.94597 -13.3741
12007.1830554 3015.9411632 9.8934 0 0 0 7.94379 -13.3769
12007.1830559 3015.9411642 9.8922 0 0 0 7.94212 -13.3772
12007.1830554 3015.9411633 9.8936 0 0 0 7.94308 -13.3754
12007.1830555 3015.9411637 9.8948 0 0 0 7.94449 -13.3746
12007.1830558 3015.9411632 9.8917 0 0 0 7.94206 -13.3771
12007.1830554 3015.9411631 9.8942 0 0 0 7.94361 -13.3749
12007.1830555 3015.9411630 9.8914 0 0 0 7.94164 -13.3769
12007.1830559 3015.9411627 9.8907 0 0 0 7.94053 -13.3768
12007.1830558 3015.9411633 9.8922 0 0 0 7.94171 -13.3751
12007.1830560 3015.9411631 9.8914 0 0 0 7.94138 -13.3758
12007.1830552 3015.9411633 9.8926 0 0 0 7.9423 -13.375
12007.1830558 3015.9411647 9.8960 0 0 0 7.94548 -13.3732
12007.1830561 3015.9411645 9.8958 0 0 0 7.94595 -13.3747
12007.1830548 3015.9411635 9.8948 0 0 0 7.94494 -13.3761
12007.1830554 3015.9411636 9.8938 0 0 0 7.94376 -13.3767
12007.1830562 3015.9411640 9.8958 0 0 0 7.94528 -13.3748
12007.1830558 3015.9411634 9.8923 0 0 0 7.94266 -13.3774
12007.1830561 3015.9411638 9.8923 0 0 0 7.942 -13.3766
12007.1830567 3015.9411633 9.8921 0 0 0 7.94184 -13.376
12007.1830559 3015.9411635 9.8950 0 0 0 7.94442 -13.3739
12007.1830554 3015.9411632 9.8972 0 0 0 7.94694 -13.3733
12007.1830563 3015.9411636 9.8958 0 0 0 7.94611 -13.3757
12007.1830563 3015.9411644 9.8971 0 0 0 7.94684 -13.3751
12007.1830566 3015.9411636 9.8966 0 0 0 7.94657 -13.3757
12007.1830569 3015.9411634 9.8964 0 0 0 7.94628 -13.3759
12007.1830564 3015.9411639 9.8939 0 0 0 7.94404 -13.3774
12007.1830561 3015.9411637 9.8954 0 0 0 7.94488 -13.3755
12007.1830561 3015.9411641 9.8958 0 0 0 7.94557 -13.3751
12007.1830561 3015.9411639 9.8958 0 0 0 7.94571 -13.3754
12007.1830561 3015.9411637 9.8932 0 0 0 7.94342 -13.3773
12007.1830566 3015.9411643 9.8960 0 0 0 7.94534 -13.3747
12007.1830565 3015.9411644 9.8947 0 0 0 7.94477 -13.3758
12007.1830566 3015.9411636 9.8931 0 0 0 7.94316 -13.3769
12007.1830559 3015.9411639 9.8937 0 0 0 7.94335 -13.3759
12007.1830566 3015.9411638 9.8925 0 0 0 7.94245 -13.3764
12007.1830565 3015.9411638 9.8921 0 0 0 7.94192 -13.3762
12007.1830566 3015.9411644 9.8928 0 0 0 7.94248 -13.3754
12007.1830568 3015.9411637 9.8919 0 0 0 7.94188 -13.376
12007.1830564 3015.9411641 9.8952 0 0 0 7.9446 -13.3738
12007.1830564 3015.9411644 9.8913 0 0 0 7.94183 -13.3772
12007.1830563 3015.9411642 9.8939 0 0 0 7.94331 -13.375
12007.1830560 3015.9411636 9.8941 0 0 0 7.94395 -13.375
12007.1830564 3015.9411636 9.8906 0 0 0 7.94098 -13.3777
12007.1830558 3015.9411641 9.8940 0 0 0 7.94323 -13.3746
12007.1830556 3015.9411637 9.8955 0 0 0 7.94522 -13.3739
12007.1830558 3015.9411636 9.8953 0 0 0 7.94538 -13.3751
12007.1830562 3015.9411638 9.8936 0 0 0 7.94377 -13.3767
12007.1830560 3015.9411636 9.8959 0 0 0 7.94537 -13.3748
12007.1830565 3015.9411633 9.8926 0 0 0 7.94294 -13.3772
12007.1830564 3015.9411638 9.8941 0 0 0 7.94362 -13.3756
12007.1830563 3015.9411637 9.8949 0 0 0 7.94462 -13.3749
12007.1830562 3015.9411636 9.8934 0 0 0 7.94352 -13.3763
12007.1830565 3015.9411636 9.8935 0 0 0 7.94329 -13.376
12007.1830570 3015.9411635 9.8910 0 0 0 7.94112 -13.3773
12007.1830567 3015.9411636 9.8946 0 0 0 7.94381 -13.3741
12007.1830564 3015.9411644 9.8942 0 0 0 7.94421 -13.375
12007.1830565 3015.9411636 9.8956 0 0 0 7.94538 -13.3746
12007.1830564 3015.9411634 9.8932 0 0 0 7.94348 -13.3768
12007.1830557 3015.9411635 9.8906 0 0 0 7.94069 -13.378
12007.1830562 3015.9411635 9.8937 0 0 0 7.94289 -13.3747
12007.1830558 3015.9411642 9.8934 0 0 0 7.94333 -13.3751
12007.1830557 3015.9411640 9.8936 0 0 0 7.94351 -13.3754
12007.1830567 3015.9411639 9.8956 0 0 0 7.94524 -13.3743
12007.1830566 3015.9411636 9.8951 0 0 0 7.94516 -13.3754
12007.1830564 3015.9411633 9.8977 0 0 0 7.94728 -13.374
12007.1830559 3015.9411641 9.8942 0 0 0 7.94467 -13.3771
12007.1830562 3015.9411632 9.8928 0 0 0 7.94272 -13.3775
12007.1830568 3015.9411629 9.8940 0 0 0 7.94347 -13.3756
12007.1830561 3015.9411636 9.8969 0 0 0 7.94634 -13.3735
12007.1830568 3015.9411643 9.8944 0 0 0 7.94479 -13.3762
12007.1830568 3015.9411636 9.8942 0 0 0 7.94407 -13.3763
12007.1830573 3015.9411639 9.8934 0 0 0 7.94327 -13.3764
12007.1830573 3015.9411646 9.8916 0 0 0 7.94158 -13.3771
12007.1830563 3015.9411641 9.8895 0 0 0 7.93945 -13.3776
12007.1830556 3015.9411637 9.8924 0 0 0 7.94165 -13.3746
12007.1830572 3015.9411637 9.8909 0 0 0 7.941 -13.3758
12007.1830569 3015.9411628 9.8887 0 0 0 7.93884 -13.3773
12007.1830581 3015.9411627 9.8930 0 0 0 7.94213 -13.3737
12007.1830590 3015.9411611 9.8914 0 0 0 7.94161 -13.3755
12007.1830577 3015.9411630 9.8927 0 0 0 7.94245 -13.375
12007.1830564 3015.9411642 9.8897 0 0 0 7.94 -13.3773
12007.1830574 3015.9411649 9.8873 0 0 0 7.93731 -13.3781
12007.1830566 3015.9411661 9.8880 0 0 0 7.93747 -13.3762
12007.1830579 3015.9411644 9.8884 0 0 0 7.93808 -13.3754
12007.1830597 3015.9411629 9.8856 0 0 0 7.93582 -13.3772
12007.1830602 3015.9411629 9.8870 0 0 0 7.93652 -13.3756
12007.1830600 3015.9411634 9.8882 0 0 0 7.93787 -13.3747
12007.1830597 3015.9411628 9.8865 0 0 0 7.93667 -13.3763
12007.1830598 3015.9411630 9.8853 0 0 0 7.93527 -13.3769
12007.1830594 3015.9411631 9.8852 0 0 0 7.93493 -13.3762
12007.1830588 3015.9411634 9.8831 0 0 0 7.93313 -13.3771
12007.1830578 3015.9411632 9.8868 0 0 0 7.93601 -13.3739
12007.1830580 3015.9411638 9.8866 0 0 0 7.93661 -13.3748
12007.1830584 3015.9411639 9.8855 0 0 0 7.93562 -13.3762
12007.1830588 3015.9411638 9.8855 0 0 0 7.93532 -13.376
12007.1830588 3015.9411636 9.8883 0 0 0 7.93775 -13.374
12007.1830589 3015.9411631 9.8895 0 0 0 7.93936 -13.374
12007.1830582 3015.9411639 9.8866 0 0 0 7.93703 -13.3769
12007.1830580 3015.9411645 9.8824 0 0 0 7.9327 -13.3792
12007.1830587 3015.9411639 9.8891 0 0 0 7.93771 -13.3729
12007.1830589 3015.9411650 9.8795 0 0 0 7.93076 -13.38
12007.1830577 3015.9411638 9.8805 0 0 0 7.92985 -13.3775
12007.1830606 3015.9411631 9.8857 0 0 0 7.93459 -13.3727
12007.1830584 3015.9411645 9.8814 0 0 0 7.93205 -13.3767
12007.1830601 3015.9411646 9.8905 0 0 0 7.93916 -13.3707
12007.1830596 3015.9411651 9.8872 0 0 0 7.93794 -13.3752
12007.1830594 3015.9411640 9.8933 0 0 0 7.94254 -13.3722
12007.1830591 3015.9411637 9.8952 0 0 0 7.94517 -13.3728
12007.1830576 3015.9411623 9.8953 0 0 0 7.94552 -13.3747
12007.1830568 3015.9411612 9.8984 0 0 0 7.94803 -13.3736
12007.1830573 3015.9411608 9.8923 0 0 0 7.94317 -13.3787
12007.1830577 3015.9411604 9.8889 0 0 0 7.93893 -13.3796
12007.1830582 3015.9411618 9.8861 0 0 0 7.93583 -13.379
12007.1830582 3015.9411630 9.8881 0 0 0 7.93726 -13.3755
12007.1830563 3015.9411619 9.8938 0 0 0 7.94286 -13.3715
12007.1830582 3015.9411625 9.8922 0 0 0 7.94268 -13.3747
12007.1830579 3015.9411638 9.8852 0 0 0 7.93615 -13.3802
12007.1830576 3015.9411654 9.8893 0 0 0 7.93819 -13.3754
12007.1830552 3015.9411640 9.8967 0 0 0 7.94552 -13.3702
12007.1830536 3015.9411633 9.8958 0 0 0 7.94633 -13.3736
12007.1830542 3015.9411643 9.8971 0 0 0 7.94713 -13.3745
12007.1830535 3015.9411642 9.8978 0 0 0 7.94773 -13.3749
12007.1830534 3015.9411650 9.8957 0 0 0 7.94592 -13.3768
12007.1830528 3015.9411642 9.8951 0 0 0 7.94493 -13.3767
12007.1830525 3015.9411647 9.8936 0 0 0 7.94351 -13.377
12007.1830517 3015.9411640 9.8949 0 0 0 7.94442 -13.3753
12007.1830510 3015.9411625 9.8985 0 0 0 7.94789 -13.373
12007.1830516 3015.9411629 9.8962 0 0 0 7.94662 -13.3759
12007.1830515 3015.9411623 9.9003 0 0 0 7.94967 -13.3735
12007.1830508 3015.9411633 9.8989 0 0 0 7.94914 -13.3755
12007.1830511 3015.9411633 9.9000 0 0 0 7.94978 -13.3751
12007.1830515 3015.9411617 9.8949 0 0 0 7.94546 -13.3787
12007.1830512 3015.9411619 9.8995 0 0 0 7.94847 -13.3743
12007.1830522 3015.9411634 9.8931 0 0 0 7.94383 -13.3787
12007.1830519 3015.9411621 9.8953 0 0 0 7.9446 -13.3759
12007.1830522 3015.9411625 9.8998 0 0 0 7.94898 -13.3725
12007.1830516 3015.9411627 9.8993 0 0 0 7.94953 -13.3744
12007.1830516 3015.9411623 9.8975 0 0 0 7.94779 -13.3766
12007.1830512 3015.9411619 9.8946 0 0 0 7.94475 -13.3781
12007.1830518 3015.9411615 9.9006 0 0 0 7.94941 -13.3729
12007.1830513 3015.9411625 9.8927 0 0 0 7.94377 -13.3791
12007.1830510 3015.9411620 9.8973 0 0 0 7.94629 -13.3747
12007.1830535 3015.9411625 9.8972 0 0 0 7.94707 -13.3748
12007.1830527 3015.9411629 9.8921 0 0 0 7.94271 -13.3786
12007.1830552 3015.9411625 9.8878 0 0 0 7.93791 -13.38
12007.1830571 3015.9411619 9.8916 0 0 0 7.94045 -13.375
12007.1830574 3015.9411604 9.8940 0 0 0 7.94351 -13.3732
12007.1830568 3015.9411612 9.8914 0 0 0 7.94185 -13.3762
12007.1830573 3015.9411606 9.8887 0 0 0 7.9389 -13.378
12007.1830568 3015.9411609 9.8859 0 0 0 7.93586 -13.3785
12007.1830562 3015.9411606 9.8843 0 0 0 7.934 -13.3778
12007.1830563 3015.9411610 9.8855 0 0 0 7.93491 -13.3756
12007.1830565 3015.9411614 9.8847 0 0 0 7.93461 -13.3759
12007.1830568 3015.9411607 9.8830 0 0 0 7.93305 -13.3769
12007.1830560 3015.9411611 9.8815 0 0 0 7.93141 -13.3772
12007.1830558 3015.9411611 9.8827 0 0 0 7.93221 -13.3755
12007.1830561 3015.9411616 9.8850 0 0 0 7.93454 -13.3739
12007.1830561 3015.9411612 9.8862 0 0 0 7.93608 -13.3741
12007.1830560 3015.9411615 9.8867 0 0 0 7.93669 -13.3748
12007.1830561 3015.9411618 9.8867 0 0 0 7.93668 -13.3754
12007.1830557 3015.9411615 9.8887 0 0 0 7.93834 -13.3744
12007.1830556 3015.9411621 9.8915 0 0 0 7.94113 -13.3733
12007.1830552 3015.9411626 9.8899 0 0 0 7.94023 -13.3757
12007.1830554 3015.9411621 9.8921 0 0 0 7.94173 -13.3746
12007.1830559 3015.9411630 9.8887 0 0 0 7.93909 -13.3773
12007.1830572 3015.9411622 9.8910 0 0 0 7.94042 -13.3751
12007.1830581 3015.9411621 9.8913 0 0 0 7.94112 -13.375
12007.1830575 3015.9411614 9.8904 0 0 0 7.94045 -13.376
12007.1830571 3015.9411607 9.8927 0 0 0 7.94224 -13.3744
12007.1830572 3015.9411618 9.8952 0 0 0 7.94485 -13.3734
12007.1830571 3015.9411628 9.8910 0 0 0 7.94164 -13.3774
12007.1830567 3015.9411627 9.8880 0 0 0 7.93811 -13.3787
12007.1830565 3015.9411630 9.8869 0 0 0 7.93653 -13.3776
12007.1830570 3015.9411629 9.8904 0 0 0 7.93953 -13.374
12007.1830566 3015.9411626 9.8884 0 0 0 7.93862 -13.3759
12007.1830557 3015.9411631 9.8906 0 0 0 7.94019 -13.3746
12007.1830567 3015.9411633 9.8884 0 0 0 7.93864 -13.3765
12007.1830564 3015.9411615 9.8908 0 0 0 7.94029 -13.3747
12007.1830571 3015.9411613 9.8936 0 0 0 7.94317 -13.3733
12007.1830581 3015.9411631 9.8909 0 0 0 7.94136 -13.3764
12007.1830582 3015.9411626 9.8916 0 0 0 7.94135 -13.3759
12007.1830572 3015.9411616 9.8935 0 0 0 7.94307 -13.3745
12007.1830588 3015.9411622 9.8940 0 0 0 7.9439 -13.3747
12007.1830584 3015.9411607 9.8950 0 0 0 7.94485 -13.3747
12007.1830596 3015.9411617 9.8913 0 0 0 7.94174 -13.3777
12007.1830596 3015.9411618 9.8919 0 0 0 7.94149 -13.3764
12007.1830603 3015.9411613 9.8926 0 0 0 7.94224 -13.3753
12007.1830586 3015.9411618 9.8925 0 0 0 7.94238 -13.3755
12007.1830588 3015.9411616 9.8943 0 0 0 7.94395 -13.3745
12007.1830591 3015.9411615 9.8958 0 0 0 7.94559 -13.3741
12007.1830596 3015.9411614 9.8920 0 0 0 7.94252 -13.3775
12007.1830598 3015.9411618 9.8934 0 0 0 7.94292 -13.3759
12007.1830595 3015.9411615 9.8958 0 0 0 7.94528 -13.374
12007.1830591 3015.9411618 9.8959 0 0 0 7.9459 -13.3748
12007.1830593 3015.9411620 9.8983 0 0 0 7.94798 -13.3739
12007.1830595 3015.9411622 9.8971 0 0 0 7.94731 -13.3757
12007.1830588 3015.9411612 9.9007 0 0 0 7.95013 -13.3736
12007.1830584 3015.9411609 9.9031 0 0 0 7.95285 -13.3731
12007.1830585 3015.9411605 9.8959 0 0 0 7.94698 -13.3793
12007.1830583 3015.9411597 9.9016 0 0 0 7.95042 -13.3741
12007.1830580 3015.9411606 9.8963 0 0 0 7.94689 -13.3778
12007.1830576 3015.9411606 9.9003 0 0 0 7.94946 -13.3744
12007.1830580 3015.9411602 9.8960 0 0 0 7.94647 -13.3775
12007.1830596 3015.9411618 9.8964 0 0 0 7.94604 -13.3765
12007.1830580 3015.9411620 9.8973 0 0 0 7.94691 -13.3753
12007.1830587 3015.9411610 9.8954 0 0 0 7.94551 -13.3766
12007.1830582 3015.9411615 9.8936 0 0 0 7.9436 -13.3773
12007.1830589 3015.9411612 9.8952 0 0 0 7.94466 -13.3753
12007.1830591 3015.9411614 9.8943 0 0 0 7.94426 -13.3759
12007.1830586 3015.9411613 9.8970 0 0 0 7.94649 -13.3741
12007.1830592 3015.9411615 9.8979 0 0 0 7.94779 -13.3743
12007.1830590 3015.9411615 9.8963 0 0 0 7.94653 -13.3762
12007.1830589 3015.9411617 9.8979 0 0 0 7.94752 -13.3751
12007.1830601 3015.9411619 9.8951 0 0 0 7.94535 -13.3771
12007.1830590 3015.9411613 9.8973 0 0 0 7.94674 -13.375
12007.1830591 3015.9411614 9.8969 0 0 0 7.94683 -13.3754
12007.1830591 3015.9411615 9.8956 0 0 0 7.94566 -13.3765
12007.1830583 3015.9411609 9.8981 0 0 0 7.94756 -13.3745
12007.1830589 3015.9411613 9.8994 0 0 0 7.94918 -13.3742
12007.1830603 3015.9411618 9.8938 0 0 0 7.94455 -13.3787
12007.1830591 3015.9411616 9.8964 0 0 0 7.94565 -13.3757
12007.1830591 3015.9411617 9.8971 0 0 0 7.94679 -13.3748
12007.1830592 3015.9411615 9.9028 0 0 0 7.95201 -13.3716
12007.1830603 3015.9411620 9.9011 0 0 0 7.9516 -13.3749
12007.1830607 3015.9411622 9.9046 0 0 0 7.95419 -13.3736
12007.1830625 3015.9411633 9.9061 0 0 0 7.95599 -13.3738
12007.1830630 3015.9411632 9.9019 0 0 0 7.95253 -13.3777
12007.1830610 3015.9411622 9.9022 0 0 0 7.95185 -13.3767
12007.1830598 3015.9411620 9.8986 0 0 0 7.94875 -13.3782
12007.1830613 3015.9411627 9.8951 0 0 0 7.94511 -13.379
12007.1830614 3015.9411614 9.8926 0 0 0 7.94236 -13.3786
12007.1830609 3015.9411627 9.8949 0 0 0 7.94408 -13.3752
12007.1830618 3015.9411619 9.9013 0 0 0 7.95031 -13.371
12007.1830597 3015.9411597 9.8964 0 0 0 7.94736 -13.3766
12007.1830583 3015.9411611 9.8935 0 0 0 7.94375 -13.3786
12007.1830548 3015.9411565 9.8934 0 0 0 7.94294 -13.377
12007.1830555 3015.9411561 9.8966 0 0 0 7.94583 -13.3739
12007.1830534 3015.9411553 9.8950 0 0 0 7.9452 -13.3757
12007.1830555 3015.9411546 9.9024 0 0 0 7.95135 -13.3712
12007.1830505 3015.9411565 9.9032 0 0 0 7.95341 -13.373
12007.1830498 3015.9411586 9.9071 0 0 0 7.95684 -13.3724
12007.1830483 3015.9411585 9.9186 0 0 0 7.96739 -13.3671
12007.1830458 3015.9411566 9.9223 0 0 0 7.97264 -13.3695
12007.1830431 3015.9411512 9.9242 0 0 0 7.97465 -13.3725
12007.1830393 3015.9411436 9.9260 0 0 0 7.97609 -13.3738
12007.1830369 3015.9411341 9.9197 0 0 0 7.97062 -13.3792
12007.1830334 3015.9411228 9.9194 0 0 0 7.96898 -13.3778
12007.1830312 3015.9411095 9.9249 0 0 0 7.97374 -13.3727
12007.1830243 3015.9410929 9.9338 0 0 0 7.98276 -13.3683
12007.1830180 3015.9410704 9.9588 0 0 0 8.0063 -13.3564
12007.1830102 3015.9410454 9.9746 0 0 0 8.02459 -13.3571
12007.1830014 3015.9410197 9.9834 0 0 0 8.03451 -13.3634
12007.1829920 3015.9409929 9.9936 0 0 0 8.04387 -13.3655
12007.1829801 3015.9409638 9.9986 0 0 0 8.04916 -13.3691
12007.1829655 3015.9409307 10.0133 0 0 0 8.06221 -13.3643
12007.1829543 3015.9408975 10.0220 0 0 0 8.07206 -13.3654
12007.1829443 3015.9408614 10.0276 0 0 0 8.07807 -13.3685
12007.1829345 3015.9408338 10.0264 0 0 0 8.07739 -13.3743
12007.1829231 3015.9408049 10.0202 0 0 0 8.07116 -13.3799
12007.1829106 3015.9407782 10.0135 0 0 0 8.06381 -13.3822
12007.1828954 3015.9407477 10.0200 0 0 0 8.06825 -13.3742
12007.1828842 3015.9407182 10.0233 0 0 0 8.07272 -13.372
12007.1828707 3015.9406857 10.0225 0 0 0 8.07286 -13.3746
12007.1828553 3015.9406540 10.0301 0 0 0 8.07919 -13.3707
12007.1828353 3015.9406186 10.0368 0 0 0 8.08633 -13.3691
12007.1828148 3015.9405852 10.0508 0 0 0 8.09966 -13.3641
12007.1827976 3015.9405459 10.0592 0 0 0 8.10932 -13.3655
12007.1827802 3015.9405097 10.0730 0 0 0 8.12242 -13.3634
12007.1827662 3015.9404718 10.0657 0 0 0 8.11799 -13.3756
12007.1827528 3015.9404378 10.0587 0 0 0 8.10976 -13.3817
12007.1827396 3015.9404047 10.0610 0 0 0 8.10994 -13.3771
12007.1827270 3015.9403745 10.0693 0 0 0 8.11779 -13.3703
12007.1827137 3015.9403433 10.0562 0 0 0 8.10823 -13.3812
12007.1826981 3015.9403157 10.0538 0 0 0 8.10352 -13.3806
12007.1826824 3015.9402859 10.0456 0 0 0 8.09585 -13.3826
12007.1826636 3015.9402579 10.0341 0 0 0 8.08458 -13.3858
12007.1826414 3015.9402280 10.0276 0 0 0 8.07707 -13.3839
12007.1826228 3015.9402003 10.0333 0 0 0 8.08133 -13.3747
12007.1826032 3015.9401737 10.0423 0 0 0 8.09089 -13.3684
12007.1825875 3015.9401444 10.0401 0 0 0 8.09099 -13.3737
12007.1825735 3015.9401186 10.0222 0 0 0 8.07472 -13.3871
12007.1825592 3015.9400924 10.0237 0 0 0 8.07225 -13.3805
12007.1825456 3015.9400680 10.0229 0 0 0 8.07207 -13.3771
12007.1825327 3015.9400395 10.0278 0 0 0 8.07676 -13.3726
12007.1825201 3015.9400164 10.0322 0 0 0 8.08176 -13.3712
12007.1825068 3015.9399872 10.0473 0 0 0 8.09576 -13.3642
12007.1824945 3015.9399629 10.0493 0 0 0 8.10018 -13.3694
12007.1824754 3015.9399332 10.0501 0 0 0 8.10078 -13.3735
12007.1824542 3015.9399015 10.0498 0 0 0 8.10006 -13.3756
12007.1824337 3015.9398712 10.0480 0 0 0 8.09814 -13.3771
12007.1824127 3015.9398409 10.0522 0 0 0 8.10137 -13.3737
12007.1823895 3015.9398109 10.0613 0 0 0 8.11016 -13.3687
12007.1823701 3015.9397817 10.0612 0 0 0 8.11182 -13.3726
12007.1823527 3015.9397507 10.0717 0 0 0 8.1207 -13.3683
12007.1823348 3015.9397150 10.0737 0 0 0 8.12412 -13.3712
12007.1823196 3015.9396845 10.0789 0 0 0 8.12873 -13.3711
12007.1823010 3015.9396525 10.0821 0 0 0 8.13212 -13.372
12007.1822818 3015.9396217 10.0766 0 0 0 8.12764 -13.378
12007.1822614 3015.9395886 10.0834 0 0 0 8.13224 -13.3729
12007.1822423 3015.9395465 10.0902 0 0 0 8.13941 -13.3697
12007.1822215 3015.9395049 10.0911 0 0 0 8.14152 -13.3725
12007.1822009 3015.9394700 10.0982 0 0 0 8.14762 -13.3704
12007.1821819 3015.9394358 10.1102 0 0 0 8.15914 -13.3658
12007.1821671 3015.9394038 10.1098 0 0 0 8.16084 -13.3718
12007.1821518 3015.9393712 10.1116 0 0 0 8.16187 -13.3739
12007.1821353 3015.9393401 10.1135 0 0 0 8.16339 -13.3741
12007.1821173 3015.9393070 10.1196 0 0 0 8.16888 -13.3712
12007.1820977 3015.9392756 10.1076 0 0 0 8.15947 -13.3814
12007.1820786 3015.9392439 10.1049 0 0 0 8.15462 -13.3807
12007.1820605 3015.9392076 10.1018 0 0 0 8.15138 -13.3794
12007.1820406 3015.9391755 10.1002 0 0 0 8.14974 -13.3779
12007.1820220 3015.9391440 10.0979 0 0 0 8.14772 -13.3777
12007.1820037 3015.9391176 10.1041 0 0 0 8.15289 -13.3724
12007.1819851 3015.9390889 10.0995 0 0 0 8.15021 -13.3768
12007.1819691 3015.9390631 10.1043 0 0 0 8.15351 -13.3735
12007.1819533 3015.9390355 10.0980 0 0 0 8.14884 -13.3785
12007.1819411 3015.9390088 10.0914 0 0 0 8.14185 -13.3816
12007.1819296 3015.9389839 10.0820 0 0 0 8.13237 -13.3842
12007.1819196 3015.9389591 10.0874 0 0 0 8.13555 -13.3756
12007.1819047 3015.9389303 10.0794 0 0 0 8.13006 -13.3797
12007.1818896 3015.9389044 10.0673 0 0 0 8.11828 -13.3854
12007.1818737 3015.9388764 10.0654 0 0 0 8.1144 -13.3811
12007.1818570 3015.9388473 10.0560 0 0 0 8.10625 -13.3831
12007.1818418 3015.9388222 10.0507 0 0 0 8.10033 -13.382
12007.1818301 3015.9387997 10.0420 0 0 0 8.09212 -13.3834
12007.1818187 3015.9387805 10.0388 0 0 0 8.08811 -13.3807
12007.1818086 3015.9387622 10.0273 0 0 0 8.07791 -13.3845
12007.1818003 3015.9387464 10.0122 0 0 0 8.06295 -13.389
12007.1817917 3015.9387302 10.0017 0 0 0 8.05131 -13.3878
12007.1817874 3015.9387174 9.9798 0 0 0 8.03087 -13.3939
12007.1817831 3015.9387070 9.9642 0 0 0 8.01387 -13.393
12007.1817821 3015.9386964 9.9519 0 0 0 8.00109 -13.3897
12007.1817818 3015.9386909 9.9473 0 0 0 7.99587 -13.3832
12007.1817812 3015.9386864 9.9383 0 0 0 7.98817 -13.3833
12007.1817791 3015.9386832 9.9354 0 0 0 7.98465 -13.3803
12007.1817767 3015.9386801 9.9336 0 0 0 7.98301 -13.3781
12007.1817755 3015.9386771 9.9288 0 0 0 7.9789 -13.3793
12007.1817731 3015.9386727 9.9276 0 0 0 7.97717 -13.3779
12007.1817750 3015.9386712 9.9270 0 0 0 7.9766 -13.3767
12007.1817788 3015.9386725 9.9244 0 0 0 7.97442 -13.3775
12007.1817804 3015.9386692 9.9236 0 0 0 7.97334 -13.377
12007.1817831 3015.9386683 9.9169 0 0 0 7.96742 -13.3803
12007.1817873 3015.9386688 9.9151 0 0 0 7.96467 -13.3789
12007.1817879 3015.9386717 9.9154 0 0 0 7.96476 -13.3765
12007.1817890 3015.9386723 9.9109 0 0 0 7.96116 -13.3785
12007.1817886 3015.9386715 9.9119 0 0 0 7.96131 -13.3763
12007.1817903 3015.9386716 9.9107 0 0 0 7.96056 -13.3764
12007.1817890 3015.9386708 9.9119 0 0 0 7.96151 -13.3752
12007.1817889 3015.9386701 9.9111 0 0 0 7.96108 -13.3758
12007.1817891 3015.9386700 9.9133 0 0 0 7.96286 -13.3744
12007.1817898 3015.9386687 9.9126 0 0 0 7.96266 -13.3755
12007.1817896 3015.9386678 9.9211 0 0 0 7.96992 -13.3703
12007.1817901 3015.9386695 9.9133 0 0 0 7.96469 -13.3781
12007.1817880 3015.9386704 9.9076 0 0 0 7.95807 -13.3812
12007.1817881 3015.9386678 9.9058 0 0 0 7.95526 -13.3792
12007.1817885 3015.9386654 9.9142 0 0 0 7.96248 -13.3713
12007.1817866 3015.9386676 9.9120 0 0 0 7.96248 -13.3745
12007.1817871 3015.9386657 9.9180 0 0 0 7.96732 -13.3718
12007.1817847 3015.9386630 9.9281 0 0 0 7.97709 -13.3675
12007.1817854 3015.9386614 9.9297 0 0 0 7.98028 -13.3711
12007.1817844 3015.9386628 9.9245 0 0 0 7.97568 -13.3778
12007.1817850 3015.9386627 9.9225 0 0 0 7.9725 -13.3786
12007.1817865 3015.9386626 9.9251 0 0 0 7.97427 -13.3751
12007.1817858 3015.9386622 9.9287 0 0 0 7.97807 -13.3727
12007.1817865 3015.9386616 9.9252 0 0 0 7.97581 -13.3765
12007.1817867 3015.9386625 9.9242 0 0 0 7.97416 -13.3771
12007.1817884 3015.9386626 9.9234 0 0 0 7.97318 -13.3768
12007.1817878 3015.9386621 9.9237 0 0 0 7.97336 -13.3758
12007.1817870 3015.9386617 9.9226 0 0 0 7.97255 -13.3763
12007.1817867 3015.9386608 9.9217 0 0 0 7.97159 -13.3765
12007.1817863 3015.9386610 9.9245 0 0 0 7.97389 -13.3742
12007.1817862 3015.9386604 9.9252 0 0 0 7.97509 -13.3744
12007.1817858 3015.9386606 9.9308 0 0 0 7.9801 -13.3717
12007.1817862 3015.9386609 9.9269 0 0 0 7.97769 -13.3764
12007.1817863 3015.9386608 9.9276 0 0 0 7.97739 -13.3761
12007.1817867 3015.9386611 9.9280 0 0 0 7.97774 -13.3755
12007.1817870 3015.9386608 9.9252 0 0 0 7.97541 -13.3773
12007.1817864 3015.9386603 9.9269 0 0 0 7.97637 -13.3754
12007.1817873 3015.9386603 9.9238 0 0 0 7.97403 -13.3773
12007.1817879 3015.9386603 9.9231 0 0 0 7.97288 -13.377
12007.1817888 3015.9386605 9.9234 0 0 0 7.97304 -13.3759
12007.1817880 3015.9386602 9.9245 0 0 0 7.97415 -13.3749
12007.1817880 3015.9386608 9.9220 0 0 0 7.97224 -13.3769
12007.1817889 3015.9386600 9.9231 0 0 0 7.97271 -13.3756
12007.1817881 3015.9386598 9.9229 0 0 0 7.97275 -13.3756
12007.1817883 3015.9386601 9.9235 0 0 0 7.97328 -13.3753
12007.1817888 3015.9386601 9.9224 0 0 0 7.97243 -13.3762
12007.1817889 3015.9386599 9.9230 0 0 0 7.97273 -13.3756
12007.1817884 3015.9386604 9.9244 0 0 0 7.97407 -13.3747
12007.1817888 3015.9386601 9.9251 0 0 0 7.97496 -13.3747
12007.1817890 3015.9386599 9.9246 0 0 0 7.97463 -13.3757
12007.1817884 3015.9386599 9.9283 0 0 0 7.9777 -13.3734
12007.1817889 3015.9386603 9.9251 0 0 0 7.97559 -13.3766
12007.1817886 3015.9386598 9.9260 0 0 0 7.9757 -13.3758
12007.1817885 3015.9386603 9.9270 0 0 0 7.97668 -13.375
12007.1817882 3015.9386594 9.9281 0 0 0 7.97787 -13.3746
12007.1817891 3015.9386598 9.9276 0 0 0 7.97764 -13.3756
12007.1817889 3015.9386594 9.9279 0 0 0 7.97775 -13.3756
12007.1817885 3015.9386596 9.9264 0 0 0 7.97645 -13.3766
12007.1817888 3015.9386601 9.9292 0 0 0 7.9786 -13.3743
12007.1817887 3015.9386596 9.9281 0 0 0 7.9782 -13.3756
12007.1817884 3015.9386598 9.9304 0 0 0 7.98 -13.3743
12007.1817896 3015.9386611 9.9330 0 0 0 7.98266 -13.3734
12007.1817909 3015.9386620 9.9299 0 0 0 7.98041 -13.3767
12007.1817902 3015.9386624 9.9267 0 0 0 7.97691 -13.3785
12007.1817893 3015.9386618 9.9249 0 0 0 7.97466 -13.3781
12007.1817900 3015.9386616 9.9242 0 0 0 7.97382 -13.3769
12007.1817871 3015.9386603 9.9309 0 0 0 7.97971 -13.3717
12007.1817899 3015.9386621 9.9198 0 0 0 7.97144 -13.3807
12007.1817899 3015.9386567 9.9280 0 0 0 7.9764 -13.3734
12007.1817895 3015.9386582 9.9308 0 0 0 7.9804 -13.3721
12007.1817905 3015.9386588 9.9206 0 0 0 7.97217 -13.3808
12007.1817896 3015.9386595 9.9203 0 0 0 7.96976 -13.3788
12007.1817894 3015.9386587 9.9309 0 0 0 7.97895 -13.3698
12007.1817863 3015.9386581 9.9219 0 0 0 7.97342 -13.3781
12007.1817886 3015.9386552 9.9280 0 0 0 7.97697 -13.3737
12007.1817870 3015.9386571 9.9261 0 0 0 7.97633 -13.3756
12007.1817858 3015.9386580 9.9304 0 0 0 7.97976 -13.3731
12007.1817864 3015.9386579 9.9286 0 0 0 7.97894 -13.3756
12007.1817871 3015.9386606 9.9208 0 0 0 7.97171 -13.3809
12007.1817871 3015.9386602 9.9218 0 0 0 7.97099 -13.3776
12007.1817869 3015.9386599 9.9205 0 0 0 7.97018 -13.3768
12007.1817870 3015.9386595 9.9194 0 0 0 7.96923 -13.3767
12007.1817868 3015.9386596 9.9215 0 0 0 7.97095 -13.3747
12007.1817865 3015.9386596 9.9212 0 0 0 7.97116 -13.3752
12007.1817859 3015.9386598 9.9208 0 0 0 7.97077 -13.3758
12007.1817829 3015.9386613 9.9218 0 0 0 7.97152 -13.3752
12007.1817796 3015.9386681 9.9259 0 0 0 7.97527 -13.3728
12007.1817761 3015.9386811 9.9826 0 0 0 8.02554 -13.3381
12007.1817822 3015.9386976 10.0557 0 0 0 8.10015 -13.3109
12007.1817822 3015.9386976 10.0557 0 0 0 8.1131 -13.3489
12007.1817901 3015.9387224 10.1478 0 0 0 8.1903 -13.3119
12007.1817901 3015.9387224 10.1478 0 0 0 8.20482 -13.348
12007.1818178 3015.9387489 10.2372 0 0 0 8.28011 -13.3131
12007.1818178 3015.9387489 10.2372 0 0 0 8.29413 -13.3487
12007.1818409 3015.9387759 10.3025 0 0 0 8.34838 -13.3287
12007.1818409 3015.9387759 10.3025 0 0 0 8.35782 -13.3562
12007.1818770 3015.9388053 10.3574 0 0 0 8.40344 -13.337
12007.1818770 3015.9388053 10.3574 0 0 0 8.41168 -13.3593
12007.1819118 3015.9388356 10.4589 0 0 0 8.49848 -13.3077
12007.1819118 3015.9388356 10.4589 0 0 0 8.51609 -13.3446
12007.1819597 3015.9388791 10.5434 0 0 0 8.58739 -13.3151
12007.1819597 3015.9388791 10.5434 0 0 0 8.60021 -13.3501
12007.1820129 3015.9389229 10.6030 0 0 0 8.64941 -13.3328
12007.1820129 3015.9389229 10.6030 0 0 0 8.65787 -13.358
12007.1820808 3015.9389670 10.6948 0 0 0 8.73585 -13.3138
12007.1820808 3015.9389670 10.6948 0 0 0 8.7514 -13.3477
12007.1821485 3015.9390043 10.7073 0 0 0 8.75997 -13.3619
12007.1821485 3015.9390043 10.7073 0 0 0 8.75926 -13.3725
12007.1822286 3015.9390327 10.7334 0 0 0 8.7806 -13.3592
12007.1822286 3015.9390327 10.7334 0 0 0 8.78501 -13.368
12007.1822993 3015.9390746 10.7221 0 0 0 8.77458 -13.3813
12007.1822993 3015.9390746 10.7221 0 0 0 8.77157 -13.3794
12007.1823631 3015.9391150 10.7520 0 0 0 8.79753 -13.3576
12007.1823631 3015.9391150 10.7520 0 0 0 8.80359 -13.3664
12007.1824258 3015.9391608 10.7731 0 0 0 8.82167 -13.36
12007.1824258 3015.9391608 10.7731 0 0 0 8.82479 -13.3692
12007.1824831 3015.9392138 10.8045 0 0 0 8.85141 -13.3544
12007.1824831 3015.9392138 10.8045 0 0 0 8.85668 -13.3661
12007.1825268 3015.9392694 10.8091 0 0 0 8.85987 -13.3708
12007.1825268 3015.9392694 10.8091 0 0 0 8.85969 -13.3745
12007.1825650 3015.9393268 10.7923 0 0 0 8.84453 -13.3865
12007.1825650 3015.9393268 10.7923 0 0 0 8.84108 -13.3811
12007.1825996 3015.9393846 10.8001 0 0 0 8.84813 -13.3719
12007.1825996 3015.9393846 10.8001 0 0 0 8.85019 -13.3732
12007.1826374 3015.9394423 10.8100 0 0 0 8.85894 -13.3686
12007.1826374 3015.9394423 10.8100 0 0 0 8.86063 -13.3725
12007.1826682 3015.9394985 10.8346 0 0 0 8.88182 -13.3593
12007.1827049 3015.9395556 10.8633 0 0 0 8.91124 -13.3497
12007.1827049 3015.9395556 10.8633 0 0 0 8.91621 -13.3651
12007.1827471 3015.9396136 10.8451 0 0 0 8.899 -13.3855
12007.1827471 3015.9396136 10.8451 0 0 0 8.89422 -13.3818
12007.1827891 3015.9396768 10.8329 0 0 0 8.88343 -13.3852
12007.1827891 3015.9396768 10.8329 0 0 0 8.88162 -13.3795
12007.1828334 3015.9397415 10.8327 0 0 0 8.88194 -13.3765
12007.1828334 3015.9397415 10.8327 0 0 0 8.88237 -13.3756
12007.1828786 3015.9398081 10.8547 0 0 0 8.90174 -13.3614
12007.1828786 3015.9398081 10.8547 0 0 0 8.906 -13.3687
12007.1829149 3015.9398704 10.8883 0 0 0 8.93494 -13.3526
12007.1829149 3015.9398704 10.8883 0 0 0 8.94067 -13.3653
12007.1829531 3015.9399305 10.8888 0 0 0 8.94023 -13.3732
12007.1829531 3015.9399305 10.8888 0 0 0 8.93916 -13.3758
12007.1829917 3015.9399896 10.8610 0 0 0 8.91444 -13.3938
12007.1829917 3015.9399896 10.8610 0 0 0 8.909 -13.3845
12007.1830319 3015.9400446 10.8308 0 0 0 8.88313 -13.397
12007.1830319 3015.9400446 10.8308 0 0 0 8.87825 -13.3849
12007.1830730 3015.9401017 10.8262 0 0 0 8.87515 -13.3804
12007.1830730 3015.9401017 10.8262 0 0 0 8.87533 -13.3768
12007.1831124 3015.9401533 10.8463 0 0 0 8.89336 -13.3628
12007.1831124 3015.9401533 10.8463 0 0 0 8.89744 -13.3692
12007.1831584 3015.9402055 10.8590 0 0 0 8.90822 -13.366
12007.1831584 3015.9402055 10.8590 0 0 0 8.90999 -13.3718
12007.1832104 3015.9402597 10.8332 0 0 0 8.88697 -13.3915
12007.1832104 3015.9402597 10.8332 0 0 0 8.88153 -13.3839
12007.1832550 3015.9403157 10.8053 0 0 0 8.85746 -13.3955
12007.1832550 3015.9403157 10.8053 0 0 0 8.85292 -13.3843
12007.1832987 3015.9403734 10.7986 0 0 0 8.84792 -13.3816
12007.1832987 3015.9403734 10.7986 0 0 0 8.84762 -13.3775
12007.1833272 3015.9404234 10.7942 0 0 0 8.84427 -13.3786
12007.1833272 3015.9404234 10.7942 0 0 0 8.8437 -13.3769
12007.1833495 3015.9404759 10.7945 0 0 0 8.84411 -13.3757
12007.1833495 3015.9404759 10.7945 0 0 0 8.84432 -13.3755
12007.1833725 3015.9405351 10.7901 0 0 0 8.84052 -13.3784
12007.1833725 3015.9405351 10.7901 0 0 0 8.83967 -13.377
12007.1833900 3015.9405955 10.7833 0 0 0 8.83381 -13.3803
12007.1833900 3015.9405955 10.7833 0 0 0 8.83264 -13.3778
12007.1834081 3015.9406555 10.7608 0 0 0 8.81318 -13.3905
12007.1834081 3015.9406555 10.7608 0 0 0 8.80909 -13.3826
12007.1834208 3015.9407112 10.7494 0 0 0 8.79962 -13.3845
12007.1834208 3015.9407112 10.7494 0 0 0 8.79818 -13.3791
12007.1834217 3015.9407655 10.7498 0 0 0 8.79903 -13.376
12007.1834262 3015.9408154 10.7509 0 0 0 8.80049 -13.3747
12007.1834290 3015.9408634 10.7677 0 0 0 8.81551 -13.3644
12007.1834339 3015.9409123 10.7533 0 0 0 8.80616 -13.3795
12007.1834350 3015.9409647 10.7403 0 0 0 8.7917 -13.3873
12007.1834271 3015.9410138 10.7132 0 0 0 8.76522 -13.3982
12007.1834172 3015.9410557 10.7088 0 0 0 8.75662 -13.388
12007.1834009 3015.9410919 10.6948 0 0 0 8.74461 -13.3878
12007.1833718 3015.9411219 10.6708 0 0 0 8.72216 -13.3953
12007.1833502 3015.9411473 10.6272 0 0 0 8.68029 -13.4116
12007.1833265 3015.9411646 10.5523 0 0 0 8.60752 -13.4386
12007.1832980 3015.9411822 10.4833 0 0 0 8.53461 -13.4459
12007.1832605 3015.9412079 10.3839 0 0 0 8.43765 -13.4655
12007.1832371 3015.9412237 10.2803 0 0 0 8.3324 -13.4768
12007.1832055 3015.9412385 10.1897 0 0 0 8.2385 -13.4715
12007.1831678 3015.9412522 10.1058 0 0 0 8.154 -13.4632
12007.1831340 3015.9412534 10.0537 0 0 0 8.09883 -13.4395
12007.1831140 3015.9412551 9.9768 0 0 0 8.02771 -13.4448
12007.1831003 3015.9412540 9.9520 0 0 0 7.99634 -13.4171
12007.1830911 3015.9412515 9.9267 0 0 0 7.97379 -13.4033
12007.1830855 3015.9412471 9.9126 0 0 0 7.96038 -13.3929
12007.1830776 3015.9412385 9.9023 0 0 0 7.95101 -13.3871
12007.1830721 3015.9412291 9.8675 0 0 0 7.92017 -13.4013
12007.1830726 3015.9412262 9.8631 0 0 0 7.9106 -13.3895
12007.1830727 3015.9412249 9.8619 0 0 0 7.90984 -13.3799
12007.1830717 3015.9412208 9.8633 0 0 0 7.91219 -13.3751
12007.1830710 3015.9412178 9.8560 0 0 0 7.90673 -13.3795
12007.1830708 3015.9412153 9.8630 0 0 0 7.91158 -13.3731
12007.1830720 3015.9412158 9.8651 0 0 0 7.91484 -13.3726
12007.1830721 3015.9412141 9.8678 0 0 0 7.91768 -13.3728
12007.1830680 3015.9412107 9.8670 0 0 0 7.91732 -13.3752
12007.1830640 3015.9412064 9.8735 0 0 0 7.92265 -13.3716
12007.1830606 3015.9412025 9.8737 0 0 0 7.92395 -13.3736
12007.1830634 3015.9411987 9.8707 0 0 0 7.92124 -13.3771
12007.1830653 3015.9411990 9.8742 0 0 0 7.92351 -13.3744
12007.1830587 3015.9411972 9.8746 0 0 0 7.92449 -13.3746
12007.1830580 3015.9411991 9.8806 0 0 0 7.92983 -13.3715
12007.1830604 3015.9412002 9.8773 0 0 0 7.92802 -13.3759
12007.1830684 3015.9411922 9.8716 0 0 0 7.92226 -13.3799
12007.1830685 3015.9411819 9.8774 0 0 0 7.92607 -13.374
12007.1830671 3015.9411835 9.8788 0 0 0 7.92853 -13.3734
12007.1830664 3015.9411861 9.8751 0 0 0 7.92569 -13.3771
12007.1830656 3015.9411852 9.8757 0 0 0 7.92538 -13.3763
12007.1830660 3015.9411837 9.8754 0 0 0 7.92519 -13.376
12007.1830658 3015.9411835 9.8746 0 0 0 7.9245 -13.3763
12007.1830649 3015.9411836 9.8685 0 0 0 7.91906 -13.3798
12007.1830651 3015.9411819 9.8728 0 0 0 7.92167 -13.3749
12007.1830671 3015.9411840 9.8670 0 0 0 7.91756 -13.3785
12007.1830680 3015.9411839 9.8652 0 0 0 7.91501 -13.3783
12007.1830688 3015.9411834 9.8688 0 0 0 7.91785 -13.3743
12007.1830677 3015.9411824 9.8668 0 0 0 7.91698 -13.3759
12007.1830662 3015.9411825 9.8702 0 0 0 7.91962 -13.3738
12007.1830673 3015.9411819 9.8702 0 0 0 7.92023 -13.3747
12007.1830671 3015.9411825 9.8705 0 0 0 7.92046 -13.3753
12007.1830671 3015.9411829 9.8712 0 0 0 7.92103 -13.3751
12007.1830667 3015.9411829 9.8733 0 0 0 7.92295 -13.3741
12007.1830666 3015.9411839 9.8715 0 0 0 7.92175 -13.3761
12007.1830670 3015.9411824 9.8712 0 0 0 7.92108 -13.3763
12007.1830697 3015.9411833 9.8677 0 0 0 7.91792 -13.3781
12007.1830694 3015.9411831 9.8698 0 0 0 7.91911 -13.3755
12007.1830679 3015.9411827 9.8736 0 0 0 7.92293 -13.3728
12007.1830669 3015.9411828 9.8735 0 0 0 7.92366 -13.3744
12007.1830667 3015.9411830 9.8755 0 0 0 7.9253 -13.3741
12007.1830673 3015.9411826 9.8738 0 0 0 7.92406 -13.3762
12007.1830673 3015.9411823 9.8756 0 0 0 7.92521 -13.375
12007.1830697 3015.9411832 9.8695 0 0 0 7.92019 -13.3792
12007.1830676 3015.9411844 9.8728 0 0 0 7.92189 -13.3754
12007.1830647 3015.9411837 9.8801 0 0 0 7.92896 -13.3704
12007.1830628 3015.9411838 9.8792 0 0 0 7.92971 -13.3737
12007.1830638 3015.9411826 9.8795 0 0 0 7.92964 -13.3752
12007.1830649 3015.9411820 9.8719 0 0 0 7.92281 -13.3805
12007.1830664 3015.9411810 9.8726 0 0 0 7.92188 -13.3777
12007.1830660 3015.9411815 9.8727 0 0 0 7.92221 -13.376
12007.1830653 3015.9411817 9.8749 0 0 0 7.92439 -13.3741
12007.1830667 3015.9411818 9.8699 0 0 0 7.92053 -13.3781
12007.1830656 3015.9411808 9.8703 0 0 0 7.91989 -13.3768
12007.1830660 3015.9411815 9.8694 0 0 0 7.91919 -13.3765
