12007.1830636 3015.9411793 9.8808 0 0 0 9.86546 -4.86974
12007.1830623 3015.9411791 9.8811 0 0 0 9.85194 -9.86656
12007.1830635 3015.9411808 9.8791 0 0 0 8.86617 -13.114
12007.1830627 3015.9411789 9.8815 0 0 0 8.10608 -13.9001
12007.1830633 3015.9411786 9.8810 0 0 0 7.88693 -13.6756
12007.1830631 3015.9411795 9.8804 0 0 0 7.88707 -13.4549
12007.1830633 3015.9411791 9.8795 0 0 0 7.91399 -13.3771
12007.1830637 3015.9411800 9.8788 0 0 0 7.9266 -13.3668
12007.1830629 3015.9411790 9.8791 0 0 0 7.92978 -13.371
12007.1830634 3015.9411796 9.8770 0 0 0 7.92782 -13.3758
12007.1830632 3015.9411795 9.8789 0 0 0 7.92861 -13.3751
12007.1830640 3015.9411792 9.8785 0 0 0 7.92845 -13.3756
12007.1830636 3015.9411794 9.8804 0 0 0 7.93002 -13.3745
12007.1830633 3015.9411796 9.8782 0 0 0 7.92845 -13.3765
12007.1830633 3015.9411792 9.8798 0 0 0 7.92939 -13.3752
12007.1830642 3015.9411797 9.8782 0 0 0 7.92828 -13.3764
12007.1830634 3015.9411794 9.8794 0 0 0 7.92904 -13.3753
12007.1830638 3015.9411797 9.8788 0 0 0 7.92875 -13.3758
12007.1830630 3015.9411795 9.8765 0 0 0 7.92664 -13.3772
12007.1830637 3015.9411794 9.8794 0 0 0 7.92872 -13.3746
12007.1830637 3015.9411794 9.8797 0 0 0 7.92958 -13.3747
12007.1830629 3015.9411784 9.8824 0 0 0 7.93203 -13.3736
12007.1830633 3015.9411793 9.8784 0 0 0 7.92899 -13.3773
12007.1830624 3015.9411796 9.8813 0 0 0 7.93066 -13.3749
12007.1830627 3015.9411791 9.8799 0 0 0 7.92996 -13.376
12007.1830624 3015.9411797 9.8765 0 0 0 7.92677 -13.3781
12007.1830631 3015.9411798 9.8784 0 0 0 7.92775 -13.3756
12007.1830626 3015.9411795 9.8798 0 0 0 7.92942 -13.3744
12007.1830622 3015.9411795 9.8812 0 0 0 7.931 -13.3742
12007.1830632 3015.9411794 9.8786 0 0 0 7.92896 -13.3768
12007.1830632 3015.9411794 9.8779 0 0 0 7.92777 -13.3768
12007.1830632 3015.9411794 9.8771 0 0 0 7.9269 -13.3766
12007.1830629 3015.9411793 9.8791 0 0 0 7.92857 -13.3747
12007.1830642 3015.9411802 9.8791 0 0 0 7.92902 -13.3751
12007.1830630 3015.9411797 9.8815 0 0 0 7.93113 -13.374
12007.1830632 3015.9411796 9.8823 0 0 0 7.93224 -13.3744
12007.1830631 3015.9411795 9.8811 0 0 0 7.93127 -13.376
12007.1830628 3015.9411799 9.8839 0 0 0 7.93339 -13.3742
12007.1830635 3015.9411805 9.8810 0 0 0 7.93136 -13.3768
12007.1830631 3015.9411803 9.8823 0 0 0 7.93191 -13.3756
12007.1830636 3015.9411799 9.8830 0 0 0 7.93274 -13.375
12007.1830637 3015.9411797 9.8800 0 0 0 7.9303 -13.3773
12007.1830635 3015.9411803 9.8760 0 0 0 7.92621 -13.3791
12007.1830631 3015.9411800 9.8815 0 0 0 7.93026 -13.3736
12007.1830636 3015.9411806 9.8811 0 0 0 7.93112 -13.3745
12007.1830651 3015.9411799 9.8768 0 0 0 7.92737 -13.3781
12007.1830614 3015.9411805 9.8869 0 0 0 7.93525 -13.3705
12007.1830634 3015.9411815 9.8817 0 0 0 7.93267 -13.3762
12007.1830636 3015.9411814 9.8786 0 0 0 7.92892 -13.3786
12007.1830636 3015.9411825 9.8787 0 0 0 7.92823 -13.3769
12007.1830630 3015.9411818 9.8777 0 0 0 7.92747 -13.3766
12007.1830638 3015.9411824 9.8764 0 0 0 7.92629 -13.3768
12007.1830633 3015.9411823 9.8770 0 0 0 7.92664 -13.3757
12007.1830637 3015.9411815 9.8747 0 0 0 7.92481 -13.377
12007.1830635 3015.9411814 9.8758 0 0 0 7.92537 -13.3756
12007.1830646 3015.9411820 9.8749 0 0 0 7.92484 -13.376
12007.1830642 3015.9411812 9.8760 0 0 0 7.92567 -13.3752
12007.1830661 3015.9411820 9.8708 0 0 0 7.92135 -13.3787
12007.1830655 3015.9411801 9.8697 0 0 0 7.91939 -13.3779
12007.1830660 3015.9411817 9.8746 0 0 0 7.92352 -13.3732
12007.1830646 3015.9411824 9.8728 0 0 0 7.92307 -13.3754
12007.1830671 3015.9411814 9.8735 0 0 0 7.92335 -13.3754
12007.1830658 3015.9411791 9.8770 0 0 0 7.92644 -13.3733
12007.1830691 3015.9411791 9.8776 0 0 0 7.92762 -13.3742
12007.1830651 3015.9411782 9.8794 0 0 0 7.92923 -13.3741
12007.1830677 3015.9411820 9.8743 0 0 0 7.925 -13.3783
12007.1830656 3015.9411794 9.8860 0 0 0 7.93413 -13.3697
12007.1830625 3015.9411780 9.8920 0 0 0 7.94163 -13.3686
12007.1830618 3015.9411761 9.9003 0 0 0 7.94997 -13.3677
12007.1830652 3015.9411746 9.9033 0 0 0 7.95376 -13.3707
12007.1830624 3015.9411716 9.9058 0 0 0 7.95604 -13.3727
12007.1830581 3015.9411765 9.9045 0 0 0 7.95494 -13.3757
12007.1830568 3015.9411734 9.9047 0 0 0 7.9546 -13.3759
12007.1830556 3015.9411712 9.9088 0 0 0 7.9581 -13.3732
12007.1830546 3015.9411731 9.9103 0 0 0 7.96021 -13.3735
12007.1830556 3015.9411737 9.9098 0 0 0 7.96 -13.3752
12007.1830564 3015.9411731 9.9157 0 0 0 7.9649 -13.372
12007.1830548 3015.9411739 9.9134 0 0 0 7.96393 -13.3754
12007.1830545 3015.9411763 9.9098 0 0 0 7.96023 -13.3783
12007.1830538 3015.9411770 9.9129 0 0 0 7.96209 -13.375
12007.1830539 3015.9411769 9.9098 0 0 0 7.96004 -13.377
12007.1830542 3015.9411751 9.9123 0 0 0 7.96171 -13.3748
12007.1830535 3015.9411752 9.9102 0 0 0 7.96037 -13.3764
12007.1830550 3015.9411758 9.9074 0 0 0 7.95755 -13.3779
12007.1830545 3015.9411751 9.9104 0 0 0 7.95962 -13.3748
12007.1830538 3015.9411758 9.9095 0 0 0 7.9595 -13.3755
12007.1830534 3015.9411761 9.9193 0 0 0 7.96794 -13.3694
12007.1830540 3015.9411748 9.9218 0 0 0 7.97197 -13.3711
12007.1830520 3015.9411712 9.9278 0 0 0 7.97751 -13.3704
12007.1830479 3015.9411671 9.9492 0 0 0 7.99698 -13.36
12007.1830448 3015.9411615 9.9656 0 0 0 8.0151 -13.3582
12007.1830394 3015.9411535 9.9813 0 0 0 8.03133 -13.3591
12007.1830413 3015.9411467 9.9893 0 0 0 8.04026 -13.3647
12007.1830458 3015.9411390 9.9915 0 0 0 8.04261 -13.371
12007.1830446 3015.9411312 9.9878 0 0 0 8.03887 -13.3772
12007.1830456 3015.9411240 9.9850 0 0 0 8.03517 -13.3788
12007.1830453 3015.9411173 9.9989 0 0 0 8.04663 -13.3681
12007.1830454 3015.9411146 9.9935 0 0 0 8.04473 -13.375
12007.1830425 3015.9411148 9.9993 0 0 0 8.04867 -13.3726
12007.1830436 3015.9411109 10.0088 0 0 0 8.05777 -13.3682
12007.1830430 3015.9411021 10.0169 0 0 0 8.06656 -13.3672
12007.1830432 3015.9410934 10.0166 0 0 0 8.06754 -13.3727
12007.1830401 3015.9410810 10.0225 0 0 0 8.07212 -13.3715
12007.1830344 3015.9410676 10.0117 0 0 0 8.06342 -13.3809
12007.1830250 3015.9410538 10.0159 0 0 0 8.06478 -13.3761
12007.1830135 3015.9410370 10.0093 0 0 0 8.05981 -13.3794
12007.1830021 3015.9410183 10.0050 0 0 0 8.055 -13.3802
12007.1829897 3015.9410006 9.9973 0 0 0 8.04757 -13.3823
12007.1829740 3015.9409767 10.0008 0 0 0 8.04941 -13.3761
12007.1829581 3015.9409556 9.9967 0 0 0 8.04686 -13.3777
12007.1829475 3015.9409327 10.0067 0 0 0 8.05506 -13.3702
12007.1829379 3015.9409067 10.0140 0 0 0 8.06343 -13.3681
12007.1829255 3015.9408842 10.0082 0 0 0 8.0597 -13.3764
12007.1829115 3015.9408568 10.0120 0 0 0 8.06149 -13.3745
12007.1828990 3015.9408291 10.0173 0 0 0 8.06657 -13.3716
12007.1828881 3015.9408018 10.0296 0 0 0 8.07832 -13.366
12007.1828771 3015.9407720 10.0300 0 0 0 8.08089 -13.3712
12007.1828660 3015.9407453 10.0366 0 0 0 8.08631 -13.3705
12007.1828551 3015.9407211 10.0315 0 0 0 8.08264 -13.377
12007.1828420 3015.9406963 10.0241 0 0 0 8.07489 -13.3817
12007.1828288 3015.9406754 10.0211 0 0 0 8.07068 -13.3804
12007.1828161 3015.9406513 10.0251 0 0 0 8.07381 -13.3746
12007.1828029 3015.9406247 10.0322 0 0 0 8.08113 -13.37
12007.1827919 3015.9406009 10.0288 0 0 0 8.07968 -13.3752
12007.1827842 3015.9405762 10.0347 0 0 0 8.08399 -13.3724
12007.1827691 3015.9405476 10.0387 0 0 0 8.08839 -13.3716
12007.1827527 3015.9405163 10.0436 0 0 0 8.09333 -13.371
12007.1827423 3015.9404850 10.0486 0 0 0 8.0984 -13.3707
12007.1827251 3015.9404525 10.0509 0 0 0 8.10108 -13.3724
12007.1827076 3015.9404166 10.0565 0 0 0 8.1061 -13.3711
12007.1826916 3015.9403841 10.0664 0 0 0 8.11554 -13.3675
12007.1826741 3015.9403521 10.0662 0 0 0 8.11702 -13.3724
12007.1826582 3015.9403218 10.0571 0 0 0 8.10865 -13.3809
12007.1826447 3015.9402954 10.0619 0 0 0 8.11069 -13.3756
12007.1826345 3015.9402697 10.0721 0 0 0 8.12053 -13.3684
12007.1826266 3015.9402445 10.0665 0 0 0 8.1178 -13.3757
12007.1826174 3015.9402212 10.0668 0 0 0 8.11679 -13.3764
12007.1826091 3015.9401970 10.0672 0 0 0 8.11692 -13.3758
12007.1826011 3015.9401724 10.0725 0 0 0 8.12165 -13.3722
12007.1825908 3015.9401455 10.0807 0 0 0 8.12985 -13.3687
12007.1825777 3015.9401218 10.0831 0 0 0 8.13344 -13.3712
12007.1825655 3015.9400988 10.0810 0 0 0 8.13175 -13.3757
12007.1825498 3015.9400768 10.0699 0 0 0 8.12127 -13.3834
12007.1825337 3015.9400563 10.0613 0 0 0 8.11146 -13.3849
12007.1825206 3015.9400369 10.0560 0 0 0 8.10539 -13.3826
12007.1825070 3015.9400161 10.0492 0 0 0 8.09898 -13.3822
12007.1824924 3015.9399970 10.0446 0 0 0 8.09419 -13.3809
12007.1824810 3015.9399748 10.0428 0 0 0 8.09218 -13.3785
12007.1824711 3015.9399514 10.0515 0 0 0 8.09982 -13.3708
12007.1824553 3015.9399283 10.0590 0 0 0 8.10831 -13.3682
12007.1824443 3015.9399046 10.0613 0 0 0 8.11175 -13.3711
12007.1824349 3015.9398763 10.0701 0 0 0 8.11948 -13.3688
12007.1824217 3015.9398495 10.0780 0 0 0 8.12766 -13.3678
12007.1824112 3015.9398230 10.0806 0 0 0 8.13109 -13.3711
12007.1823996 3015.9397981 10.0743 0 0 0 8.12562 -13.3784
12007.1823864 3015.9397706 10.0658 0 0 0 8.11656 -13.383
12007.1823712 3015.9397437 10.0574 0 0 0 8.1075 -13.3843
12007.1823568 3015.9397212 10.0564 0 0 0 8.10531 -13.3796
12007.1823414 3015.9396975 10.0562 0 0 0 8.10546 -13.3766
12007.1823243 3015.9396745 10.0635 0 0 0 8.11223 -13.371
12007.1823082 3015.9396528 10.0652 0 0 0 8.11529 -13.3722
12007.1822971 3015.9396314 10.0609 0 0 0 8.11177 -13.3773
12007.1822845 3015.9396084 10.0542 0 0 0 8.10482 -13.3812
12007.1822723 3015.9395863 10.0525 0 0 0 8.10196 -13.3792
12007.1822602 3015.9395609 10.0661 0 0 0 8.11371 -13.368
12007.1822457 3015.9395359 10.0681 0 0 0 8.11839 -13.3702
12007.1822297 3015.9395102 10.0763 0 0 0 8.12586 -13.3687
12007.1822151 3015.9394853 10.0802 0 0 0 8.1304 -13.3705
12007.1821976 3015.9394587 10.0721 0 0 0 8.12368 -13.3792
12007.1821841 3015.9394319 10.0720 0 0 0 8.12163 -13.3781
12007.1821709 3015.9394053 10.0744 0 0 0 8.12361 -13.3749
12007.1821590 3015.9393821 10.0727 0 0 0 8.12278 -13.3761
12007.1821493 3015.9393584 10.0788 0 0 0 8.12785 -13.3721
12007.1821398 3015.9393375 10.0824 0 0 0 8.13215 -13.3716
12007.1821261 3015.9393153 10.0740 0 0 0 8.12543 -13.3795
12007.1821131 3015.9392939 10.0731 0 0 0 8.12278 -13.3786
12007.1820983 3015.9392723 10.0773 0 0 0 8.12622 -13.3739
12007.1820852 3015.9392504 10.0861 0 0 0 8.13493 -13.3688
12007.1820722 3015.9392280 10.0806 0 0 0 8.13189 -13.3761
12007.1820595 3015.9392065 10.0744 0 0 0 8.12517 -13.3807
12007.1820466 3015.9391846 10.0710 0 0 0 8.12076 -13.3802
12007.1820338 3015.9391647 10.0703 0 0 0 8.11964 -13.3777
12007.1820191 3015.9391417 10.0710 0 0 0 8.12044 -13.3756
12007.1820069 3015.9391191 10.0741 0 0 0 8.12351 -13.3734
12007.1819928 3015.9390955 10.0832 0 0 0 8.13212 -13.3688
12007.1819807 3015.9390714 10.0950 0 0 0 8.14411 -13.365
12007.1819708 3015.9390472 10.0931 0 0 0 8.14445 -13.3726
12007.1819617 3015.9390231 10.0887 0 0 0 8.13969 -13.3783
12007.1819494 3015.9389967 10.0984 0 0 0 8.14682 -13.3712
12007.1819405 3015.9389731 10.1102 0 0 0 8.15894 -13.3656
12007.1819291 3015.9389494 10.1053 0 0 0 8.15692 -13.3745
12007.1819138 3015.9389255 10.1182 0 0 0 8.16679 -13.3681
12007.1819013 3015.9389041 10.1111 0 0 0 8.16265 -13.3767
12007.1818888 3015.9388812 10.0918 0 0 0 8.14419 -13.3895
12007.1818753 3015.9388596 10.0818 0 0 0 8.13149 -13.3887
12007.1818614 3015.9388393 10.0725 0 0 0 8.12186 -13.3862
12007.1818499 3015.9388225 10.0691 0 0 0 8.11798 -13.3813
12007.1818407 3015.9388098 10.0552 0 0 0 8.10598 -13.386
12007.1818301 3015.9387976 10.0469 0 0 0 8.09661 -13.3853
12007.1818215 3015.9387857 10.0374 0 0 0 8.08722 -13.3851
12007.1818166 3015.9387721 10.0302 0 0 0 8.07976 -13.3837
12007.1818125 3015.9387587 10.0166 0 0 0 8.06713 -13.3871
12007.1818082 3015.9387439 10.0028 0 0 0 8.05304 -13.389
12007.1818039 3015.9387301 9.9902 0 0 0 8.04 -13.3888
12007.1818009 3015.9387182 9.9726 0 0 0 8.02301 -13.3916
12007.1817995 3015.9387092 9.9542 0 0 0 8.00443 -13.3935
12007.1817974 3015.9387039 9.9383 0 0 0 7.98795 -13.3925
12007.1817970 3015.9386993 9.9301 0 0 0 7.97882 -13.3869
12007.1817970 3015.9386961 9.9248 0 0 0 7.97376 -13.3824
12007.1817954 3015.9386920 9.9217 0 0 0 7.97098 -13.3795
12007.1817927 3015.9386917 9.9175 0 0 0 7.96732 -13.3794
12007.1817929 3015.9386889 9.9146 0 0 0 7.96434 -13.3788
12007.1817953 3015.9386926 9.9140 0 0 0 7.96351 -13.3771
12007.1817968 3015.9386922 9.9156 0 0 0 7.96502 -13.375
12007.1817968 3015.9386929 9.9163 0 0 0 7.9661 -13.3747
12007.1817966 3015.9386921 9.9165 0 0 0 7.96644 -13.3752
12007.1817975 3015.9386929 9.9152 0 0 0 7.96529 -13.3764
12007.1817976 3015.9386929 9.9112 0 0 0 7.9615 -13.3786
12007.1817976 3015.9386926 9.9158 0 0 0 7.96474 -13.3741
12007.1817993 3015.9386925 9.9148 0 0 0 7.96486 -13.3752
12007.1817993 3015.9386929 9.9140 0 0 0 7.96404 -13.3761
12007.1817984 3015.9386929 9.9157 0 0 0 7.9653 -13.3749
12007.1817964 3015.9386920 9.9191 0 0 0 7.96859 -13.373
12007.1817962 3015.9386935 9.9140 0 0 0 7.96479 -13.3778
12007.1817948 3015.9386930 9.9164 0 0 0 7.9658 -13.3755
12007.1817938 3015.9386912 9.9255 0 0 0 7.97416 -13.3695
12007.1817952 3015.9386908 9.9267 0 0 0 7.97703 -13.3719
12007.1817964 3015.9386902 9.9252 0 0 0 7.97578 -13.3756
12007.1817968 3015.9386918 9.9277 0 0 0 7.97734 -13.3745
12007.1817967 3015.9386913 9.9251 0 0 0 7.9754 -13.3768
12007.1817990 3015.9386911 9.9221 0 0 0 7.97225 -13.3783
12007.1817990 3015.9386912 9.9264 0 0 0 7.97541 -13.374
12007.1817973 3015.9386907 9.9270 0 0 0 7.97687 -13.3742
12007.1817977 3015.9386907 9.9280 0 0 0 7.97792 -13.3745
12007.1817978 3015.9386915 9.9218 0 0 0 7.9726 -13.3793
12007.1817996 3015.9386913 9.9267 0 0 0 7.97559 -13.3744
12007.1817983 3015.9386909 9.9267 0 0 0 7.97658 -13.3746
12007.1817985 3015.9386920 9.9235 0 0 0 7.9739 -13.3774
12007.1817987 3015.9386922 9.9245 0 0 0 7.97408 -13.376
12007.1817989 3015.9386925 9.9267 0 0 0 7.97619 -13.3742
12007.1817993 3015.9386924 9.9289 0 0 0 7.97861 -13.3735
12007.1817991 3015.9386926 9.9291 0 0 0 7.97918 -13.3747
12007.1817994 3015.9386926 9.9274 0 0 0 7.97762 -13.3765
12007.1817994 3015.9386926 9.9286 0 0 0 7.97823 -13.3755
12007.1817990 3015.9386926 9.9296 0 0 0 7.97932 -13.3748
12007.1817989 3015.9386922 9.9293 0 0 0 7.97928 -13.3755
12007.1817993 3015.9386920 9.9300 0 0 0 7.9798 -13.3752
12007.1817992 3015.9386920 9.9293 0 0 0 7.97929 -13.3759
12007.1817994 3015.9386912 9.9306 0 0 0 7.98027 -13.375
12007.1817995 3015.9386916 9.9315 0 0 0 7.98129 -13.3747
12007.1817991 3015.9386913 9.9288 0 0 0 7.9791 -13.377
12007.1817991 3015.9386914 9.9283 0 0 0 7.9781 -13.3768
12007.1817994 3015.9386918 9.9300 0 0 0 7.97949 -13.3749
12007.1817994 3015.9386913 9.9296 0 0 0 7.97955 -13.3754
12007.1817998 3015.9386915 9.9312 0 0 0 7.98089 -13.3746
12007.1817992 3015.9386919 9.9288 0 0 0 7.97907 -13.3767
12007.1817990 3015.9386916 9.9282 0 0 0 7.97805 -13.3767
12007.1817995 3015.9386910 9.9290 0 0 0 7.97862 -13.3755
12007.1817993 3015.9386912 9.9302 0 0 0 7.97989 -13.3747
12007.1817993 3015.9386918 9.9293 0 0 0 7.97937 -13.3758
12007.1817992 3015.9386910 9.9284 0 0 0 7.97838 -13.3764
12007.1817996 3015.9386918 9.9300 0 0 0 7.97957 -13.375
12007.1817998 3015.9386907 9.9301 0 0 0 7.97999 -13.3752
12007.1817995 3015.9386906 9.9272 0 0 0 7.97749 -13.3774
12007.1817991 3015.9386908 9.9308 0 0 0 7.98003 -13.3743
12007.1817993 3015.9386900 9.9284 0 0 0 7.97866 -13.3763
12007.1817991 3015.9386911 9.9310 0 0 0 7.98049 -13.3745
12007.1817997 3015.9386914 9.9320 0 0 0 7.98183 -13.3744
12007.1818002 3015.9386910 9.9325 0 0 0 7.98245 -13.3749
12007.1817997 3015.9386907 9.9301 0 0 0 7.98037 -13.377
12007.1818001 3015.9386910 9.9310 0 0 0 7.98062 -13.3758
12007.1817998 3015.9386909 9.9290 0 0 0 7.97905 -13.3769
12007.1817998 3015.9386920 9.9298 0 0 0 7.97942 -13.3757
12007.1817991 3015.9386914 9.9302 0 0 0 7.97996 -13.3753
12007.1817985 3015.9386912 9.9351 0 0 0 7.98436 -13.3723
12007.1817977 3015.9386908 9.9349 0 0 0 7.98512 -13.3742
12007.1817980 3015.9386900 9.9326 0 0 0 7.98297 -13.3769
12007.1817989 3015.9386886 9.9360 0 0 0 7.98533 -13.3743
12007.1817985 3015.9386893 9.9301 0 0 0 7.98081 -13.3786
12007.1817992 3015.9386899 9.9361 0 0 0 7.98492 -13.3734
12007.1817989 3015.9386902 9.9359 0 0 0 7.98593 -13.3743
12007.1817987 3015.9386911 9.9346 0 0 0 7.98481 -13.3761
12007.1817996 3015.9386920 9.9334 0 0 0 7.98339 -13.3768
12007.1818002 3015.9386910 9.9366 0 0 0 7.98591 -13.3741
12007.1817997 3015.9386916 9.9324 0 0 0 7.98291 -13.3775
12007.1817991 3015.9386903 9.9384 0 0 0 7.98734 -13.3729
12007.1817992 3015.9386906 9.9361 0 0 0 7.98648 -13.3756
12007.1817995 3015.9386895 9.9365 0 0 0 7.98638 -13.3757
12007.1817984 3015.9386902 9.9346 0 0 0 7.98469 -13.3769
12007.1817992 3015.9386903 9.9365 0 0 0 7.98598 -13.3751
12007.1817989 3015.9386906 9.9372 0 0 0 7.98699 -13.3748
12007.1817994 3015.9386901 9.9354 0 0 0 7.98559 -13.3765
12007.1817996 3015.9386907 9.9341 0 0 0 7.98406 -13.377
12007.1817990 3015.9386902 9.9334 0 0 0 7.98318 -13.3767
12007.1817993 3015.9386899 9.9325 0 0 0 7.98233 -13.3766
12007.1817995 3015.9386906 9.9339 0 0 0 7.98346 -13.3751
12007.1817990 3015.9386902 9.9346 0 0 0 7.9844 -13.3748
12007.1817995 3015.9386896 9.9343 0 0 0 7.98429 -13.3755
12007.1817995 3015.9386899 9.9337 0 0 0 7.98366 -13.3761
12007.1817994 3015.9386901 9.9333 0 0 0 7.98316 -13.3761
12007.1817997 3015.9386904 9.9328 0 0 0 7.98265 -13.3762
12007.1818000 3015.9386904 9.9360 0 0 0 7.98538 -13.3738
12007.1817994 3015.9386900 9.9339 0 0 0 7.98419 -13.376
12007.1817996 3015.9386899 9.9306 0 0 0 7.98088 -13.3782
12007.1817998 3015.9386896 9.9347 0 0 0 7.98376 -13.3742
12007.1817994 3015.9386900 9.9312 0 0 0 7.98158 -13.3769
12007.1817994 3015.9386888 9.9335 0 0 0 7.98297 -13.375
12007.1818002 3015.9386904 9.9335 0 0 0 7.98339 -13.3752
12007.1817997 3015.9386893 9.9324 0 0 0 7.98246 -13.3762
12007.1817999 3015.9386898 9.9325 0 0 0 7.98229 -13.3759
12007.1817998 3015.9386894 9.9319 0 0 0 7.98178 -13.3761
12007.1818001 3015.9386897 9.9298 0 0 0 7.97986 -13.3772
12007.1818001 3015.9386906 9.9336 0 0 0 7.9828 -13.3739
12007.1818001 3015.9386899 9.9311 0 0 0 7.98141 -13.3762
12007.1818006 3015.9386897 9.9317 0 0 0 7.98146 -13.3758
12007.1818004 3015.9386897 9.9333 0 0 0 7.98292 -13.3746
12007.1818003 3015.9386894 9.9323 0 0 0 7.98238 -13.3758
12007.1818005 3015.9386900 9.9310 0 0 0 7.98103 -13.3767
12007.1818004 3015.9386898 9.9320 0 0 0 7.98162 -13.3755
12007.1818000 3015.9386895 9.9327 0 0 0 7.98245 -13.375
12007.1818005 3015.9386897 9.9329 0 0 0 7.98279 -13.3752
12007.1818003 3015.9386894 9.9349 0 0 0 7.98456 -13.3743
12007.1818008 3015.9386895 9.9314 0 0 0 7.98185 -13.3773
12007.1818003 3015.9386900 9.9332 0 0 0 7.98269 -13.3755
12007.1818006 3015.9386900 9.9354 0 0 0 7.98495 -13.374
12007.1818006 3015.9386893 9.9337 0 0 0 7.98394 -13.3759
12007.1818008 3015.9386896 9.9337 0 0 0 7.98356 -13.376
12007.1818004 3015.9386894 9.9314 0 0 0 7.9815 -13.3773
12007.1818007 3015.9386895 9.9323 0 0 0 7.98186 -13.3758
12007.1818008 3015.9386893 9.9314 0 0 0 7.98131 -13.3761
12007.1818004 3015.9386895 9.9326 0 0 0 7.98225 -13.3751
12007.1818006 3015.9386893 9.9305 0 0 0 7.98066 -13.3767
12007.1818003 3015.9386897 9.9344 0 0 0 7.98367 -13.3737
12007.1818009 3015.9386898 9.9339 0 0 0 7.98398 -13.3749
12007.1818010 3015.9386893 9.9340 0 0 0 7.98396 -13.3755
12007.1818007 3015.9386899 9.9332 0 0 0 7.98319 -13.3762
12007.1818008 3015.9386895 9.9346 0 0 0 7.98422 -13.375
12007.1818007 3015.9386891 9.9329 0 0 0 7.98302 -13.3764
12007.1818013 3015.9386901 9.9332 0 0 0 7.98295 -13.3759
12007.1818011 3015.9386900 9.9365 0 0 0 7.98589 -13.3736
12007.1818011 3015.9386896 9.9367 0 0 0 7.98673 -13.3745
12007.1818007 3015.9386896 9.9333 0 0 0 7.98376 -13.3775
12007.1818015 3015.9386895 9.9348 0 0 0 7.9843 -13.3758
12007.1818007 3015.9386894 9.9300 0 0 0 7.9804 -13.3785
12007.1818015 3015.9386895 9.9330 0 0 0 7.98217 -13.3751
12007.1818012 3015.9386894 9.9338 0 0 0 7.98353 -13.3745
12007.1818014 3015.9386897 9.9341 0 0 0 7.98404 -13.375
12007.1818008 3015.9386897 9.9332 0 0 0 7.98326 -13.3761
12007.1818014 3015.9386895 9.9328 0 0 0 7.98268 -13.3762
12007.1818016 3015.9386893 9.9327 0 0 0 7.9825 -13.3759
12007.1818012 3015.9386892 9.9333 0 0 0 7.98303 -13.3754
12007.1818011 3015.9386889 9.9343 0 0 0 7.98405 -13.3748
12007.1818006 3015.9386895 9.9329 0 0 0 7.98302 -13.3762
12007.1818008 3015.9386890 9.9308 0 0 0 7.98088 -13.3774
12007.1818016 3015.9386891 9.9322 0 0 0 7.98168 -13.3755
12007.1818012 3015.9386885 9.9306 0 0 0 7.98062 -13.3764
12007.1818007 3015.9386890 9.9329 0 0 0 7.98238 -13.3746
12007.1818016 3015.9386890 9.9310 0 0 0 7.98118 -13.3763
12007.1818014 3015.9386889 9.9310 0 0 0 7.98082 -13.3761
12007.1818017 3015.9386888 9.9356 0 0 0 7.98481 -13.3729
12007.1818018 3015.9386885 9.9365 0 0 0 7.98651 -13.3737
12007.1818016 3015.9386883 9.9349 0 0 0 7.98523 -13.3761
12007.1818012 3015.9386884 9.9353 0 0 0 7.98511 -13.3759
12007.1818014 3015.9386887 9.9357 0 0 0 7.98547 -13.3755
12007.1818021 3015.9386883 9.9365 0 0 0 7.98626 -13.375
12007.1818015 3015.9386887 9.9361 0 0 0 7.98607 -13.3756
12007.1818018 3015.9386888 9.9336 0 0 0 7.98379 -13.3773
12007.1818019 3015.9386886 9.9354 0 0 0 7.98485 -13.3753
12007.1818015 3015.9386886 9.9351 0 0 0 7.98498 -13.3755
12007.1818013 3015.9386887 9.9336 0 0 0 7.98367 -13.3766
12007.1818015 3015.9386888 9.9319 0 0 0 7.98188 -13.3772
12007.1818016 3015.9386885 9.9330 0 0 0 7.98253 -13.3756
12007.1818015 3015.9386891 9.9326 0 0 0 7.98247 -13.3757
12007.1818010 3015.9386886 9.9347 0 0 0 7.98428 -13.3743
12007.1818016 3015.9386883 9.9314 0 0 0 7.9818 -13.3771
12007.1818016 3015.9386887 9.9351 0 0 0 7.98436 -13.3742
12007.1818016 3015.9386882 9.9335 0 0 0 7.98367 -13.3758
12007.1818013 3015.9386886 9.9323 0 0 0 7.98233 -13.3767
12007.1818019 3015.9386888 9.9301 0 0 0 7.98012 -13.3776
12007.1818019 3015.9386879 9.9335 0 0 0 7.9827 -13.3743
12007.1818010 3015.9386886 9.9316 0 0 0 7.98178 -13.376
12007.1818008 3015.9386883 9.9347 0 0 0 7.98416 -13.374
12007.1818009 3015.9386875 9.9351 0 0 0 7.98506 -13.3746
12007.1818018 3015.9386865 9.9393 0 0 0 7.98877 -13.3727
12007.1818002 3015.9386873 9.9354 0 0 0 7.98608 -13.3768
12007.1817989 3015.9386865 9.9370 0 0 0 7.9866 -13.3756
12007.1818007 3015.9386881 9.9360 0 0 0 7.98595 -13.3761
12007.1818008 3015.9386865 9.9328 0 0 0 7.98301 -13.3779
12007.1817997 3015.9386866 9.9339 0 0 0 7.98337 -13.376
12007.1818007 3015.9386858 9.9386 0 0 0 7.98776 -13.3725
12007.1818005 3015.9386873 9.9328 0 0 0 7.9837 -13.3778
12007.1817984 3015.9386851 9.9417 0 0 0 7.99028 -13.3714
12007.1817999 3015.9386860 9.9361 0 0 0 7.98704 -13.3769
12007.1818000 3015.9386825 9.9368 0 0 0 7.98654 -13.3764
12007.1817968 3015.9386812 9.9368 0 0 0 7.98655 -13.3759
12007.1817986 3015.9386836 9.9400 0 0 0 7.98941 -13.3736
12007.1817981 3015.9386838 9.9359 0 0 0 7.98648 -13.3773
12007.1817966 3015.9386833 9.9308 0 0 0 7.98119 -13.38
12007.1817949 3015.9386812 9.9365 0 0 0 7.98515 -13.3739
12007.1817950 3015.9386795 9.9350 0 0 0 7.98511 -13.3752
12007.1817930 3015.9386810 9.9316 0 0 0 7.98197 -13.3778
12007.1817943 3015.9386740 9.9282 0 0 0 7.97827 -13.379
12007.1817897 3015.9386787 9.9337 0 0 0 7.98246 -13.3735
12007.1817843 3015.9386842 9.9453 0 0 0 7.99381 -13.3668
12007.1817841 3015.9386957 9.9918 0 0 0 8.0367 -13.3419
12007.1817862 3015.9387100 10.0564 0 0 0 8.1017 -13.319
12007.1817862 3015.9387100 10.0564 0 0 0 8.11288 -13.3523
12007.1817901 3015.9387186 10.1426 0 0 0 8.18529 -13.3164
12007.1817901 3015.9387186 10.1426 0 0 0 8.19908 -13.3497
12007.1818060 3015.9387389 10.2250 0 0 0 8.26851 -13.3179
12007.1818157 3015.9387571 10.3169 0 0 0 8.3616 -13.292
12007.1818157 3015.9387571 10.3169 0 0 0 8.37674 -13.3422
12007.1818411 3015.9387792 10.3969 0 0 0 8.4421 -13.3188
12007.1818411 3015.9387792 10.3969 0 0 0 8.45339 -13.3522
12007.1818645 3015.9388026 10.4841 0 0 0 8.52668 -13.3157
12007.1818645 3015.9388026 10.4841 0 0 0 8.54066 -13.3494
12007.1819111 3015.9388320 10.5198 0 0 0 8.5693 -13.3477
12007.1819111 3015.9388320 10.5198 0 0 0 8.57317 -13.3653
12007.1819493 3015.9388642 10.5877 0 0 0 8.63067 -13.3308
12007.1819493 3015.9388642 10.5877 0 0 0 8.64239 -13.3551
12007.1820005 3015.9388950 10.6712 0 0 0 8.71366 -13.3179
12007.1820005 3015.9388950 10.6712 0 0 0 8.72745 -13.3501
12007.1820583 3015.9389213 10.6778 0 0 0 8.73087 -13.3663
12007.1820583 3015.9389213 10.6778 0 0 0 8.72925 -13.3744
12007.1821110 3015.9389576 10.7000 0 0 0 8.74739 -13.362
12007.1821110 3015.9389576 10.7000 0 0 0 8.75127 -13.3692
12007.1821739 3015.9389900 10.7088 0 0 0 8.75854 -13.3686
12007.1821739 3015.9389900 10.7088 0 0 0 8.75953 -13.3731
12007.1822382 3015.9390179 10.6943 0 0 0 8.74644 -13.3846
12007.1822382 3015.9390179 10.6943 0 0 0 8.74331 -13.3803
12007.1823045 3015.9390573 10.6917 0 0 0 8.74118 -13.3785
12007.1823045 3015.9390573 10.6917 0 0 0 8.74115 -13.3764
12007.1823711 3015.9390983 10.7164 0 0 0 8.76296 -13.3599
12007.1823711 3015.9390983 10.7164 0 0 0 8.76784 -13.3679
12007.1824249 3015.9391452 10.7223 0 0 0 8.77259 -13.3701
12007.1824249 3015.9391452 10.7223 0 0 0 8.77291 -13.3739
12007.1824719 3015.9391841 10.7410 0 0 0 8.78879 -13.3636
12007.1825174 3015.9392397 10.7662 0 0 0 8.81412 -13.3539
12007.1825174 3015.9392397 10.7662 0 0 0 8.81858 -13.3666
12007.1825539 3015.9392938 10.7623 0 0 0 8.81412 -13.3765
12007.1825539 3015.9392938 10.7623 0 0 0 8.8123 -13.3772
12007.1825798 3015.9393466 10.7252 0 0 0 8.77959 -13.4
12007.1825798 3015.9393466 10.7252 0 0 0 8.77253 -13.3874
12007.1826002 3015.9394038 10.6913 0 0 0 8.74365 -13.3999
12007.1826002 3015.9394038 10.6913 0 0 0 8.73838 -13.386
12007.1826239 3015.9394449 10.6878 0 0 0 8.73642 -13.3799
12007.1826239 3015.9394449 10.6878 0 0 0 8.73696 -13.3764
12007.1826559 3015.9394954 10.7154 0 0 0 8.76156 -13.3578
12007.1826559 3015.9394954 10.7154 0 0 0 8.76705 -13.3669
12007.1826874 3015.9395395 10.7262 0 0 0 8.77602 -13.3667
12007.1826874 3015.9395395 10.7262 0 0 0 8.77718 -13.3724
12007.1827222 3015.9395890 10.7016 0 0 0 8.75514 -13.391
12007.1827222 3015.9395890 10.7016 0 0 0 8.74997 -13.3835
12007.1827566 3015.9396502 10.6836 0 0 0 8.73455 -13.3891
12007.1827566 3015.9396502 10.6836 0 0 0 8.73188 -13.3812
12007.1827878 3015.9397137 10.6947 0 0 0 8.74223 -13.3696
12007.1827878 3015.9397137 10.6947 0 0 0 8.74503 -13.372
12007.1828226 3015.9397827 10.7077 0 0 0 8.75643 -13.3663
12007.1828226 3015.9397827 10.7077 0 0 0 8.75859 -13.3716
12007.1828594 3015.9398525 10.7403 0 0 0 8.78665 -13.354
12007.1828594 3015.9398525 10.7403 0 0 0 8.79246 -13.3656
12007.1828955 3015.9399221 10.7557 0 0 0 8.80516 -13.3637
12007.1828955 3015.9399221 10.7557 0 0 0 8.80703 -13.3711
12007.1829342 3015.9399891 10.7399 0 0 0 8.79253 -13.3851
12007.1829342 3015.9399891 10.7399 0 0 0 8.78891 -13.3808
12007.1829705 3015.9400516 10.7122 0 0 0 8.76481 -13.3947
12007.1829705 3015.9400516 10.7122 0 0 0 8.75998 -13.3843
12007.1830084 3015.9400990 10.6771 0 0 0 8.73005 -13.3999
12007.1830084 3015.9400990 10.6771 0 0 0 8.72426 -13.3864
12007.1830481 3015.9401467 10.6960 0 0 0 8.74174 -13.3657
12007.1830481 3015.9401467 10.6960 0 0 0 8.74659 -13.3695
12007.1830921 3015.9401857 10.6954 0 0 0 8.74621 -13.3743
12007.1830921 3015.9401857 10.6954 0 0 0 8.74555 -13.3758
12007.1831389 3015.9402288 10.6734 0 0 0 8.72607 -13.39
12007.1831872 3015.9402791 10.6565 0 0 0 8.70704 -13.3934
12007.1831872 3015.9402791 10.6565 0 0 0 8.70418 -13.3825
12007.1832325 3015.9403384 10.6526 0 0 0 8.7018 -13.3792
12007.1832325 3015.9403384 10.6526 0 0 0 8.70191 -13.3765
12007.1832727 3015.9404033 10.6593 0 0 0 8.70812 -13.3714
12007.1832727 3015.9404033 10.6593 0 0 0 8.70957 -13.3735
12007.1833016 3015.9404725 10.6892 0 0 0 8.73558 -13.356
12007.1833016 3015.9404725 10.6892 0 0 0 8.74111 -13.3664
12007.1833289 3015.9405334 10.7192 0 0 0 8.76668 -13.3544
12007.1833289 3015.9405334 10.7192 0 0 0 8.77145 -13.3665
12007.1833589 3015.9405987 10.7191 0 0 0 8.77043 -13.374
12007.1833589 3015.9405987 10.7191 0 0 0 8.76936 -13.376
12007.1833788 3015.9406663 10.7214 0 0 0 8.77097 -13.3746
12007.1833788 3015.9406663 10.7214 0 0 0 8.77135 -13.3751
12007.1833917 3015.9407234 10.7181 0 0 0 8.76846 -13.3776
12007.1833917 3015.9407234 10.7181 0 0 0 8.76776 -13.3767
12007.1834009 3015.9407668 10.7092 0 0 0 8.76003 -13.3816
12007.1834009 3015.9407668 10.7092 0 0 0 8.75842 -13.3784
12007.1834112 3015.9408083 10.7089 0 0 0 8.75836 -13.3765
12007.1834112 3015.9408083 10.7089 0 0 0 8.7586 -13.3757
12007.1834139 3015.9408604 10.7068 0 0 0 8.75689 -13.3769
12007.1834139 3015.9408604 10.7068 0 0 0 8.75652 -13.3763
12007.1834120 3015.9409136 10.6840 0 0 0 8.73666 -13.3904
12007.1834120 3015.9409136 10.6840 0 0 0 8.73233 -13.3828
12007.1834092 3015.9409662 10.6402 0 0 0 8.69453 -13.4053
12007.1834092 3015.9409662 10.6402 0 0 0 8.68685 -13.3892
12007.1834004 3015.9410241 10.6260 0 0 0 8.67553 -13.3876
12007.1834004 3015.9410241 10.6260 0 0 0 8.67429 -13.3798
12007.1833815 3015.9410687 10.5959 0 0 0 8.64886 -13.3954
12007.1833815 3015.9410687 10.5959 0 0 0 8.64364 -13.3848
12007.1833561 3015.9411101 10.5751 0 0 0 8.62617 -13.3909
12007.1833561 3015.9411101 10.5751 0 0 0 8.62317 -13.3819
12007.1833363 3015.9411405 10.5057 0 0 0 8.56336 -13.4212
12007.1833363 3015.9411405 10.5057 0 0 0 8.55075 -13.3971
12007.1833031 3015.9411581 10.4687 0 0 0 8.51992 -13.404
12007.1833031 3015.9411581 10.4687 0 0 0 8.51512 -13.3868
12007.1832792 3015.9411849 10.3610 0 0 0 8.42271 -13.4463
12007.1832792 3015.9411849 10.3610 0 0 0 8.40337 -13.4087
12007.1832471 3015.9411984 10.2917 0 0 0 8.34521 -13.4271
12007.1832471 3015.9411984 10.2917 0 0 0 8.33547 -13.3966
12007.1832253 3015.9412187 10.1541 0 0 0 8.21803 -13.4673
12007.1832253 3015.9412187 10.1541 0 0 0 8.19408 -13.4177
12007.1831917 3015.9412206 10.0884 0 0 0 8.14 -13.4265
12007.1831917 3015.9412206 10.0884 0 0 0 8.132 -13.3951
12007.1831652 3015.9412288 10.0011 0 0 0 8.05879 -13.4345
12007.1831652 3015.9412288 10.0011 0 0 0 8.04446 -13.4019
12007.1831332 3015.9412281 9.9413 0 0 0 7.9946 -13.4192
12007.1831298 3015.9412443 9.9654 0 0 0 8.00708 -13.3782
12007.1831163 3015.9412430 9.9447 0 0 0 7.99583 -13.3846
12007.1831047 3015.9412325 9.9395 0 0 0 7.98904 -13.383
12007.1830977 3015.9412208 9.9263 0 0 0 7.97685 -13.3866
12007.1831044 3015.9412189 9.9280 0 0 0 7.97634 -13.379
12007.1831020 3015.9412181 9.9351 0 0 0 7.98343 -13.3713
12007.1831014 3015.9412194 9.9240 0 0 0 7.97562 -13.3802
12007.1831062 3015.9412167 9.9129 0 0 0 7.96381 -13.3855
12007.1831049 3015.9412028 9.9130 0 0 0 7.96171 -13.3798
12007.1831037 3015.9411978 9.9070 0 0 0 7.95694 -13.3803
12007.1831033 3015.9411987 9.9137 0 0 0 7.96212 -13.3731
12007.1831012 3015.9411960 9.9135 0 0 0 7.96352 -13.374
12007.1831011 3015.9411946 9.9201 0 0 0 7.96935 -13.3709
12007.1831053 3015.9411969 9.9117 0 0 0 7.96314 -13.379
12007.1831046 3015.9411916 9.9097 0 0 0 7.95959 -13.3791
12007.1831006 3015.9411915 9.9118 0 0 0 7.96094 -13.3756
12007.1831010 3015.9411909 9.9124 0 0 0 7.96209 -13.3748
12007.1831012 3015.9411916 9.9137 0 0 0 7.96347 -13.3744
12007.1830996 3015.9411899 9.9192 0 0 0 7.9685 -13.3717
12007.1831006 3015.9411896 9.9182 0 0 0 7.96862 -13.3745
12007.1831013 3015.9411917 9.9000 0 0 0 7.95239 -13.3873
12007.1831012 3015.9411908 9.9078 0 0 0 7.95551 -13.3765
12007.1831019 3015.9411908 9.9016 0 0 0 7.95186 -13.3786
12007.1831019 3015.9411910 9.9044 0 0 0 7.95358 -13.3752
12007.1831042 3015.9411894 9.8983 0 0 0 7.9489 -13.379
12007.1831040 3015.9411906 9.8989 0 0 0 7.94835 -13.377
12007.1831039 3015.9411894 9.9017 0 0 0 7.95098 -13.3741
12007.1830783 3015.9411810 9.8716 0 0 0 7.92541 -13.394
12007.1830783 3015.9411806 9.8769 0 0 0 7.92425 -13.3814
12007.1830780 3015.9411805 9.8756 0 0 0 7.92457 -13.377
12007.1830782 3015.9411797 9.8771 0 0 0 7.92648 -13.3746
12007.1830791 3015.9411802 9.8800 0 0 0 7.92956 -13.3731
12007.1830783 3015.9411788 9.8820 0 0 0 7.93188 -13.3733
12007.1830786 3015.9411784 9.8845 0 0 0 7.93434 -13.3732
12007.1830786 3015.9411784 9.8850 0 0 0 7.93509 -13.3745
12007.1830787 3015.9411791 9.8811 0 0 0 7.93163 -13.3779
12007.1830791 3015.9411787 9.8841 0 0 0 7.93337 -13.375
12007.1830789 3015.9411794 9.8807 0 0 0 7.931 -13.3772
12007.1830794 3015.9411788 9.8785 0 0 0 7.92849 -13.3779
12007.1830793 3015.9411786 9.8776 0 0 0 7.9273 -13.3771
12007.1830789 3015.9411789 9.8822 0 0 0 7.93126 -13.3732
12007.1830792 3015.9411787 9.8806 0 0 0 7.93087 -13.3753
12007.1830799 3015.9411783 9.8810 0 0 0 7.9309 -13.3755
12007.1830805 3015.9411782 9.8821 0 0 0 7.93183 -13.375
12007.1830797 3015.9411783 9.8801 0 0 0 7.93028 -13.3766
12007.1830802 3015.9411775 9.8817 0 0 0 7.93127 -13.3752
12007.1830800 3015.9411773 9.8795 0 0 0 7.92965 -13.3767
12007.1830804 3015.9411777 9.8820 0 0 0 7.93144 -13.3746
12007.1830800 3015.9411775 9.8823 0 0 0 7.93219 -13.3748
12007.1830796 3015.9411779 9.8814 0 0 0 7.93147 -13.376
12007.1830807 3015.9411777 9.8814 0 0 0 7.93124 -13.3759
12007.1830806 3015.9411776 9.8819 0 0 0 7.93165 -13.3754
12007.1830810 3015.9411775 9.8864 0 0 0 7.93569 -13.3726
12007.1830815 3015.9411778 9.8782 0 0 0 7.92941 -13.3795
12007.1830814 3015.9411769 9.8791 0 0 0 7.92852 -13.3773
12007.1830812 3015.9411776 9.8802 0 0 0 7.92964 -13.3753
12007.1830797 3015.9411779 9.8799 0 0 0 7.92978 -13.3755
12007.1830797 3015.9411781 9.8776 0 0 0 7.92777 -13.3771
12007.1830787 3015.9411768 9.8806 0 0 0 7.92993 -13.3745
12007.1830780 3015.9411789 9.8780 0 0 0 7.92827 -13.3766
12007.1830779 3015.9411777 9.8789 0 0 0 7.92857 -13.3757
12007.1830786 3015.9411793 9.8785 0 0 0 7.92838 -13.3758
12007.1830771 3015.9411789 9.8816 0 0 0 7.93104 -13.3738
12007.1830769 3015.9411797 9.8796 0 0 0 7.9299 -13.376
12007.1830770 3015.9411793 9.8857 0 0 0 7.93479 -13.3722
12007.1830765 3015.9411794 9.8878 0 0 0 7.93773 -13.3726
12007.1830768 3015.9411793 9.8897 0 0 0 7.93971 -13.3734
12007.1830755 3015.9411792 9.8882 0 0 0 7.93855 -13.3759
12007.1830764 3015.9411791 9.8868 0 0 0 7.93686 -13.377
12007.1830764 3015.9411777 9.8887 0 0 0 7.93817 -13.3751
12007.1830753 3015.9411780 9.8909 0 0 0 7.9405 -13.3738
12007.1830748 3015.9411783 9.8914 0 0 0 7.94139 -13.3745
12007.1830763 3015.9411790 9.8877 0 0 0 7.93819 -13.3777
12007.1830769 3015.9411794 9.8866 0 0 0 7.93641 -13.3775
12007.1830763 3015.9411793 9.8883 0 0 0 7.93769 -13.3752
12007.1830767 3015.9411805 9.8895 0 0 0 7.9392 -13.3744
12007.1830750 3015.9411804 9.8918 0 0 0 7.94149 -13.3737
12007.1830732 3015.9411767 9.8981 0 0 0 7.94738 -13.3708
12007.1830709 3015.9411754 9.9002 0 0 0 7.95033 -13.3722
12007.1830722 3015.9411750 9.8960 0 0 0 7.94686 -13.3773
12007.1830723 3015.9411753 9.8976 0 0 0 7.94717 -13.3759
12007.1830699 3015.9411742 9.8988 0 0 0 7.94844 -13.3748
