12007.2 3015.97 -1.09866 -0.124414 -0.0574219 9.8 -1.09696 -0.548204
12007.2 3015.97 -1.10406 -0.124414 -0.0526367 9.80479 -1.10729 -0.0114221
12007.2 3015.97 -1.10006 -0.119629 -0.0574219 9.8 -1.10197 0.000930292
12007.2 3015.97 -1.09797 -0.119629 -0.0574219 9.8 -1.09836 0.00288769
12007.2 3015.97 -1.09887 -0.124414 -0.062207 9.80479 -1.09843 0.00549965
12007.2 3015.97 -1.09147 -0.119629 -0.0574219 9.8 -1.09166 0.00643722
12007.2 3015.97 -1.09027 -0.124414 -0.0574219 9.80479 -1.08962 0.00799462
12007.2 3015.97 -1.08887 -0.119629 -0.062207 9.80479 -1.08795 0.00815156
12007.2 3015.97 -1.08926 -0.119629 -0.0574219 9.8 -1.08806 0.00209695
12007.2 3015.97 -1.09107 -0.124414 -0.0574219 9.8 -1.09042 -0.00116919
12007.2 3015.97 -1.09156 -0.119629 -0.0574219 9.80479 -1.09157 0.00363275
12007.2 3015.97 -1.09167 -0.114844 -0.0574219 9.80479 -1.09119 0.0060306
12007.2 3015.97 -1.08997 -0.119629 -0.0574219 9.8 -1.08936 0.00295573
12007.2 3015.97 -1.09317 -0.124414 -0.0574219 9.80479 -1.09231 0.00341466
12007.2 3015.97 -1.08897 -0.124414 -0.062207 9.8 -1.08896 0.0033657
12007.2 3015.97 -1.09626 -0.119629 -0.0574219 9.79521 -1.0949 -0.00824068
12007.2 3015.97 -1.09527 -0.119629 -0.0574219 9.8 -1.09627 -0.0032036
12007.2 3015.97 -1.09447 -0.119629 -0.0574219 9.80479 -1.0951 0.00478258
12007.2 3015.97 -1.09497 -0.119629 -0.0574219 9.80479 -1.09437 0.00659714
12007.2 3015.97 -1.09556 -0.124414 -0.0574219 9.80479 -1.09457 0.00640469
12007.2 3015.97 -1.09456 -0.124414 -0.0574219 9.80479 -1.09375 0.00710047
12007.2 3015.97 -1.09516 -0.124414 -0.062207 9.80479 -1.09408 0.00644061
12007.2 3015.97 -1.09667 -0.124414 -0.0574219 9.8 -1.09552 0.000668901
12007.2 3015.97 -1.09557 -0.124414 -0.0574219 9.80479 -1.09548 0.00499337
12007.2 3015.97 -1.09686 -0.105273 -0.0287109 9.88613 -1.09605 0.0870471
12007.2 3015.97 -1.09697 -0.119629 -0.0574219 9.8 -1.08577 0.0307986
12007.2 3015.97 -1.09607 -0.124414 -0.0526367 9.79521 -1.09084 -0.000263737
12007.2 3015.97 -1.09727 -0.124414 -0.0574219 9.8 -1.09649 -0.00420801
12007.2 3015.97 -1.09457 -0.114844 -0.0526367 9.80479 -1.09535 0.00449638
12007.2 3015.97 -1.09557 -0.119629 -0.0574219 9.80479 -1.09497 0.00626306
12007.2 3015.97 -1.09756 -0.114844 -0.0574219 9.8 -1.09644 0.000600322
12007.2 3015.97 -1.09697 -0.119629 -0.0574219 9.8 -1.09682 -0.000123002
12007.2 3015.97 -1.09667 -0.124414 -0.0574219 9.80957 -1.09671 0.00962256
12007.2 3015.97 -1.09717 -0.119629 -0.0526367 9.8 -1.09588 0.00317461
12007.2 3015.97 -1.09207 -0.124414 -0.0526367 9.80479 -1.09215 0.00837047
12007.2 3015.97 -1.08886 -0.119629 -0.0574219 9.8 -1.08821 0.0051229
12007.2 3015.97 -1.08986 -0.124414 -0.0574219 9.80479 -1.08899 0.00558084
12007.2 3015.97 -1.09046 -0.124414 -0.0526367 9.8 -1.08956 0.00107536
12007.2 3015.97 -1.09136 -0.124414 -0.0574219 9.8 -1.09099 -0.000758518
12007.2 3015.97 -1.09316 -0.114844 -0.062207 9.8 -1.09298 -0.00166232
12007.2 3015.97 -1.09216 -0.119629 -0.0526367 9.8 -1.09247 -7.10832e-05
12007.2 3015.97 -1.09026 -0.119629 -0.0574219 9.80479 -1.09055 0.00617567
12007.2 3015.97 -1.08916 -0.119629 -0.0574219 9.8 -1.08855 0.00311605
12007.2 3015.97 -1.09166 -0.119629 -0.0574219 9.80479 -1.09086 0.00392265
12007.2 3015.97 -1.09206 -0.124414 -0.0574219 9.8 -1.09141 0.000647827
12007.2 3015.97 -1.09516 -0.124414 -0.0574219 9.8 -1.0946 -0.00216285
12007.2 3015.97 -1.09616 -0.114844 -0.0574219 9.80479 -1.09624 0.00300632
12007.2 3015.97 -1.09427 -0.124414 -0.062207 9.8 -1.09414 0.00234136
12007.2 3015.97 -1.09777 -0.114844 -0.0574219 9.8 -1.09701 -0.00147528
12007.2 3015.97 -1.09516 -0.119629 -0.0574219 9.80479 -1.09558 0.00543333
12007.2 3015.97 -1.09627 -0.119629 -0.0574219 9.8 -1.09549 0.001522
12007.2 3015.97 -1.09537 -0.119629 -0.0574219 9.80479 -1.09519 0.00541236
12007.2 3015.97 -1.09747 -0.119629 -0.0574219 9.80479 -1.09649 0.00528056
12007.2 3015.97 -1.09857 -0.124414 -0.0526367 9.8 -1.09763 0.00057297
12007.2 3015.97 -1.09616 -0.119629 -0.062207 9.8 -1.09628 0.00114607
12007.2 3015.97 -1.09596 -0.124414 -0.0574219 9.8 -1.09586 0.000614035
12007.2 3015.97 -1.09007 -0.114844 -0.0574219 9.79521 -1.09072 -0.000860661
12007.2 3015.97 -1.09547 -0.119629 -0.0574219 9.80479 -1.09497 0.00144181
12007.2 3015.97 -1.09617 -0.119629 -0.0574219 9.80479 -1.09584 0.00453893
12007.2 3015.97 -1.10067 -0.124414 -0.0574219 9.8 -1.09947 -0.00145192
12007.2 3015.97 -1.09597 -0.124414 -0.0574219 9.80479 -1.0966 0.00650026
12007.2 3015.97 -1.10047 -0.124414 -0.0526367 9.8 -1.09915 -0.000130799
12007.2 3015.97 -1.10118 -0.119629 -0.0574219 9.8 -1.10094 -0.00134174
12007.2 3015.97 -1.09189 -0.124414 -0.0526367 9.8 -1.09321 0.00530385
12007.2 3015.97 -1.10198 -0.129199 -0.0574219 9.80479 -1.10019 0.00108985
12007.2 3015.97 -1.0954 -0.119629 -0.0574219 9.8 -1.09587 0.00345539
12007.2 3015.97 -1.094 -0.119629 -0.0574219 9.79521 -1.0938 -0.00234499
12007.2 3015.97 -1.08969 -0.119629 -0.0574219 9.80479 -1.09051 0.00656903
12007.2 3015.97 -1.0939 -0.124414 -0.0574219 9.80479 -1.09264 0.00498315
12007.2 3015.97 -1.09481 -0.119629 -0.0574219 9.8 -1.0939 0.000404121
12007.2 3015.97 -1.09231 -0.124414 -0.0574219 9.8 -1.09246 0.00116613
12007.2 3015.97 -1.09092 -0.119629 -0.0526367 9.80479 -1.09097 0.00618756
12007.2 3015.97 -1.08811 -0.124414 -0.062207 9.79521 -1.08768 -0.000724731
12007.2 3015.97 -1.09293 -0.124414 -0.0574219 9.79521 -1.09235 -0.00839925
12007.2 3015.97 -1.08622 -0.124414 -0.0526367 9.8 -1.08807 0.000892687
12007.2 3015.97 -1.09383 -0.119629 -0.0574219 9.80957 -1.09298 0.00621029
12007.2 3015.97 -1.09282 -0.124414 -0.0574219 9.8 -1.09205 0.00234577
12007.2 3015.97 -1.09513 -0.119629 -0.0574219 9.79521 -1.09444 -0.00591015
12007.2 3015.97 -1.09799 -0.119629 -0.0574219 9.8 -1.09829 -0.00440075
12007.2 3015.97 -1.09402 -0.119629 -0.0574219 9.80479 -1.09512 0.00592973
12007.2 3015.97 -1.0956 -0.119629 -0.062207 9.8 -1.09479 0.00183011
12007.2 3015.97 -1.1013 -0.220117 -0.143555 9.79521 -1.10024 -0.00829243
12007.2 3015.97 -1.1009 -0.416309 0.090918 9.74258 -1.10187 -0.0608326
12007.2 3015.97 -1.10839 0.75127 -0.0382813 9.80479 -1.1153 -0.0213205
12007.2 3015.97 -1.10529 -0.00478516 -0.0430664 9.81436 -1.10928 0.01307
12007.2 3015.97 -1.10908 0.162695 -0.512012 9.82393 -1.10744 0.0287654
12007.2 3015.97 -1.11117 0.181836 0.0813477 10.1445 -1.10704 0.35252
12007.2 3015.97 -1.10389 0.583789 0.200977 10.0967 -1.05943 0.425797
12007.2 3015.97 -1.10916 -0.090918 -0.090918 10.4891 -1.04865 0.810784
12007.2 3015.97 -1.09785 -0.124414 0.119629 10.202 -0.988422 0.662828
12007.2 3015.97 -1.08471 0.368457 0.119629 10.2594 -0.988117 0.63679
12007.2 3015.97 -1.06504 0.765625 -0.00957031 9.77129 -0.974221 0.151701
12007.2 3015.97 -1.03057 1.04316 0.29668 9.63252 -1.0041 -0.148815
12007.2 3015.97 -0.997852 0.46416 0.708203 9.94834 -1.01758 0.0986761
12007.2 3015.97 -0.964753 0.411523 0.421094 9.64209 -0.958919 -0.0885503
12007.2 3015.97 -0.939306 0.512012 0.880469 9.5751 -0.953069 -0.244288
12007.2 3015.97 -0.912464 0.31582 0.674707 9.77129 -0.948716 -0.0908257
12007.2 3015.97 -0.89185 0.0813477 0.708203 10.111 -0.910643 0.31465
12007.2 3015.97 -0.859244 -0.105273 0.387598 9.72344 -0.825746 0.0697533
12007.2 3015.97 -0.820322 0.248828 0.803906 9.66602 -0.812136 -0.105366
12007.2 3015.97 -0.783586 0.354102 1.02881 9.64688 -0.800626 -0.172859
12007.2 3015.97 -0.763697 0.124414 1.1293 9.8 -0.790392 -0.0387111
12007.2 3015.97 -0.756664 -0.0669922 0.890039 9.76172 -0.765882 -0.0306718
12007.2 3015.97 -0.703751 0.0239258 1.22979 9.73301 -0.71556 -0.0383221
12007.2 3015.97 -0.664937 -0.234473 0.990527 9.82871 -0.676255 0.0472641
12007.2 3015.97 -0.61404 -0.320605 1.16758 9.99141 -0.615942 0.248231
12007.2 3015.97 -0.570039 0.100488 1.7418 9.87656 -0.544294 0.195416
12007.2 3015.97 -0.525654 0.45459 3.13906 11.4604 -0.50316 1.74283
12007.2 3015.97 -0.489157 0.440234 2.75625 9.64209 -0.269171 0.479431
12007.2 3015.97 -0.432248 0.272754 2.81367 10.7427 -0.350491 1.01126
12007.2 3015.97 -0.399784 0.133984 1.72266 10.0153 -0.264833 0.548428
12007.2 3015.97 -0.354373 -0.598145 0.727344 9.5416 -0.273194 -0.117915
12007.2 3015.97 -0.264685 -0.521582 1.225 9.37412 -0.280772 -0.462953
12007.2 3015.97 -0.22698 -0.866113 0.698633 8.89082 -0.292734 -1.0417
12007.2 3015.97 -0.186342 -0.904395 1.40205 8.46016 -0.332433 -1.6474
12007.2 3015.97 -0.156576 -0.60293 1.66045 8.77598 -0.388579 -1.50555
12007.2 3015.97 -0.138211 -1.06709 1.225 8.72813 -0.361645 -1.45462
12007.2 3015.97 -0.114871 -0.870898 1.48818 8.78076 -0.331366 -1.38591
12007.2 3015.97 -0.097349 -0.512012 2.14854 8.82861 -0.303478 -1.32144
12007.2 3015.97 -0.09305 -0.550293 1.94756 8.80947 -0.287975 -1.33243
12007.2 3015.97 -0.091144 -0.0574219 2.26338 9.36934 -0.285736 -0.785216
12007.2 3015.97 -0.088649 -0.401953 2.09111 9.21621 -0.213643 -0.740878
12007.2 3015.97 -0.076951 -0.497656 2.19639 9.52246 -0.188618 -0.45726
12007.2 3015.97 -0.071655 -0.392383 2.21074 9.54639 -0.144723 -0.34369
12007.2 3015.97 -0.068951 -0.660352 2.05283 9.47461 -0.122326 -0.400858
12007.2 3015.97 -0.075743 -0.583789 2.22031 9.78086 -0.132678 -0.133885
12007.2 3015.97 -0.071943 -0.507227 2.31123 9.53682 -0.0967077 -0.27262
12007.2 3015.97 -0.072349 -0.387598 2.10547 9.51768 -0.110138 -0.365043
12007.2 3015.97 -0.074154 -0.301465 2.20596 9.85742 -0.125183 -0.0511866
12007.2 3015.97 -0.073062 -0.200977 2.0624 9.34063 -0.0862075 -0.444502
12007.2 3015.97 -0.070263 -0.172266 1.92842 9.29756 -0.128853 -0.652514
12007.2 3015.97 -0.068762 -0.406738 1.92363 9.59424 -0.159438 -0.402605
12007.2 3015.97 -0.07027 -0.492871 2.01455 9.77129 -0.132846 -0.116855
12007.2 3015.97 -0.072067 -0.44502 1.97627 9.56553 -0.0946702 -0.23774
12007.2 3015.97 -0.068672 -0.478516 1.88057 9.50332 -0.102232 -0.365774
12007.2 3015.97 -0.071151 -0.435449 1.82314 9.5416 -0.121649 -0.370406
12007.2 3015.97 -0.070456 -0.497656 1.90928 9.65166 -0.124103 -0.249157
12007.2 3015.97 -0.07057 -0.507227 1.94756 9.65645 -0.109086 -0.199158
12007.2 3015.97 -0.069164 -0.569434 1.871 9.52246 -0.0995861 -0.323819
12007.2 3015.97 -0.070068 -0.579004 1.89971 9.7665 -0.115029 -0.131376
12007.2 3015.97 -0.06797 -0.679492 1.84229 9.62295 -0.0906751 -0.194328
12007.2 3015.97 -0.06877 -0.641211 1.85186 9.68037 -0.0962848 -0.175688
12007.2 3015.97 -0.064076 -0.607715 1.75137 9.62773 -0.09053 -0.215015
12007.2 3015.97 -0.06717 -0.636426 1.78008 9.48896 -0.0975023 -0.373623
12007.2 3015.97 -0.067678 -0.674707 1.73223 9.54639 -0.119015 -0.369254
12007.2 3015.97 -0.062667 -0.617285 1.79443 9.54639 -0.116823 -0.350719
12007.2 3015.97 -0.065868 -0.77041 1.76572 9.74736 -0.116979 -0.146508
12007.2 3015.97 -0.069664 -0.636426 1.78486 9.57031 -0.0943272 -0.252256
12007.2 3015.97 -0.066163 -0.717773 1.84229 9.70908 -0.101845 -0.163861
12007.2 3015.97 -0.070155 -0.669922 1.78965 9.67559 -0.0950382 -0.163231
12007.2 3015.97 -0.071659 -0.808691 1.56475 9.56553 -0.0954044 -0.278377
12007.2 3015.97 -0.075946 -0.693848 1.29678 9.4124 -0.113844 -0.475526
12007.2 3015.97 -0.085538 -0.626855 1.45469 9.64688 -0.149649 -0.306478
12007.2 3015.97 -0.094241 -0.669922 1.46426 9.57988 -0.14029 -0.29519
12007.2 3015.97 -0.098632 -0.674707 1.4499 9.58467 -0.141495 -0.295127
12007.2 3015.97 -0.101113 -0.579004 1.36377 9.69473 -0.143805 -0.185862
12007.2 3015.97 -0.100606 -0.382812 1.31592 9.60381 -0.129753 -0.235582
12007.2 3015.97 -0.104996 -0.540723 1.42598 9.75215 -0.138123 -0.116961
12007.2 3015.97 -0.104399 -0.421094 1.38291 9.79043 -0.123573 -0.0301767
12007.2 3015.97 -0.102503 -0.574219 1.05752 9.47461 -0.109024 -0.322798
12007.2 3015.97 -0.105402 -0.397168 1.1915 9.73779 -0.146938 -0.176278
12007.2 3015.97 -0.105003 -0.626855 1.14844 9.63252 -0.13277 -0.204224
12007.2 3015.97 -0.108598 -0.46416 1.42119 9.85264 -0.13766 -0.00554095
12007.2 3015.97 -0.104508 -0.483301 1.29199 9.71865 -0.109432 -0.0621464
12007.2 3015.97 -0.105806 -0.631641 1.24893 9.80479 -0.114175 -0.0153037
12007.2 3015.97 -0.105211 -0.521582 1.26328 9.71865 -0.108299 -0.0811334
12007.2 3015.97 -0.106406 -0.497656 1.21064 9.54639 -0.116971 -0.281656
12007.2 3015.97 -0.103014 -0.430664 1.23457 9.58945 -0.14063 -0.303175
12007.2 3015.97 -0.104704 -0.521582 1.20586 9.61338 -0.147853 -0.27296
12007.2 3015.97 -0.102596 -0.564648 1.18193 9.68516 -0.143088 -0.184322
12007.2 3015.97 -0.101889 -0.521582 1.23936 9.53682 -0.130586 -0.303298
12007.2 3015.97 -0.102889 -0.775195 1.00488 9.90527 -0.145007 0.0136281
12007.2 3015.97 -0.103283 -0.6125 1.13408 9.74258 -0.106858 -0.0258282
12007.2 3015.97 -0.105181 -0.421094 1.17715 9.5416 -0.108681 -0.266639
12007.2 3015.97 -0.101778 -0.497656 1.28242 9.65166 -0.136585 -0.240064
12007.2 3015.97 -0.093169 -0.555078 1.19629 9.73301 -0.129241 -0.125787
12007.2 3015.97 -0.09936 -0.47373 1.09102 9.52725 -0.119168 -0.299
12007.2 3015.97 -0.097562 -0.717773 1.11973 9.79043 -0.138358 -0.103561
12007.2 3015.97 -0.099455 -0.535938 1.28242 9.83828 -0.117583 0.025818
12007.2 3015.97 -0.097754 -0.545508 1.17236 9.67559 -0.0969919 -0.102426
12007.2 3015.97 -0.101242 -0.492871 1.06709 9.70908 -0.113734 -0.130566
12007.2 3015.97 -0.102538 -0.507227 1.18672 9.7043 -0.120577 -0.13562
12007.2 3015.97 -0.100643 -0.44502 1.16279 9.56074 -0.120437 -0.27541
12007.2 3015.97 -0.10354 -0.440234 1.18672 9.72822 -0.140735 -0.160274
12007.2 3015.97 -0.093449 -0.483301 1.1293 9.57031 -0.11986 -0.257239
12007.2 3015.97 -0.096916 -0.488086 1.16758 9.53203 -0.132568 -0.346046
12007.2 3015.97 -0.098616 -0.545508 1.22979 10.111 -0.146969 0.207977
12007.2 3015.97 -0.099805 -0.579004 1.26807 9.80479 -0.0793423 0.109931
12007.2 3015.97 -0.102499 -0.483301 1.225 9.81914 -0.0855641 0.0439696
12007.2 3015.97 -0.104089 -0.512012 1.17715 9.65166 -0.0961368 -0.144332
12007.2 3015.97 -0.103684 -0.483301 1.16279 9.66123 -0.121089 -0.195635
12007.2 3015.97 -0.10148 -0.598145 1.15801 9.75215 -0.128869 -0.10585
12007.2 3015.97 -0.104864 -0.564648 1.22979 9.92441 -0.121388 0.101599
12007.2 3015.97 -0.105672 -0.488086 1.20586 9.6373 -0.0947437 -0.116014
12007.2 3015.97 -0.104361 -0.492871 1.17715 9.61338 -0.1179 -0.2346
12007.2 3015.97 -0.107861 -0.497656 1.15322 9.65166 -0.13899 -0.226507
12007.2 3015.97 -0.110253 -0.593359 1.14844 9.68994 -0.142732 -0.173351
12007.2 3015.97 -0.114746 -0.636426 1.2585 9.91484 -0.140365 0.0702363
12007.2 3015.97 -0.105855 -0.569434 1.20586 9.79043 -0.101309 0.0378213
12007.2 3015.97 -0.109663 -0.564648 1.17715 9.62773 -0.103787 -0.163971
12007.2 3015.97 -0.105058 -0.526367 1.23936 9.68037 -0.125761 -0.179562
12007.2 3015.97 -0.109365 -0.492871 1.18672 9.64688 -0.1343 -0.207383
12007.2 3015.97 -0.107962 -0.555078 1.16279 9.74258 -0.137702 -0.115353
12007.2 3015.97 -0.11017 -0.574219 1.12451 9.70908 -0.128352 -0.114904
12007.2 3015.97 -0.109371 -0.574219 1.17715 9.67559 -0.126407 -0.153706
12007.2 3015.97 -0.109367 -0.521582 1.20107 9.79521 -0.131094 -0.0493086
12007.2 3015.97 -0.112173 -0.583789 1.12451 9.63252 -0.120855 -0.17316
12007.2 3015.97 -0.113168 -0.550293 1.22021 9.73301 -0.13618 -0.124511
12007.2 3015.97 -0.111275 -0.531152 1.15801 9.75215 -0.130288 -0.0768193
12007.2 3015.97 -0.109571 -0.545508 1.14365 9.67559 -0.121982 -0.138865
12007.2 3015.97 -0.112781 -0.497656 1.19629 9.78564 -0.131622 -0.0585404
12007.2 3015.97 -0.113281 -0.631641 1.10059 9.62295 -0.123064 -0.18643
12007.2 3015.97 -0.111285 -0.397168 1.30635 9.76172 -0.136506 -0.0979678
12007.2 3015.97 -0.111788 -0.478516 1.06709 9.59902 -0.127399 -0.220494
12007.2 3015.97 -0.114183 -0.540723 1.11494 9.68994 -0.143922 -0.181108
12007.2 3015.97 -0.10699 -0.224902 1.24893 9.68516 -0.134735 -0.156528
12007.2 3015.97 -0.108085 -0.60293 1.0958 9.77129 -0.131394 -0.0681069
12007.2 3015.97 -0.112694 -0.411523 0.942676 9.61816 -0.12374 -0.194435
12007.2 3015.97 -0.111425 -0.363672 0.937891 9.34541 -0.137733 -0.51682
12007.2 3015.97 -0.11876 0.0191406 1.41641 8.87646 -0.186938 -1.09775
12007.2 3015.97 -0.132553 -0.196191 1.17236 9.56074 -0.279157 -0.600281
12007.2 3015.97 -0.152546 -0.172266 0.933105 8.95303 -0.24504 -0.982447
12007.2 3015.97 -0.19349 0.45459 0.942676 8.77119 -0.325062 -1.35007
12007.2 3015.97 -0.22903 0.430664 0.92832 8.43145 -0.413041 -1.79392
12007.2 3015.97 -0.284381 0.746484 0.823047 9.00088 -0.529022 -1.36366
12007.2 3015.97 -0.336589 0.741699 1.29199 9.69473 -0.534596 -0.473899
12007.2 3015.97 -0.410704 1.47383 1.37813 8.9291 -0.486771 -0.962544
12007.2 3015.97 -0.487261 1.76572 1.23936 9.60381 -0.609679 -0.543556
12007.2 3015.97 -0.558499 2.57441 0.875684 9.28799 -0.634177 -0.675268
12007.2 3015.97 -0.60644 2.87109 0.746484 9.22578 -0.695895 -0.799955
12007.2 3015.97 -0.7174 3.25391 0.272754 9.91963 -0.816455 -0.182551
12007.2 3015.97 -0.789379 3.17734 -0.105273 10.044 -0.816053 0.195536
12007.2 3015.97 -0.830543 3.096 -0.550293 9.17314 -0.803818 -0.565619
12007.2 3015.97 -0.884103 2.82324 -0.588574 9.66123 -0.94586 -0.394045
12007.2 3015.97 -0.902719 2.56963 -0.411523 11.4892 -0.958349 1.57467
12007.2 3015.97 -0.941698 2.81367 -0.645996 11.1542 -0.743446 1.9326
12007.2 3015.97 -0.988572 2.63662 -0.588574 9.62295 -0.711464 0.363017
12007.2 3015.97 -1.02309 1.64131 -0.282324 10.0201 -0.937246 0.151737
12007.2 3015.97 -1.03042 1.31113 -0.717773 10.9197 -0.999255 1.11486
12007.2 3015.97 -1.04122 1.39727 -0.708203 10.0488 -0.894015 0.623966
12007.2 3015.97 -1.0443 1.29678 -0.531152 9.96748 -0.945782 0.296354
12007.2 3015.97 -1.04661 1.55039 -0.181836 9.93877 -0.99607 0.181148
12007.2 3015.97 -1.0539 0.535938 -0.287109 10.3694 -1.02349 0.597771
12007.2 3015.97 -1.0597 0.397168 -0.0765625 9.75215 -0.979024 0.144526
12007.2 3015.97 -1.06056 0.492871 -0.205762 9.79043 -1.03179 -0.00959787
12007.2 3015.97 -1.05943 0.354102 -0.0861328 9.78564 -1.05713 -0.035488
12007.2 3015.97 -1.06651 0.0334961 0.215332 9.83828 -1.06983 0.0194896
12007.2 3015.97 -1.07021 0.60293 -0.105273 9.8335 -1.06769 0.0402805
12007.2 3015.97 -1.07189 0.124414 -0.641211 9.76172 -1.06623 -0.0264488
12007.2 3015.97 -1.06609 0.334961 -0.062207 9.79043 -1.06947 -0.0190158
12007.2 3015.97 -1.05692 0.334961 -0.0669922 9.78564 -1.06094 -0.0131832
12007.2 3015.97 -1.07052 0.334961 -0.062207 9.78564 -1.07098 -0.0252376
12007.2 3015.97 -1.07069 0.330176 -0.062207 9.87178 -1.07393 0.0628651
12007.2 3015.97 -1.07046 0.334961 -0.062207 9.78564 -1.0629 0.0105328
12007.2 3015.97 -1.05107 0.330176 -0.062207 9.78564 -1.05124 -0.0029914
12007.2 3015.97 -1.07122 0.334961 -0.0669922 9.78564 -1.06906 -0.0282143
12007.2 3015.97 -1.05844 0.339746 -0.0669922 9.79043 -1.06338 -0.0129539
12007.2 3015.97 -1.06103 0.334961 -0.0717773 9.78564 -1.06298 -0.0175213
12007.2 3015.97 -1.07103 0.334961 -0.062207 9.78564 -1.07223 -0.0258199
12007.2 3015.97 -1.07533 0.334961 -0.062207 9.78086 -1.07822 -0.0304335
12007.2 3015.97 -1.06902 0.339746 -0.0669922 9.78086 -1.07407 -0.0242302
12007.2 3015.97 -1.07384 0.339746 -0.0669922 9.78086 -1.07695 -0.0277303
12007.2 3015.97 -1.06315 0.339746 -0.0669922 9.78086 -1.06843 -0.0203118
12007.2 3015.97 -1.06877 0.334961 -0.062207 9.78086 -1.07131 -0.0266783
12007.2 3015.97 -1.07685 0.344531 -0.062207 9.78086 -1.07954 -0.0323041
12007.2 3015.97 -1.06247 0.334961 -0.0669922 9.78086 -1.06875 -0.0198719
12007.2 3015.97 -1.06868 0.334961 -0.062207 9.79043 -1.07121 -0.0166867
12007.2 3015.97 -1.06966 0.334961 -0.0669922 9.79043 -1.07198 -0.0145955
12007.2 3015.97 -1.07555 0.334961 -0.062207 9.78564 -1.07695 -0.0218972
12007.2 3015.97 -1.07204 0.334961 -0.062207 9.78564 -1.07545 -0.0191118
12007.2 3015.97 -1.07355 0.334961 -0.0669922 9.79043 -1.07622 -0.0152405
12007.2 3015.97 -1.06813 0.339746 -0.0669922 9.78086 -1.0711 -0.0194646
12007.2 3015.97 -1.07045 0.339746 -0.0669922 9.78564 -1.07301 -0.0209558
12007.2 3015.97 -1.07105 0.334961 -0.0574219 9.78086 -1.07396 -0.0254418
12007.2 3015.97 -1.07345 0.339746 -0.062207 9.78564 -1.07675 -0.0232012
12007.2 3015.97 -1.07137 0.330176 -0.062207 9.78564 -1.075 -0.0192758
12007.2 3015.97 -1.06986 0.334961 -0.062207 9.78564 -1.07296 -0.0180144
12007.2 3015.97 -1.06955 0.334961 -0.062207 9.78086 -1.07228 -0.0234517
12007.2 3015.97 -1.07025 0.339746 -0.062207 9.78564 -1.07349 -0.0215138
12007.2 3015.97 -1.07005 0.334961 -0.0669922 9.78564 -1.07322 -0.0199106
12007.2 3015.97 -1.06475 0.339746 -0.0669922 9.78086 -1.06836 -0.0209023
12007.2 3015.97 -1.06335 0.339746 -0.0669922 9.78564 -1.06665 -0.018688
12007.2 3015.97 -1.06734 0.334961 -0.0669922 9.78564 -1.06963 -0.0215377
12007.2 3015.97 -1.07135 0.339746 -0.0669922 9.78086 -1.07387 -0.0280063
12007.2 3015.97 -1.06586 0.334961 -0.062207 9.78086 -1.07044 -0.0241123
12007.2 3015.97 -1.06575 0.334961 -0.0669922 9.79043 -1.06941 -0.0152627
12007.2 3015.97 -1.06655 0.339746 -0.0669922 9.79043 -1.06885 -0.0132404
12007.2 3015.97 -1.06595 0.334961 -0.0669922 9.78086 -1.068 -0.0220558
12007.2 3015.97 -1.06935 0.330176 -0.0669922 9.78086 -1.07198 -0.0279539
12007.2 3015.97 -1.06605 0.330176 -0.0669922 9.78086 -1.07036 -0.025425
12007.2 3015.97 -1.06575 0.339746 -0.0669922 9.78564 -1.06957 -0.0205715
12007.2 3015.97 -1.06664 0.334961 -0.0669922 9.78564 -1.06963 -0.0198988
12007.2 3015.97 -1.06664 0.339746 -0.0669922 9.78564 -1.06955 -0.0196204
12007.2 3015.97 -1.06644 0.334961 -0.062207 9.78086 -1.06934 -0.0242255
12007.2 3015.97 -1.06574 0.334961 -0.062207 9.78086 -1.06928 -0.0255794
12007.2 3015.97 -1.06864 0.334961 -0.062207 9.78086 -1.07198 -0.02795
12007.2 3015.97 -1.06683 0.334961 -0.0669922 9.78564 -1.07104 -0.0211449
12007.2 3015.97 -1.06684 0.334961 -0.062207 9.77607 -1.07006 -0.0288597
12007.2 3015.97 -1.06484 0.334961 -0.0669922 9.78564 -1.06918 -0.0214238
12007.2 3015.97 -1.06783 0.334961 -0.062207 9.78086 -1.07073 -0.0260042
12007.2 3015.97 -1.06885 0.334961 -0.062207 9.78086 -1.0724 -0.0273129
12007.2 3015.97 -1.07065 0.334961 -0.0669922 9.78086 -1.07434 -0.0278679
12007.2 3015.97 -1.07055 0.334961 -0.062207 9.77607 -1.07458 -0.0315455
12007.2 3015.97 -1.06635 0.330176 -0.062207 9.77607 -1.07141 -0.0300407
12007.2 3015.97 -1.07054 0.334961 -0.0669922 9.78086 -1.07447 -0.0294153
12007.2 3015.97 -1.07644 0.334961 -0.0669922 9.78564 -1.07993 -0.0262151
12007.2 3015.97 -1.07463 0.334961 -0.0669922 9.78086 -1.07864 -0.0252071
12007.2 3015.97 -1.07603 0.334961 -0.062207 9.78086 -1.07957 -0.0265587
12007.2 3015.97 -1.07814 0.330176 -0.062207 9.78564 -1.0817 -0.0230157
12007.2 3015.97 -1.07333 0.334961 -0.062207 9.78086 -1.07733 -0.0220884
12007.2 3015.97 -1.07383 0.334961 -0.0669922 9.78564 -1.07709 -0.0200851
12007.2 3015.97 -1.07724 0.334961 -0.0669922 9.78086 -1.07977 -0.0264775
12007.2 3015.97 -1.07464 0.334961 -0.0669922 9.78564 -1.07866 -0.0206193
