12007.2 3015.97 -1.10166 0.334961 -0.062207 9.78086 -1.09995 -0.568838
12007.2 3015.97 -1.10546 0.334961 -0.0669922 9.77607 -1.10882 -0.0389177
12007.2 3015.97 -1.10546 0.339746 -0.0669922 9.77607 -1.10979 -0.0348456
12007.2 3015.97 -1.10196 0.344531 -0.062207 9.77607 -1.10732 -0.0315448
12007.2 3015.97 -1.10457 0.339746 -0.0669922 9.77129 -1.10893 -0.0383198
12007.2 3015.97 -1.10056 0.334961 -0.062207 9.77129 -1.1065 -0.037172
12007.2 3015.97 -1.10187 0.334961 -0.062207 9.77607 -1.10719 -0.0343653
12007.2 3015.97 -1.10157 0.334961 -0.062207 9.77607 -1.10666 -0.0327251
12007.2 3015.97 -1.10137 0.334961 -0.062207 9.77607 -1.10621 -0.0323446
12007.2 3015.97 -1.10457 0.339746 -0.0574219 9.77607 -1.10889 -0.0345373
12007.2 3015.97 -1.10237 0.334961 -0.062207 9.77607 -1.10759 -0.0322088
12007.2 3015.97 -1.10237 0.334961 -0.062207 9.77607 -1.10713 -0.0321994
12007.2 3015.97 -1.10538 0.339746 -0.0669922 9.77607 -1.1097 -0.0344113
12007.2 3015.97 -1.10908 0.339746 -0.062207 9.77607 -1.11354 -0.0359379
12007.2 3015.97 -1.10548 0.334961 -0.062207 9.77607 -1.11108 -0.0317305
12007.2 3015.97 -1.10538 0.339746 -0.062207 9.78086 -1.11014 -0.0269375
12007.2 3015.97 -1.10858 0.339746 -0.062207 9.77607 -1.11221 -0.0326422
12007.2 3015.97 -1.10807 0.339746 -0.0669922 9.77607 -1.11275 -0.0330511
12007.2 3015.97 -1.11228 0.334961 -0.062207 9.77607 -1.11655 -0.035539
12007.2 3015.97 -1.10687 0.339746 -0.062207 9.77607 -1.11262 -0.0305523
12007.2 3015.97 -1.10928 0.334961 -0.0287109 9.86221 -1.11359 0.0533323
12007.2 3015.97 -1.10987 0.334961 -0.0669922 9.77129 -1.10356 -0.00710307
12007.2 3015.97 -1.10427 0.330176 -0.0669922 9.77607 -1.10508 -0.0269415
12007.2 3015.97 -1.10807 0.334961 -0.0669922 9.77129 -1.11111 -0.040334
12007.2 3015.97 -1.10537 0.334961 -0.062207 9.77607 -1.11124 -0.0347972
12007.2 3015.97 -1.10927 0.334961 -0.062207 9.77607 -1.11395 -0.0352144
12007.2 3015.97 -1.11247 0.334961 -0.0574219 9.77129 -1.11714 -0.0404651
12007.2 3015.97 -1.10987 0.339746 -0.0669922 9.77607 -1.11594 -0.033866
12007.2 3015.97 -1.11048 0.334961 -0.062207 9.78086 -1.11548 -0.0278565
12007.2 3015.97 -1.11278 0.334961 -0.0669922 9.77607 -1.11667 -0.0322381
12007.2 3015.97 -1.10548 0.334961 -0.0669922 9.77607 -1.11101 -0.0283972
12007.2 3015.97 -1.10668 0.334961 -0.062207 9.78086 -1.11084 -0.026611
12007.2 3015.97 -1.10977 0.339746 -0.062207 9.77607 -1.11329 -0.0328374
12007.2 3015.97 -1.11018 0.334961 -0.062207 9.77129 -1.11475 -0.0385587
12007.2 3015.97 -1.10718 0.334961 -0.0669922 9.77607 -1.11305 -0.0329834
12007.2 3015.97 -1.11527 0.339746 -0.062207 9.78086 -1.11918 -0.0324541
12007.2 3015.97 -1.11787 0.334961 -0.062207 9.77607 -1.12217 -0.0347863
12007.2 3015.97 -1.11507 0.334961 -0.062207 9.77607 -1.1204 -0.0319301
12007.2 3015.97 -1.11476 0.330176 -0.062207 9.77129 -1.11954 -0.0366199
12007.2 3015.97 -1.11367 0.334961 -0.0669922 9.77129 -1.11908 -0.0381583
12007.2 3015.97 -1.11297 0.334961 -0.062207 9.77607 -1.11861 -0.033782
12007.2 3015.97 -1.12018 0.339746 -0.0574219 9.78086 -1.12428 -0.0323281
12007.2 3015.97 -1.10977 0.334961 -0.062207 9.78086 -1.11573 -0.0215163
12007.2 3015.97 -1.10898 0.339746 -0.062207 9.77607 -1.11258 -0.027371
12007.2 3015.97 -1.11798 0.339746 -0.0574219 9.77607 -1.12077 -0.0372462
12007.2 3015.97 -1.10967 0.339746 -0.0574219 9.77607 -1.11582 -0.0302573
12007.2 3015.97 -1.11718 0.334961 -0.062207 9.77607 -1.12085 -0.0356999
12007.2 3015.97 -1.1252 0.330176 -0.062207 9.78086 -1.12919 -0.0347908
12007.2 3015.97 -1.12507 0.334961 -0.0669922 9.78086 -1.13002 -0.0290484
12007.2 3015.97 -1.10559 0.334961 -0.062207 9.78086 -1.1124 -0.013996
12007.2 3015.97 -1.11481 0.334961 -0.0669922 9.78086 -1.11628 -0.0257285
12007.2 3015.97 -1.1029 0.339746 -0.062207 9.77129 -1.10787 -0.0294284
12007.2 3015.97 -1.11159 0.334961 -0.062207 9.78086 -1.11487 -0.0321299
12007.2 3015.97 -1.12711 0.339746 -0.062207 9.77607 -1.12964 -0.0433396
12007.2 3015.97 -1.1129 0.339746 -0.0574219 9.77129 -1.12055 -0.0336353
12007.2 3015.97 -1.10378 0.339746 -0.062207 9.77607 -1.1102 -0.0253333
12007.2 3015.97 -1.09758 0.334961 -0.062207 9.77607 -1.10241 -0.0249944
12007.2 3015.97 -1.10193 0.334961 -0.0574219 9.77129 -1.10517 -0.0374117
12007.2 3015.97 -1.09592 0.334961 -0.0669922 9.78086 -1.10185 -0.0267146
12007.2 3015.97 -1.11051 0.339746 -0.0334961 9.86221 -1.11281 0.047039
12007.2 3015.97 -1.11727 0.330176 -0.0669922 9.78086 -1.11072 -0.00503254
12007.2 3015.97 -1.11956 0.325391 -0.0574219 9.77607 -1.11907 -0.0313937
12007.2 3015.97 -1.12014 0.334961 -0.062207 9.77607 -1.12399 -0.0359238
12007.2 3015.97 -1.12081 0.334961 -0.0669922 9.77607 -1.12579 -0.0348445
12007.2 3015.97 -1.11611 0.339746 -0.0669922 9.77607 -1.12178 -0.0303007
12007.2 3015.97 -1.11199 0.339746 -0.062207 9.77129 -1.11709 -0.0333802
12007.2 3015.97 -1.11339 0.330176 -0.062207 9.77607 -1.11811 -0.0335943
12007.2 3015.97 -1.11478 0.334961 -0.062207 9.77607 -1.11948 -0.0339081
12007.2 3015.97 -1.11099 0.334961 -0.062207 9.77607 -1.11638 -0.0307229
12007.2 3015.97 -1.11379 -0.0957031 0.0574219 9.80479 -1.11803 -0.00463157
12007.2 3015.97 -1.11227 0.16748 -0.100488 9.78086 -1.1136 -0.017132
12007.2 3015.97 -1.10757 0.287109 -0.0478516 9.77129 -1.11052 -0.0310357
12007.2 3015.97 -1.10547 0.45459 0.090918 9.93877 -1.11006 0.130806
12007.2 3015.97 -1.10887 0.14834 -0.114844 11.6375 -1.09238 1.88543
12007.2 3015.97 -1.10376 0.153125 -0.636426 10.7762 -0.8624 1.64869
12007.2 3015.97 -1.09761 0.263184 0.0191406 10.5034 -0.857894 1.14746
12007.2 3015.97 -1.08073 -0.0191406 0.253613 10.202 -0.906362 0.673188
12007.2 3015.97 -1.02639 0.626855 0.401953 10.6326 -0.925452 0.998591
12007.2 3015.97 -0.967805 0.363672 0.842188 11.427 -0.835349 1.95992
12007.2 3015.97 -0.883851 -0.00957031 0.133984 11.8433 -0.628287 2.71891
12007.2 3015.97 -0.779247 0.162695 0.224902 11.7236 -0.414068 2.80742
12007.2 3015.97 -0.702327 0.507227 1.34463 10.7283 -0.308414 1.75623
12007.2 3015.97 -0.5722 0.660352 1.41641 9.50332 -0.315161 0.167863
12007.2 3015.97 -0.464179 -0.00478516 0.966602 8.67549 -0.423857 -1.15928
12007.2 3015.97 -0.356815 -1.65088 0.0669922 9.51289 -0.512859 -0.662224
12007.2 3015.97 -0.302855 -0.531152 0.980957 7.97207 -0.413843 -1.93241
12007.2 3015.97 -0.22167 -0.339746 0.995313 7.7998 -0.492015 -2.57406
12007.2 3015.97 -0.159787 -0.607715 1.48818 7.65625 -0.5296 -2.8594
12007.2 3015.97 -0.101253 -0.535938 1.64609 7.29258 -0.519606 -3.26449
12007.2 3015.97 -0.041634 -1.03838 1.76572 7.94336 -0.517848 -2.72804
12007.2 3015.97 -0.037121 -0.712988 2.11982 9.23057 -0.445424 -1.24565
12007.2 3015.97 -0.03494 -1.03838 1.53125 9.27363 -0.245676 -0.713011
12007.2 3015.97 -0.03606 -0.885254 1.73223 9.38369 -0.153461 -0.539352
12007.2 3015.97 -0.035193 -1.14365 1.67959 9.48896 -0.118872 -0.429876
12007.2 3015.97 -0.026597 -1.05273 1.82793 9.68516 -0.0930387 -0.210833
12007.2 3015.97 -0.022301 -0.818262 1.85664 9.55117 -0.0581298 -0.279613
12007.2 3015.97 -0.02191 -0.741699 1.95234 9.33584 -0.0620984 -0.541816
12007.2 3015.97 -0.020715 -0.875684 2.11025 9.37891 -0.0949248 -0.589986
12007.2 3015.97 -0.021226 -0.971387 2.13896 9.57031 -0.105677 -0.395284
12007.2 3015.97 -0.015255 -0.894824 2.03369 9.3502 -0.0770593 -0.534507
12007.2 3015.97 -0.018847 -0.990527 1.88535 9.29277 -0.0942682 -0.662723
12007.2 3015.97 -0.013058 -0.91875 1.94277 9.34541 -0.107721 -0.641609
12007.2 3015.97 -0.017655 -1.08623 1.94277 9.41719 -0.110758 -0.556557
12007.2 3015.97 -0.021555 -0.861328 1.91885 9.37412 -0.103725 -0.569509
12007.2 3015.97 -0.020362 -1.09102 1.72744 9.36934 -0.103437 -0.582698
12007.2 3015.97 -0.024255 -1.29199 1.60303 9.61338 -0.108477 -0.346084
12007.2 3015.97 -0.029659 -1.03838 1.85186 9.65166 -0.083726 -0.222723
12007.2 3015.97 -0.028058 -1.10537 1.67002 9.46504 -0.0634822 -0.379668
12007.2 3015.97 -0.034968 -1.20107 1.71787 9.78564 -0.0869076 -0.133014
12007.2 3015.97 -0.029877 -0.957031 1.65088 9.55117 -0.0540594 -0.260319
12007.2 3015.97 -0.030586 -0.942676 1.5791 9.5751 -0.0666975 -0.303752
12007.2 3015.97 -0.032898 -1.09102 1.68438 9.7043 -0.0758501 -0.18361
12007.2 3015.97 -0.028717 -1.07188 1.55996 9.43633 -0.0580781 -0.399735
12007.2 3015.97 -0.022329 -1.02402 1.80879 9.60859 -0.0777426 -0.312673
12007.2 3015.97 -0.026722 -1.26328 1.75137 9.75693 -0.0730006 -0.123178
12007.2 3015.97 -0.02864 -1.18193 1.79922 9.85264 -0.0499586 0.0365903
12007.2 3015.97 -0.030435 -1.03359 1.5791 9.46504 -0.0282633 -0.309284
12007.2 3015.97 -0.026948 -1.06709 1.78008 9.78564 -0.0664705 -0.125029
12007.2 3015.97 -0.030851 -1.11973 1.65566 9.60381 -0.0512928 -0.218495
12007.2 3015.97 -0.028549 -0.990527 1.76094 9.6708 -0.0592456 -0.193435
12007.2 3015.97 -0.029751 -1.08623 1.66523 9.60859 -0.058118 -0.24229
12007.2 3015.97 -0.028452 -1.08623 1.60781 9.58945 -0.0630574 -0.278936
12007.2 3015.97 -0.032951 -1.12451 1.60781 9.65645 -0.0722755 -0.224876
12007.2 3015.97 -0.03526 -1.03838 1.67002 9.69951 -0.0685846 -0.157899
12007.2 3015.97 -0.02856 -0.990527 1.63174 9.58945 -0.053745 -0.241885
12007.2 3015.97 -0.030561 -1.08623 1.61738 9.62773 -0.06429 -0.244654
12007.2 3015.97 -0.030661 -1.24414 1.45469 9.23535 -0.0660714 -0.631356
12007.2 3015.97 -0.030858 -1.08623 1.64609 9.71387 -0.115676 -0.291255
12007.2 3015.97 -0.028357 -1.21064 1.60781 9.71865 -0.0765291 -0.130526
12007.2 3015.97 -0.026566 -1.11494 1.50732 9.62773 -0.0495325 -0.187379
12007.2 3015.97 -0.02726 -0.990527 1.66523 9.61816 -0.0539373 -0.235155
12007.2 3015.97 -0.024544 -1.07666 1.39248 9.25928 -0.0582067 -0.606714
12007.2 3015.97 -0.019527 -1.24893 1.44033 9.4459 -0.101651 -0.548122
12007.2 3015.97 -0.019019 -1.32549 1.39248 9.49854 -0.09928 -0.446255
12007.2 3015.97 -0.02141 -1.15322 1.33506 9.58467 -0.0881029 -0.326439
12007.2 3015.97 -0.01961 -1.10059 1.39248 9.59902 -0.0698635 -0.274879
12007.2 3015.97 -0.019607 -1.00967 1.35898 9.53682 -0.0609792 -0.330157
12007.2 3015.97 -0.017506 -1.24893 1.33506 9.62773 -0.0650489 -0.263507
12007.2 3015.97 -0.019913 -1.33506 1.22021 9.57988 -0.0591866 -0.286264
12007.2 3015.97 -0.02372 -1.23457 1.42119 9.64209 -0.064659 -0.238446
12007.2 3015.97 -0.022313 -1.13887 1.39248 9.65645 -0.0580426 -0.20245
12007.2 3015.97 -0.019411 -1.16758 1.3542 9.69951 -0.0500877 -0.14878
12007.2 3015.97 -0.020121 -1.16758 1.37334 9.69473 -0.0428658 -0.139755
12007.2 3015.97 -0.022818 -1.16279 1.36855 9.52725 -0.0431523 -0.310324
12007.2 3015.97 -0.020925 -1.11016 1.36377 9.52246 -0.0632408 -0.375215
12007.2 3015.97 -0.024824 -1.10537 1.38291 9.56074 -0.0774571 -0.349979
12007.2 3015.97 -0.021815 -1.15801 1.39727 9.60381 -0.0734286 -0.286798
12007.2 3015.97 -0.02532 -1.09102 1.42119 9.55117 -0.0679356 -0.321472
12007.2 3015.97 -0.01902 -1.10537 1.41641 9.56074 -0.0661504 -0.323888
12007.2 3015.97 -0.021909 -1.20586 1.40205 9.64209 -0.068752 -0.2464
12007.2 3015.97 -0.01501 -1.3207 1.33984 9.72344 -0.0532019 -0.131039
12007.2 3015.97 -0.021307 -1.16279 1.4499 9.5751 -0.0420396 -0.251754
12007.2 3015.97 -0.025897 -1.10059 1.43555 9.5416 -0.0599858 -0.338848
12007.2 3015.97 -0.017106 -1.02881 1.08623 9.64688 -0.0656793 -0.247879
12007.2 3015.97 -0.020094 -1.07666 1.13887 9.54639 -0.0574362 -0.313838
12007.2 3015.97 -0.01879 -1.14844 1.13887 9.59424 -0.0636423 -0.294206
12007.2 3015.97 -0.015694 -1.23457 1.17715 9.82393 -0.0592318 -0.0514918
12007.2 3015.97 -0.014595 -1.16758 1.13887 9.62295 -0.026827 -0.167074
12007.2 3015.97 -0.016998 -1.18193 1.03359 9.48418 -0.0395082 -0.369775
12007.2 3015.97 -0.021596 -1.28721 1.08623 9.56074 -0.0709276 -0.361129
12007.2 3015.97 -0.022598 -1.33506 1.10537 9.59902 -0.0746999 -0.30028
12007.2 3015.97 -0.023699 -1.34941 1.10059 9.62295 -0.0683981 -0.252706
12007.2 3015.97 -0.020804 -1.43076 1.15801 9.64209 -0.059016 -0.218591
12007.2 3015.97 -0.022511 -1.34463 1.17715 9.69473 -0.054971 -0.160745
12007.2 3015.97 -0.021718 -1.3542 1.15322 9.65645 -0.0464035 -0.180249
12007.2 3015.97 -0.017018 -1.3207 1.12451 9.52725 -0.0436931 -0.318953
12007.2 3015.97 -0.019222 -1.28242 1.15801 9.56553 -0.0629214 -0.333825
12007.2 3015.97 -0.019625 -1.34463 1.15801 9.63252 -0.0676123 -0.260158
12007.2 3015.97 -0.01832 -1.56953 1.0623 9.74258 -0.0576963 -0.119704
12007.2 3015.97 -0.019224 -1.4499 1.14844 9.6708 -0.0393513 -0.147758
12007.2 3015.97 -0.019536 -1.17236 1.2585 9.59902 -0.0408591 -0.241581
12007.2 3015.97 -0.018937 -1.1915 1.13408 9.40283 -0.0524667 -0.470254
12007.2 3015.97 -0.020738 -1.37813 1.02402 9.54639 -0.0846133 -0.402877
12007.2 3015.97 -0.020244 -1.32549 1.08623 9.6373 -0.0796993 -0.266795
12007.2 3015.97 -0.01885 -1.22979 1.23936 9.66602 -0.0605414 -0.191269
12007.2 3015.97 -0.018546 -1.25371 1.1915 9.65645 -0.048228 -0.185664
12007.2 3015.97 -0.020554 -1.03359 1.44512 9.83828 -0.0477005 -0.0109652
12007.2 3015.97 -0.02206 -1.24893 1.2585 9.56553 -0.0267179 -0.222031
12007.2 3015.97 -0.020264 -1.18672 1.25371 9.66123 -0.0493378 -0.214697
12007.2 3015.97 -0.018257 -1.21543 1.17715 9.55117 -0.0495313 -0.306364
12007.2 3015.97 -0.017151 -1.20586 1.1293 9.52246 -0.0602549 -0.367295
12007.2 3015.97 -0.017855 -1.26807 1.15322 9.66123 -0.0699871 -0.244088
12007.2 3015.97 -0.014454 -1.16279 1.29199 9.60859 -0.0525796 -0.243903
12007.2 3015.97 -0.017451 -1.26807 1.20107 9.62295 -0.0529567 -0.242529
12007.2 3015.97 -0.017238 -1.29678 1.16279 9.70908 -0.0526439 -0.155523
12007.2 3015.97 -0.015445 -1.31592 1.13887 9.52246 -0.0399681 -0.309827
12007.2 3015.97 -0.016743 -1.33506 1.09102 9.46504 -0.0591226 -0.43182
12007.2 3015.97 -0.022144 -1.22021 1.14365 9.5416 -0.0817968 -0.390448
12007.2 3015.97 -0.019756 -1.1915 1.26807 9.57031 -0.0773334 -0.330794
12007.2 3015.97 -0.020553 -1.17715 1.30635 9.69951 -0.0698704 -0.18345
12007.2 3015.97 -0.022359 -1.17236 1.23936 9.49375 -0.051748 -0.342013
12007.2 3015.97 -0.022863 -0.851758 1.33506 9.3502 -0.0700583 -0.554649
12007.2 3015.97 -0.035068 -1.1293 1.21543 9.52246 -0.110097 -0.455147
12007.2 3015.97 -0.051263 -0.890039 1.18672 9.53203 -0.116665 -0.394454
12007.2 3015.97 -0.071778 -0.478516 1.1293 9.38369 -0.127682 -0.529828
12007.2 3015.97 -0.106095 -0.569434 1.20107 9.53203 -0.176261 -0.445198
12007.2 3015.97 -0.124116 -0.196191 0.650781 8.75205 -0.187401 -1.17512
12007.2 3015.97 -0.143148 0.0813477 1.17236 9.01523 -0.298309 -1.18017
12007.2 3015.97 -0.188776 0.440234 0.913965 9.84307 -0.352885 -0.31241
12007.2 3015.97 -0.241198 0.468945 0.531152 9.62773 -0.295163 -0.213489
12007.2 3015.97 -0.274517 1.06709 0.626855 8.13477 -0.30431 -1.72901
12007.2 3015.97 -0.323819 2.42607 0.803906 8.62764 -0.541346 -1.80824
12007.2 3015.97 -0.388706 1.4499 0.77998 9.23057 -0.638221 -1.1238
12007.2 3015.97 -0.45919 1.72266 0.746484 8.57979 -0.62497 -1.51093
12007.2 3015.97 -0.538039 2.58398 1.37813 8.29746 -0.74136 -1.99173
12007.2 3015.97 -0.578686 2.82803 0.92832 9.27363 -0.852825 -1.14048
12007.2 3015.97 -0.671793 2.92373 1.15322 9.91484 -0.83995 -0.180602
12007.2 3015.97 -0.706891 3.675 1.44512 9.37412 -0.746803 -0.405912
12007.2 3015.97 -0.772104 3.75156 0.803906 9.55117 -0.820535 -0.411361
12007.2 3015.97 -0.841905 3.07686 0.215332 9.06309 -0.89153 -0.898897
12007.2 3015.97 -0.889193 2.4165 -0.645996 9.34063 -1.00387 -0.781984
12007.2 3015.97 -0.972967 1.60303 -1.09102 10.245 -1.0764 0.182832
12007.2 3015.97 -1.02418 1.1915 -0.401953 11.6854 -1.00756 1.98466
12007.2 3015.97 -1.07491 0.492871 -0.717773 11.1303 -0.813796 2.0028
12007.2 3015.97 -1.10926 0.46416 -0.555078 10.2163 -0.816813 0.949498
12007.2 3015.97 -1.11756 0.0813477 -0.0430664 10.3599 -0.958469 0.709902
12007.2 3015.97 -1.11769 0.0287109 -0.0574219 10.6661 -1.0071 1.02026
12007.2 3015.97 -1.13755 0.387598 0.411523 11.1686 -0.991128 1.653
12007.2 3015.97 -1.13576 0.607715 -0.239258 9.16357 -0.907018 -0.132911
12007.2 3015.97 -1.15786 0.0765625 -0.129199 9.79521 -1.14285 -0.213105
12007.2 3015.97 -1.15763 0.478516 -0.0478516 9.91484 -1.18287 0.0285548
12007.2 3015.97 -1.15953 0.0287109 0.110059 9.78086 -1.15887 0.00607938
12007.2 3015.97 -1.162 0.0334961 0.162695 9.78564 -1.16083 -0.014166
12007.2 3015.97 -1.1633 0.220117 -0.0191406 9.77129 -1.16479 -0.0354025
12007.2 3015.97 -1.1623 0.124414 0.143555 9.78564 -1.16712 -0.0255251
12007.2 3015.97 -1.1625 -0.0430664 0.062207 9.91006 -1.16634 0.103808
12007.2 3015.97 -1.15298 0.0957031 0.0765625 9.80957 -1.14147 0.0555364
12007.2 3015.97 -1.15269 0.0861328 0.0813477 9.77607 -1.14419 -0.0110707
12007.2 3015.97 -1.1802 0.0861328 0.090918 9.77607 -1.17702 -0.0509395
12007.2 3015.97 -1.1647 0.0861328 0.0813477 9.86221 -1.17275 0.0517225
12007.2 3015.97 -1.14413 0.090918 0.0813477 9.77607 -1.14119 0.0130236
12007.2 3015.97 -1.11864 0.0861328 0.0813477 9.78086 -1.11985 -2.53078e-05
12007.2 3015.97 -1.12184 0.0861328 0.0813477 9.77607 -1.12159 -0.0252066
12007.2 3015.97 -1.10753 0.0957031 0.0813477 9.78086 -1.11253 -0.0192383
12007.2 3015.97 -1.1134 0.090918 0.0861328 9.78086 -1.11574 -0.0266389
12007.2 3015.97 -1.1132 0.0861328 0.0861328 9.78086 -1.11691 -0.0271217
12007.2 3015.97 -1.11741 0.090918 0.0861328 9.78086 -1.12079 -0.0292343
12007.2 3015.97 -1.1147 0.090918 0.0813477 9.78086 -1.1192 -0.0257848
12007.2 3015.97 -1.11183 0.090918 0.0861328 9.78086 -1.11604 -0.0237246
12007.2 3015.97 -1.11053 0.090918 0.0813477 9.78086 -1.11425 -0.0241676
12007.2 3015.97 -1.11383 0.0861328 0.0861328 9.77607 -1.11696 -0.0323705
12007.2 3015.97 -1.10932 0.0861328 0.0813477 9.78564 -1.11441 -0.021141
12007.2 3015.97 -1.10753 0.090918 0.0861328 9.78564 -1.11109 -0.0175765
12007.2 3015.97 -1.11212 0.0861328 0.0861328 9.78086 -1.11423 -0.0261372
12007.2 3015.97 -1.11012 0.090918 0.0861328 9.77607 -1.11397 -0.030722
12007.2 3015.97 -1.10952 0.0957031 0.0861328 9.77607 -1.11399 -0.0321587
12007.2 3015.97 -1.10953 0.090918 0.0813477 9.78086 -1.11419 -0.0278791
12007.2 3015.97 -1.11453 0.0861328 0.0861328 9.77607 -1.11804 -0.0341987
12007.2 3015.97 -1.10963 0.090918 0.0813477 9.78564 -1.11505 -0.0213124
12007.2 3015.97 -1.11 0.090918 0.0861328 9.78086 -1.11336 -0.0235958
12007.2 3015.97 -1.1032 0.090918 0.0813477 9.78086 -1.1075 -0.0211537
12007.2 3015.97 -1.1071 0.090918 0.0861328 9.77607 -1.10984 -0.0312985
12007.2 3015.97 -1.107 0.090918 0.0861328 9.78086 -1.11135 -0.0286092
12007.2 3015.97 -1.1007 0.090918 0.0813477 9.77607 -1.10569 -0.0274341
12007.2 3015.97 -1.10691 0.0861328 0.0861328 9.77607 -1.11024 -0.0345911
12007.2 3015.97 -1.1063 0.0861328 0.0861328 9.78086 -1.1112 -0.0290895
12007.2 3015.97 -1.1073 0.0861328 0.0861328 9.78086 -1.1115 -0.0271354
12007.2 3015.97 -1.10489 0.090918 0.0861328 9.78086 -1.10919 -0.0247017
12007.2 3015.97 -1.10229 0.090918 0.0861328 9.78086 -1.10631 -0.0236366
12007.2 3015.97 -1.0962 0.0861328 0.0813477 9.78086 -1.1005 -0.0212002
12007.2 3015.97 -1.09571 0.090918 0.0861328 9.77607 -1.09902 -0.0285075
12007.2 3015.97 -1.1002 0.090918 0.0861328 9.77607 -1.10368 -0.0349634
12007.2 3015.97 -1.0995 0.0861328 0.0813477 9.78086 -1.10448 -0.0290718
12007.2 3015.97 -1.10181 0.0861328 0.0861328 9.78086 -1.10585 -0.0279152
12007.2 3015.97 -1.101 0.090918 0.0861328 9.78086 -1.10517 -0.0261087
12007.2 3015.97 -1.0984 0.0861328 0.0813477 9.77607 -1.10259 -0.0290121
12007.2 3015.97 -1.1 0.0957031 0.090918 9.78086 -1.10402 -0.0279479
12007.2 3015.97 -1.0999 0.090918 0.0861328 9.78086 -1.10398 -0.0265831
12007.2 3015.97 -1.0917 0.090918 0.0813477 9.78086 -1.09665 -0.0208739
12007.2 3015.97 -1.1052 0.0861328 0.0813477 9.77607 -1.10677 -0.0369205
12007.2 3015.97 -1.10691 0.090918 0.0861328 9.77607 -1.11159 -0.0373279
12007.2 3015.97 -1.10751 0.0957031 0.090918 9.77607 -1.11278 -0.0347756
12007.2 3015.97 -1.10261 0.090918 0.0861328 9.78086 -1.10833 -0.0251735
12007.2 3015.97 -1.10611 0.090918 0.0861328 9.77607 -1.1096 -0.0315861
12007.2 3015.97 -1.10761 0.0861328 0.0813477 9.77607 -1.11188 -0.0340431
12007.2 3015.97 -1.10562 0.090918 0.0861328 9.78086 -1.11074 -0.0274095
12007.2 3015.97 -1.10461 0.0957031 0.0813477 9.78086 -1.10888 -0.0251003
12007.2 3015.97 -1.10591 0.090918 0.0813477 9.77607 -1.10949 -0.0310803
12007.2 3015.97 -1.10181 0.090918 0.0861328 9.78564 -1.10674 -0.0206513
12007.2 3015.97 -1.0955 0.0957031 0.0861328 9.78086 -1.09956 -0.0193986
12007.2 3015.97 -1.09719 0.090918 0.0861328 9.78086 -1.09996 -0.0246244
12007.2 3015.97 -1.09348 0.0957031 0.0861328 9.78086 -1.09744 -0.0238762
12007.2 3015.97 -1.10029 0.090918 0.0861328 9.78564 -1.10297 -0.0247867
12007.2 3015.97 -1.09399 0.0861328 0.0813477 9.78086 -1.09829 -0.022337
12007.2 3015.97 -1.09639 0.0861328 0.0861328 9.77607 -1.09947 -0.0307676
12007.2 3015.97 -1.09849 0.090918 0.0813477 9.78086 -1.10253 -0.0296065
12007.2 3015.97 -1.09939 0.0861328 0.0861328 9.78086 -1.10356 -0.0278076
12007.2 3015.97 -1.09019 0.0861328 0.0813477 9.78086 -1.09543 -0.0206163
12007.2 3015.97 -1.09678 0.090918 0.0861328 9.77607 -1.09923 -0.032225
12007.2 3015.97 -1.09699 0.0861328 0.0861328 9.78086 -1.10138 -0.0293278
12007.2 3015.97 -1.09818 0.090918 0.090918 9.78086 -1.10232 -0.0276723
12007.2 3015.97 -1.10018 0.090918 0.0861328 9.78086 -1.10398 -0.0277513
12007.2 3015.97 -1.10349 0.090918 0.0861328 9.78086 -1.10708 -0.0288331
12007.2 3015.97 -1.10058 0.090918 0.0813477 9.78564 -1.10508 -0.0205946
12007.2 3015.97 -1.10149 0.090918 0.0861328 9.77607 -1.10456 -0.0290557
12007.2 3015.97 -1.10008 0.0861328 0.0813477 9.77607 -1.10435 -0.0315351
12007.2 3015.97 -1.09909 0.090918 0.0861328 9.78086 -1.10377 -0.0271469
12007.2 3015.97 -1.10228 0.0861328 0.0813477 9.78086 -1.10592 -0.0279764
12007.2 3015.97 -1.10088 0.090918 0.0861328 9.78086 -1.10509 -0.026005
12007.2 3015.97 -1.10078 0.090918 0.0813477 9.78086 -1.10463 -0.0257614
12007.2 3015.97 -1.09658 0.0861328 0.0861328 9.78564 -1.10088 -0.018493
12007.2 3015.97 -1.10488 0.0957031 0.0813477 9.78086 -1.10672 -0.0283629
12007.2 3015.97 -1.10328 0.090918 0.090918 9.78086 -1.10733 -0.0271656
12007.2 3015.97 -1.09808 0.090918 0.0813477 9.78086 -1.10271 -0.0230204
12007.2 3015.97 -1.09808 0.0861328 0.0813477 9.78564 -1.1016 -0.0196971
12007.2 3015.97 -1.09877 0.090918 0.0813477 9.78086 -1.10164 -0.0244348
12007.2 3015.97 -1.09408 0.0861328 0.0813477 9.77607 -1.09815 -0.0279042
12007.2 3015.97 -1.09838 0.090918 0.0813477 9.78564 -1.1019 -0.0245599
12007.2 3015.97 -1.09748 0.090918 0.0813477 9.77607 -1.10117 -0.0299533
12007.2 3015.97 -1.09638 0.090918 0.0813477 9.77607 -1.1008 -0.0316679
12007.2 3015.97 -1.09479 0.090918 0.0861328 9.78086 -1.09958 -0.0267106
12007.2 3015.97 -1.09498 0.090918 0.0861328 9.78086 -1.09896 -0.0258251
12007.2 3015.97 -1.09378 0.0861328 0.0813477 9.78086 -1.09773 -0.0251397
12007.2 3015.97 -1.09678 0.0957031 0.0813477 9.77607 -1.1001 -0.0323849
12007.2 3015.97 -1.09208 0.090918 0.0813477 9.78086 -1.09722 -0.0256912
12007.2 3015.97 -1.09597 0.090918 0.0861328 9.77607 -1.0994 -0.0323903
12007.2 3015.97 -1.09828 0.0861328 0.0861328 9.78086 -1.10255 -0.0301036
12007.2 3015.97 -1.09908 0.090918 0.0813477 9.78086 -1.10335 -0.0277746
12007.2 3015.97 -1.09949 0.0957031 0.0861328 9.78564 -1.10352 -0.0219032
12007.2 3015.97 -1.10238 0.0861328 0.0861328 9.78086 -1.10531 -0.0263115
12007.2 3015.97 -1.09768 0.0861328 0.0861328 9.78086 -1.102 -0.0237493
12007.2 3015.97 -1.09988 0.090918 0.0861328 9.78086 -1.10317 -0.0263449
12007.2 3015.97 -1.09696 0.090918 0.0861328 9.78086 -1.10111 -0.0246721
12007.2 3015.97 -1.10087 0.090918 0.0861328 9.77607 -1.10404 -0.0326726
12007.2 3015.97 -1.09967 0.0861328 0.0861328 9.78564 -1.10438 -0.0233401
12007.2 3015.97 -1.09546 0.090918 0.0861328 9.78086 -1.09956 -0.0218485
12007.2 3015.97 -1.07565 0.0957031 0.0861328 9.78564 -1.08147 -0.00694225
12007.2 3015.97 -1.08166 0.0861328 0.0861328 9.78086 -1.08252 -0.021764
12007.2 3015.97 -1.08888 0.090918 0.0861328 9.78564 -1.09084 -0.0262666
12007.2 3015.97 -1.08637 0.0861328 0.090918 9.78564 -1.09028 -0.0209705
12007.2 3015.97 -1.08479 0.0861328 0.0813477 9.78086 -1.08815 -0.0231876
12007.2 3015.97 -1.10987 0.0861328 0.0861328 9.78564 -1.11006 -0.0366016
12007.2 3015.97 -1.07073 0.090918 0.0861328 9.78564 -1.0804 -0.00240797
12007.2 3015.97 -1.09228 0.090918 0.0813477 9.78086 -1.09107 -0.0276054
12007.2 3015.97 -1.10547 0.0861328 0.0813477 9.78086 -1.10715 -0.0383034
12007.2 3015.97 -1.09925 0.090918 0.0861328 9.78086 -1.10513 -0.0278963
12007.2 3015.97 -1.10814 0.0861328 0.0861328 9.79043 -1.11131 -0.0215565
12007.2 3015.97 -1.10446 0.090918 0.0861328 9.77607 -1.10808 -0.0273211
12007.2 3015.97 -1.11667 0.090918 0.0813477 9.78564 -1.11906 -0.0297023
12007.2 3015.97 -1.1088 0.090918 0.0861328 9.78086 -1.11388 -0.0232907
12007.2 3015.97 -1.11667 -0.0239258 0.368457 9.87656 -1.11928 0.066382
12007.2 3015.97 -1.11699 0.129199 0.13877 9.74736 -1.10883 -0.0272374
12007.2 3015.97 -1.11107 0.110059 0.105273 9.81436 -1.11425 0.00310228
12007.2 3015.97 -1.11618 -0.617285 -1.40684 11.0298 -1.11554 1.22967
12007.2 3015.97 -1.10135 -0.358887 -0.799121 12.4031 -0.946682 3.05557
12007.2 3015.97 -1.06358 1.13887 0.0287109 11.1877 -0.659895 2.41465
12007.2 3015.97 -1.00542 0.722559 -0.387598 11.9629 -0.654198 2.81256
12007.2 3015.97 -0.955574 0.301465 0.248828 12.561 -0.559337 3.58241
12007.2 3015.97 -0.857922 1.0001 0.124414 10.8767 -0.364081 2.17739
12007.2 3015.97 -0.808656 0.645996 0.430664 9.72822 -0.475021 0.429014
12007.2 3015.97 -0.700359 -0.0669922 0.631641 9.10137 -0.617095 -0.68804
12007.2 3015.97 -0.593861 0.545508 1.36855 8.06299 -0.684368 -1.97023
12007.2 3015.97 -0.490249 -0.0382813 1.49297 7.71846 -0.765654 -2.66779
12007.2 3015.97 -0.445089 -0.722559 1.21543 8.38359 -0.825346 -2.17331
12007.2 3015.97 -0.348908 -0.799121 1.66523 8.95303 -0.686078 -1.32592
12007.2 3015.97 -0.282066 -0.808691 1.75615 9.0583 -0.502193 -0.961424
12007.2 3015.97 -0.211023 -0.631641 1.08623 7.80938 -0.370411 -2.15109
12007.2 3015.97 -0.147239 -1.11494 1.02881 8.55586 -0.449354 -1.87702
12007.2 3015.97 -0.096057 -0.741699 1.23936 9.24014 -0.379856 -1.01072
12007.2 3015.97 -0.055679 -0.851758 0.880469 8.73291 -0.22554 -1.22422
12007.2 3015.97 -0.025306 -0.401953 1.43076 8.64199 -0.206562 -1.47137
12007.2 3015.97 -0.013007 -0.277539 2.01934 9.0583 -0.224862 -1.14844
12007.2 3015.97 -0.003808 -0.837402 1.85186 9.69951 -0.178071 -0.373215
12007.2 3015.97 0.012972 -0.373242 1.86143 9.39326 -0.0588276 -0.419142
12007.2 3015.97 0.0216733 0.0143555 2.13896 9.53203 -0.0419043 -0.367617
12007.2 3015.97 0.020472 0.0382813 2.01455 9.26406 -0.034243 -0.628598
12007.2 3015.97 0.0201693 -0.133984 1.73223 9.19707 -0.0667411 -0.794781
12007.2 3015.97 0.0289706 -0.406738 1.5791 9.49375 -0.0843411 -0.531611
12007.2 3015.97 0.0297693 -0.320605 1.63174 9.67559 -0.0523962 -0.243122
12007.2 3015.97 0.0426679 -0.320605 1.82314 9.71865 -0.000365015 -0.108219
12007.2 3015.97 0.0399676 -0.129199 1.69873 9.4459 0.021065 -0.36733
12007.2 3015.97 0.0411665 -0.105273 1.6748 9.53682 -0.00813265 -0.382773
12007.2 3015.97 0.0425664 -0.196191 1.68438 9.56553 -0.0125912 -0.340065
12007.2 3015.97 0.0416654 -0.13877 1.6748 9.59424 -0.00851043 -0.29368
12007.2 3015.97 0.0438661 -0.162695 1.67002 9.57988 -0.000168243 -0.292513
12007.2 3015.97 0.0426654 -0.215332 1.72266 9.59902 -6.20755e-06 -0.279054
12007.2 3015.97 0.0404654 -0.215332 1.77051 9.73301 -0.000193031 -0.141728
12007.2 3015.97 0.0430654 -0.215332 1.68916 9.4459 0.0195266 -0.377541
12007.2 3015.97 0.0427648 -0.267969 1.66523 9.52725 -0.00823278 -0.394019
12007.2 3015.97 0.0469654 -0.349316 1.62217 9.67559 -0.0101957 -0.231184
12007.2 3015.97 0.0472644 -0.172266 1.69395 9.66602 0.0105356 -0.180597
12007.2 3015.97 0.0492647 -0.526367 1.62695 9.95312 0.0213564 0.112775
12007.2 3015.97 0.0475651 -0.46416 1.65566 9.64209 0.0585803 -0.100489
12007.2 3015.97 0.044865 -0.526367 1.54082 9.53682 0.0338233 -0.308186
12007.2 3015.97 0.0505645 -0.607715 1.48818 9.79043 0.00921881 -0.109984
12007.2 3015.97 0.0465644 -0.545508 1.53604 9.69951 0.0278173 -0.116263
12007.2 3015.97 0.0471645 -0.47373 1.56475 9.50811 0.0299086 -0.321442
12007.2 3015.97 0.0530654 -0.512012 1.51211 9.58945 0.00921649 -0.311637
12007.2 3015.97 0.0507648 -0.406738 1.51211 9.64209 0.00582329 -0.243705
12007.2 3015.97 0.0492658 -0.449805 1.4834 9.5416 0.0127274 -0.318489
12007.2 3015.97 0.0520658 -0.430664 1.58389 9.77607 0.00653369 -0.113604
12007.2 3015.97 0.0512672 -0.282324 1.62695 9.7665 0.0311194 -0.0458522
12007.2 3015.97 0.0513678 -0.483301 1.53604 9.73301 0.0429568 -0.0705767
12007.2 3015.97 0.0512683 -0.430664 1.49775 9.73779 0.0412301 -0.0823391
12007.2 3015.97 0.0509698 -0.425879 1.47383 9.5751 0.0392531 -0.248362
12007.2 3015.97 0.0509705 -0.291895 1.55518 9.55596 0.0178764 -0.326099
12007.2 3015.97 0.05427 -0.44502 1.58389 9.85264 0.00814425 -0.0416686
12007.2 3015.97 0.0513713 -0.45459 1.49297 9.73779 0.0405687 -0.0495896
12007.2 3015.97 0.0537714 -0.47373 1.45947 9.6373 0.0457813 -0.172133
12007.2 3015.97 0.0524712 -0.31582 1.60303 9.56553 0.0297167 -0.292258
12007.2 3015.97 0.058571 -0.339746 1.57432 9.57988 0.0177107 -0.307042
12007.2 3015.97 0.0583704 -0.373242 1.54561 9.69473 0.0141267 -0.18998
12007.2 3015.97 0.0611713 -0.334961 1.78486 9.72344 0.0310109 -0.114978
12007.2 3015.97 0.0609706 -0.368457 1.51211 9.4459 0.0425278 -0.3764
12007.2 3015.97 0.0642715 -0.325391 1.33027 9.58945 0.0136092 -0.332356
12007.2 3015.97 0.0631717 -0.502441 1.57432 9.78086 0.014574 -0.107281
12007.2 3015.97 0.0533728 -0.311035 1.64131 9.59424 0.0347847 -0.219633
12007.2 3015.97 0.0584731 -0.382812 1.49775 9.47461 0.0275114 -0.389433
12007.2 3015.97 0.0561744 -0.373242 1.63652 9.65166 0.00297329 -0.270424
12007.2 3015.97 0.0477748 -0.44502 1.62217 9.65645 0.00766359 -0.21241
12007.2 3015.97 0.0467759 -0.263184 1.59346 9.58467 0.0147707 -0.266908
12007.2 3015.97 0.0449764 -0.435449 1.54561 9.69473 0.00716991 -0.182194
12007.2 3015.97 0.0479763 -0.401953 1.6126 9.98184 0.0196004 0.142238
12007.2 3015.97 0.0471772 -0.272754 1.60781 9.68516 0.0617674 -0.0459251
12007.2 3015.97 0.0485775 -0.31582 1.56475 9.58945 0.0444121 -0.23554
12007.2 3015.97 0.0448774 -0.363672 1.56953 9.64209 0.0148467 -0.242538
12007.2 3015.97 0.0529782 -0.397168 1.51689 9.50332 0.0172641 -0.359745
12007.2 3015.97 0.0507784 -0.430664 1.58389 9.76172 0.000737666 -0.146559
12007.2 3015.97 0.0499789 -0.325391 1.55518 9.60859 0.0250641 -0.212762
12007.2 3015.97 0.0526785 -0.382812 1.62695 9.67559 0.0220915 -0.183469
12007.2 3015.97 0.0537795 -0.483301 1.52168 9.67559 0.0264016 -0.170302
12007.2 3015.97 0.049779 -0.397168 1.56475 9.55117 0.025134 -0.295283
12007.2 3015.97 0.0483795 -0.45459 1.49297 9.60381 0.00784799 -0.287793
12007.2 3015.97 0.0508796 -0.401953 1.53125 9.69473 0.00878342 -0.181523
12007.2 3015.97 0.0552796 -0.344531 1.6126 9.6708 0.0262651 -0.164917
12007.2 3015.97 0.0559802 -0.401953 1.56953 9.62295 0.0312141 -0.217511
12007.2 3015.97 0.0580802 -0.301465 1.6126 9.57988 0.0269841 -0.281363
12007.2 3015.97 0.0609804 -0.44502 1.4834 9.58945 0.0208522 -0.290255
12007.2 3015.97 0.0566803 -0.636426 1.34941 9.61338 0.0151875 -0.268364
12007.2 3015.97 0.0611791 -0.31582 1.66045 9.69951 0.0211785 -0.16784
12007.2 3015.97 0.0612796 -0.425879 1.63174 9.68994 0.03482 -0.144932
12007.2 3015.97 0.0598791 -0.416309 1.55039 9.66602 0.0382484 -0.170217
12007.2 3015.97 0.0548787 -0.449805 1.52646 9.55596 0.0311032 -0.294781
12007.2 3015.97 0.057978 -0.502441 1.58867 9.78086 0.0170485 -0.108241
12007.2 3015.97 0.0586778 -0.344531 1.71309 9.71387 0.0396074 -0.0985402
12007.2 3015.97 0.058779 -0.411523 1.63174 9.65166 0.0438006 -0.17161
12007.2 3015.97 0.0573789 -0.349316 1.61738 9.5751 0.0338144 -0.278095
12007.2 3015.97 0.0613796 -0.330176 1.65088 9.52725 0.0224856 -0.355396
12007.2 3015.97 0.0578793 -0.468945 1.55996 9.67559 0.0081528 -0.229922
12007.2 3015.97 0.0515795 -0.339746 1.6126 9.64688 0.0167969 -0.208256
12007.2 3015.97 0.0471808 -0.349316 1.64609 9.51289 0.0168148 -0.342769
12007.2 3015.97 0.0444822 -0.215332 1.64609 9.55596 -0.00265432 -0.349939
12007.2 3015.97 0.0417827 -0.215332 1.7083 9.59902 -0.00840004 -0.298734
12007.2 3015.97 0.0379829 -0.143555 1.81836 9.69951 -0.00593189 -0.178539
12007.2 3015.97 0.0381841 0.0382813 1.78008 9.62295 0.00985207 -0.213215
12007.2 3015.97 0.0289851 0.0717773 1.90449 9.80957 -0.00058022 -0.055071
12007.2 3015.97 0.0312852 0.14834 1.87578 9.61338 0.0202229 -0.186101
12007.2 3015.97 0.0330867 0.181836 1.83271 9.44111 0.00776919 -0.417761
12007.2 3015.97 0.0346884 0.387598 2.13418 9.24014 -0.0218954 -0.693276
12007.2 3015.97 0.0128892 0.6125 2.18203 9.74736 -0.0797537 -0.280359
12007.2 3015.97 0.0045901 0.545508 1.9332 9.10137 -0.0418169 -0.745785
12007.2 3015.97 -0.013518 0.60293 2.09111 9.42197 -0.112017 -0.628829
12007.2 3015.97 -0.046529 0.91875 2.36387 9.58945 -0.134878 -0.395399
12007.2 3015.97 -0.07694 1.13887 2.37822 9.00566 -0.134625 -0.899851
12007.2 3015.97 -0.110946 1.225 2.26338 8.68027 -0.228462 -1.42903
12007.2 3015.97 -0.137282 1.29199 2.26338 8.42666 -0.330723 -1.83028
12007.2 3015.97 -0.193892 1.19629 1.92363 7.04375 -0.444199 -3.32867
12007.2 3015.97 -0.261142 1.44512 2.45 8.8334 -0.707996 -2.04972
12007.2 3015.97 -0.336876 1.89014 2.18682 11.4892 -0.644918 1.18743
12007.2 3015.97 -0.403207 1.64609 1.0001 9.69951 -0.282868 0.482208
12007.2 3015.97 -0.480455 2.52178 0.856543 8.03906 -0.393954 -1.71342
12007.2 3015.97 -0.567275 1.78486 0.842188 9.50332 -0.763247 -1.02529
12007.2 3015.97 -0.616277 1.21064 0.339746 10.4221 -0.765443 0.346373
12007.2 3015.97 -0.680667 1.82314 0.459375 10.1397 -0.64738 0.518843
12007.2 3015.97 -0.746683 2.08154 0.354102 10.0105 -0.668026 0.33412
12007.2 3015.97 -0.78763 1.78486 0.0191406 10.5034 -0.729895 0.747407
12007.2 3015.97 -0.843675 1.75137 -0.44502 9.81436 -0.734092 0.211082
12007.2 3015.97 -0.884937 0.693848 -1.08623 11.5131 -0.838883 1.69274
12007.2 3015.97 -0.914145 0.114844 -1.29199 11.6375 -0.689174 2.3997
12007.2 3015.97 -0.93491 1.02881 -0.832617 10.8288 -0.598289 1.7369
12007.2 3015.97 -0.968288 0.31582 -0.957031 10.5752 -0.700193 1.16485
12007.2 3015.97 -0.993366 0.344531 -0.76084 10.1828 -0.807838 0.615339
12007.2 3015.97 -1.00257 -0.0191406 -0.923535 10.0536 -0.899492 0.350957
12007.2 3015.97 -1.01118 0.497656 -0.114844 9.80957 -0.952309 0.0646934
12007.2 3015.97 -1.01756 0.14834 -0.971387 9.24014 -1.00103 -0.578264
12007.2 3015.97 -1.02505 0.492871 0.0574219 9.80957 -1.09558 -0.214289
12007.2 3015.97 -1.03026 0.559863 -0.0430664 10.2929 -1.06584 0.457371
12007.2 3015.97 -1.02915 0.00957031 0.0478516 9.79043 -0.97562 0.178801
12007.2 3015.97 -1.03429 -0.062207 0.0765625 9.77607 -1.00407 0.00302666
12007.2 3015.97 -1.03978 0 0.0574219 9.79043 -1.03485 -0.031313
12007.2 3015.97 -1.03487 -0.00957031 -0.105273 9.83828 -1.03885 0.0269822
12007.2 3015.97 -1.02827 0.397168 -0.0574219 9.69951 -1.02618 -0.0839939
12007.2 3015.97 -1.00867 0.344531 -0.062207 9.70908 -1.02159 -0.110006
12007.2 3015.97 -1.00008 0.282324 -0.0430664 9.77129 -1.01681 -0.0546201
12007.2 3015.97 -1.00646 0.263184 -0.0382813 9.78086 -1.01472 -0.0322122
12007.2 3015.97 -1.01773 0.258398 -0.0334961 9.77607 -1.02145 -0.0374617
12007.2 3015.97 -0.999645 0.224902 -0.0334961 9.78086 -1.00719 -0.0187068
12007.2 3015.97 -0.997835 0.196191 -0.0239258 9.77607 -1.00141 -0.0246912
12007.2 3015.97 -0.983237 0.172266 -0.0143555 9.77607 -0.988691 -0.0212108
12007.2 3015.97 -0.994469 0.13877 -0.00478516 9.78086 -0.996433 -0.0304832
12007.2 3015.97 -1.00166 0.13877 -0.0143555 9.77129 -1.00488 -0.0430457
12007.2 3015.97 -0.994687 0.124414 -0.00478516 9.78564 -1.00146 -0.0233609
12007.2 3015.97 -0.998294 0.124414 0 9.78086 -1.00167 -0.0255385
12007.2 3015.97 -0.997978 0.124414 -0.00478516 9.78086 -1.0017 -0.0259882
12007.2 3015.97 -1.02028 0.124414 0 9.77129 -1.02122 -0.049963
12007.2 3015.97 -1.0142 0.119629 0 9.78086 -1.02145 -0.032664
12007.2 3015.97 -1.00258 0.124414 0 9.78564 -1.00914 -0.0140694
12007.2 3015.97 -1.00799 0.124414 -0.00478516 9.78086 -1.00992 -0.0234749
12007.2 3015.97 -1.00168 0.119629 -0.00478516 9.78564 -1.00571 -0.0175459
12007.2 3015.97 -0.983651 0.119629 0 9.78086 -0.988691 -0.0113598
12007.2 3015.97 -0.998648 0.119629 0 9.78086 -0.998826 -0.0296035
12007.2 3015.97 -1.00205 0.119629 0 9.77607 -1.00541 -0.0366614
12007.2 3015.97 -0.994429 0.124414 -0.00478516 9.78086 -1.00049 -0.0253389
12007.2 3015.97 -1.00145 0.124414 -0.00957031 9.77607 -1.00455 -0.0336738
12007.2 3015.97 -1.00905 0.124414 0 9.78564 -1.01276 -0.0293746
12007.2 3015.97 -1.00635 0.119629 -0.00478516 9.77607 -1.0109 -0.0304135
12007.2 3015.97 -1.01226 0.119629 0 9.78086 -1.01595 -0.0309739
12007.2 3015.97 -1.00356 0.124414 0 9.78086 -1.00908 -0.022381
12007.2 3015.97 -0.999454 0.119629 0 9.78086 -1.00353 -0.0210576
12007.2 3015.97 -0.999656 0.124414 0 9.78564 -1.00283 -0.0194731
12007.2 3015.97 -0.992447 0.119629 -0.00478516 9.77607 -0.996246 -0.0243089
12007.2 3015.97 -0.995557 0.119629 -0.00478516 9.78086 -0.998738 -0.0274649
12007.2 3015.97 -0.994053 0.119629 -0.00478516 9.78086 -0.998144 -0.0260476
12007.2 3015.97 -1.00465 0.114844 0 9.77607 -1.00714 -0.0374802
12007.2 3015.97 -1.00296 0.119629 0 9.78564 -1.00826 -0.0251937
12007.2 3015.97 -1.00355 0.119629 0 9.78086 -1.00736 -0.0252148
12007.2 3015.97 -1.00545 0.119629 0 9.78086 -1.0089 -0.0270159
12007.2 3015.97 -1.00226 0.119629 -0.00478516 9.78086 -1.00654 -0.0246301
12007.2 3015.97 -1.00776 0.124414 0 9.78086 -1.01074 -0.0288002
12007.2 3015.97 -1.01166 0.119629 0 9.78564 -1.01521 -0.0253285
12007.2 3015.97 -1.00585 0.119629 0 9.78086 -1.01027 -0.0222925
12007.2 3015.97 -1.00785 0.119629 0 9.78086 -1.011 -0.0256353
12007.2 3015.97 -1.01206 0.124414 0 9.78086 -1.01518 -0.0290616
12007.2 3015.97 -1.01596 0.124414 -0.00478516 9.78086 -1.01956 -0.0301126
12007.2 3015.97 -1.01775 0.119629 -0.00478516 9.78086 -1.02181 -0.0288458
12007.2 3015.97 -1.01926 0.124414 0 9.78564 -1.02325 -0.023121
12007.2 3015.97 -1.02076 0.114844 -0.00957031 9.78564 -1.02402 -0.0210991
12007.2 3015.97 -1.01786 0.114844 0 9.77607 -1.02133 -0.0275917
12007.2 3015.97 -1.01496 0.119629 0 9.78086 -1.01928 -0.0250156
12007.2 3015.97 -1.02256 0.114844 -0.00478516 9.78086 -1.02533 -0.0302611
12007.2 3015.97 -1.01526 0.119629 0 9.78564 -1.02039 -0.0188251
12007.2 3015.97 -1.02126 0.119629 0 9.78086 -1.02354 -0.0264836
12007.2 3015.97 -1.02065 0.119629 0 9.78086 -1.02439 -0.0268409
12007.2 3015.97 -1.02186 0.119629 0.00478516 9.78086 -1.0256 -0.0272032
12007.2 3015.97 -1.02555 0.119629 -0.00478516 9.77607 -1.02902 -0.0337041
12007.2 3015.97 -1.02306 0.119629 0 9.78086 -1.02811 -0.0274821
12007.2 3015.97 -1.02125 0.119629 -0.00478516 9.78564 -1.02562 -0.0198803
12007.2 3015.97 -1.02715 0.119629 -0.00478516 9.78086 -1.02949 -0.0272886
12007.2 3015.97 -1.02406 0.114844 0 9.77607 -1.02822 -0.0302922
12007.2 3015.97 -1.02696 0.119629 -0.00478516 9.77607 -1.03097 -0.03404
12007.2 3015.97 -1.02665 0.114844 -0.00478516 9.78086 -1.03153 -0.0286501
12007.2 3015.97 -1.02716 0.114844 0 9.78086 -1.03136 -0.0266714
12007.2 3015.97 -1.02716 0.124414 0 9.78564 -1.03109 -0.021286
12007.2 3015.97 -1.03385 0.114844 -0.00478516 9.78564 -1.03621 -0.0237981
12007.2 3015.97 -1.02685 0.119629 0 9.78086 -1.03107 -0.02174
12007.2 3015.97 -1.02895 0.114844 -0.00478516 9.78086 -1.03199 -0.0256226
12007.2 3015.97 -1.03075 0.110059 0 9.78086 -1.03417 -0.0275872
12007.2 3015.97 -1.03106 0.114844 0.00478516 9.78564 -1.03496 -0.0223129
12007.2 3015.97 -1.03145 0.119629 -0.00478516 9.78086 -1.03474 -0.0249411
12007.2 3015.97 -1.03674 0.119629 -0.00478516 9.78086 -1.03966 -0.0294167
12007.2 3015.97 -1.03835 0.119629 0 9.78564 -1.04226 -0.0241195
12007.2 3015.97 -1.03335 0.119629 0 9.78086 -1.03755 -0.0221398
12007.2 3015.97 -1.03604 0.119629 0 9.78086 -1.03905 -0.026161
12007.2 3015.97 -1.03875 0.119629 0 9.78086 -1.04211 -0.0283777
12007.2 3015.97 -1.03675 0.119629 -0.00478516 9.78564 -1.04104 -0.0211555
12007.2 3015.97 -1.03845 0.114844 0 9.78564 -1.04147 -0.0203227
12007.2 3015.97 -1.03725 0.124414 0 9.77607 -1.04037 -0.0285577
12007.2 3015.97 -1.03755 0.114844 0 9.77607 -1.04154 -0.0324158
12007.2 3015.97 -1.03915 0.119629 0 9.77607 -1.04358 -0.0340831
12007.2 3015.97 -1.04136 0.119629 0.00478516 9.78086 -1.04598 -0.030011
12007.2 3015.97 -1.03785 0.114844 0 9.77607 -1.04271 -0.0295508
12007.2 3015.97 -1.04136 0.114844 -0.00478516 9.78086 -1.04529 -0.0289349
12007.2 3015.97 -1.04205 0.114844 -0.00478516 9.78564 -1.04615 -0.0227167
12007.2 3015.97 -1.04066 0.119629 -0.00478516 9.78086 -1.04425 -0.02382
12007.2 3015.97 -1.04265 0.119629 0 9.78086 -1.04588 -0.0267096
12007.2 3015.97 -1.04576 0.114844 0 9.78564 -1.04918 -0.0239072
12007.2 3015.97 -1.04356 0.119629 -0.00478516 9.78086 -1.04732 -0.0241698
12007.2 3015.97 -1.04436 0.114844 -0.00478516 9.78564 -1.04781 -0.0211801
12007.2 3015.97 -1.04325 0.114844 0.00478516 9.78086 -1.04653 -0.023861
12007.2 3015.97 -1.04476 0.119629 -0.00478516 9.78086 -1.04802 -0.0266105
12007.2 3015.97 -1.04956 0.114844 -0.00478516 9.77607 -1.05275 -0.0345078
12007.2 3015.97 -1.04845 0.114844 0 9.78086 -1.05339 -0.0288346
12007.2 3015.97 -1.04306 0.114844 0.00478516 9.78086 -1.04804 -0.0229273
12007.2 3015.97 -1.04696 0.114844 0 9.78564 -1.05001 -0.0219305
12007.2 3015.97 -1.04615 0.114844 0.00478516 9.78086 -1.04943 -0.0245789
12007.2 3015.97 -1.04656 0.119629 0 9.78086 -1.05005 -0.0261631
12007.2 3015.97 -1.04646 0.110059 0 9.78564 -1.05024 -0.0214914
12007.2 3015.97 -1.04756 0.114844 0 9.77607 -1.05064 -0.0299595
12007.2 3015.97 -1.04956 0.114844 0 9.78564 -1.05351 -0.0244676
12007.2 3015.97 -1.04906 0.114844 0 9.77607 -1.05274 -0.0299031
12007.2 3015.97 -1.05736 0.114844 0 9.77607 -1.06058 -0.037664
12007.2 3015.97 -1.05646 0.119629 0.00478516 9.77607 -1.06178 -0.0348746
12007.2 3015.97 -1.05597 0.114844 0 9.78086 -1.06114 -0.027997
12007.2 3015.97 -1.06287 0.110059 0 9.78086 -1.06621 -0.0303391
12007.2 3015.97 -1.05666 0.114844 0 9.78086 -1.06174 -0.0239698
12007.2 3015.97 -1.05926 0.110059 0 9.78086 -1.06263 -0.0262002
12007.2 3015.97 -1.05846 0.110059 0 9.78086 -1.06233 -0.0259265
12007.2 3015.97 -1.06326 0.110059 0 9.78086 -1.06644 -0.0290882
12007.2 3015.97 -1.05776 0.105273 0.00478516 9.78564 -1.06257 -0.0192906
12007.2 3015.97 -1.05906 0.110059 0.00478516 9.78564 -1.06196 -0.0190674
12007.2 3015.97 -1.06116 0.105273 0 9.77607 -1.06369 -0.0302903
12007.2 3015.97 -1.06276 0.105273 0.00478516 9.78086 -1.06673 -0.0294674
12007.2 3015.97 -1.05895 0.100488 0.00478516 9.78086 -1.06369 -0.0247913
12007.2 3015.97 -1.06077 0.100488 0.00478516 9.78086 -1.06429 -0.0262074
12007.2 3015.97 -1.05886 0.0957031 0.00478516 9.78564 -1.06289 -0.0203312
12007.2 3015.97 -1.06206 0.0957031 0.00957031 9.78086 -1.06475 -0.0259411
12007.2 3015.97 -1.06136 0.090918 0.00478516 9.78564 -1.06509 -0.0215419
12007.2 3015.97 -1.06386 0.090918 0.00957031 9.77607 -1.06676 -0.0309044
12007.2 3015.97 -1.06777 0.090918 0.00957031 9.78086 -1.07157 -0.0309266
12007.2 3015.97 -1.06155 0.0861328 0.00957031 9.78564 -1.06676 -0.0190968
12007.2 3015.97 -1.06425 0.090918 0.00957031 9.78086 -1.067 -0.0244225
12007.2 3015.97 -1.06085 0.0861328 0.00957031 9.78564 -1.06474 -0.0192279
12007.2 3015.97 -1.06224 0.0813477 0.00957031 9.78564 -1.06501 -0.0196938
12007.2 3015.97 -1.06675 0.0813477 0.0143555 9.78564 -1.06903 -0.0225669
12007.2 3015.97 -1.06485 0.0813477 0.00957031 9.77607 -1.06825 -0.0293864
12007.2 3015.97 -1.06685 0.0813477 0.0143555 9.78086 -1.07077 -0.0288414
12007.2 3015.97 -1.07055 0.0717773 0.0191406 9.78086 -1.07425 -0.0294025
12007.2 3015.97 -1.06425 0.0717773 0.0143555 9.78564 -1.06927 -0.0185634
12007.2 3015.97 -1.07225 0.0717773 0.0143555 9.78086 -1.07424 -0.0277453
12007.2 3015.97 -1.07507 0.0717773 0.0191406 9.78086 -1.07849 -0.0296766
12007.2 3015.97 -1.07257 0.0717773 0.0191406 9.78086 -1.0771 -0.0260503
12007.2 3015.97 -1.07557 0.062207 0.0143555 9.78564 -1.07908 -0.022772
12007.2 3015.97 -1.07117 0.0717773 0.0239258 9.78086 -1.07507 -0.0222913
12007.2 3015.97 -1.07948 0.0669922 0.0239258 9.78086 -1.08175 -0.0299968
12007.2 3015.97 -1.07427 0.062207 0.0191406 9.78564 -1.07904 -0.0203838
12007.2 3015.97 -1.07557 0.0526367 0.0574219 9.86699 -1.0786 0.0618626
12007.2 3015.97 -1.07417 0.0526367 0.0239258 9.78086 -1.06686 0.00599993
12007.2 3015.97 -1.07457 0.0526367 0.0239258 9.78086 -1.07283 -0.0219103
12007.2 3015.97 -1.07476 0.0526367 0.0239258 9.78086 -1.07731 -0.0282779
12007.2 3015.97 -1.07697 0.0526367 0.0239258 9.78086 -1.08061 -0.029123
12007.2 3015.97 -1.06836 0.0478516 0.0239258 9.78086 -1.07363 -0.0218087
12007.2 3015.97 -1.07267 0.0430664 0.0239258 9.77607 -1.07557 -0.0311769
12007.2 3015.97 -1.07166 0.0430664 0.0239258 9.78086 -1.07613 -0.0278853
12007.2 3015.97 -1.07286 0.0430664 0.0287109 9.78086 -1.07683 -0.0271071
12007.2 3015.97 -1.07487 0.0382813 0.0239258 9.77607 -1.07857 -0.0324469
