12007.1 3015.92 3.77644 0.272754 -0.722559 9.79521 3.77058 1.87956
12007.1 3015.92 3.77574 0.272754 -0.722559 9.79521 3.78693 0.0319177
12007.1 3015.92 3.77574 0.277539 -0.722559 9.79521 3.78016 -0.00141619
12007.1 3015.92 3.77324 0.272754 -0.722559 9.79043 3.77393 -0.0144938
12007.1 3015.92 3.77694 0.272754 -0.722559 9.79043 3.77472 -0.0128701
12007.1 3015.92 3.77764 0.272754 -0.727344 9.79521 3.77563 -0.0075528
12007.1 3015.92 3.77634 0.267969 -0.722559 9.79521 3.77529 -0.00705459
12007.1 3015.92 3.77854 0.267969 -0.727344 9.79521 3.77723 -0.00524964
12007.1 3015.92 3.77904 0.272754 -0.727344 9.8 3.77814 -0.000734443
12007.1 3015.92 3.77814 0.272754 -0.722559 9.79521 3.77805 -0.00505105
12007.1 3015.92 3.77694 0.272754 -0.722559 9.79043 3.77644 -0.0120989
12007.1 3015.92 3.78294 0.272754 -0.727344 9.79521 3.78058 -0.0049901
12007.1 3015.92 3.77754 0.277539 -0.722559 9.79043 3.77729 -0.0133094
12007.1 3015.92 3.77994 0.272754 -0.722559 9.79521 3.77791 -0.00789002
12007.1 3015.92 3.77764 0.272754 -0.717773 9.79521 3.77667 -0.00780251
12007.1 3015.92 3.77814 0.272754 -0.722559 9.79521 3.77696 -0.00665884
12007.1 3015.92 3.77914 0.272754 -0.717773 9.79043 3.77802 -0.0105775
12007.1 3015.92 3.77774 0.272754 -0.722559 9.79043 3.77643 -0.0135595
12007.1 3015.92 3.77984 0.272754 -0.727344 9.79043 3.77768 -0.0122785
12007.1 3015.92 3.77674 0.272754 -0.722559 9.79521 3.7753 -0.00981392
12007.1 3015.92 3.78214 0.267969 -0.722559 9.79043 3.78002 -0.00873271
12007.1 3015.92 3.77644 0.277539 -0.722559 9.78564 3.77579 -0.0197944
12007.1 3015.92 3.77874 0.272754 -0.727344 9.79521 3.77585 -0.0100323
12007.1 3015.92 3.78114 0.272754 -0.727344 9.79043 3.77919 -0.00980133
12007.1 3015.92 3.77774 0.267969 -0.722559 9.79043 3.77668 -0.0140316
12007.1 3015.92 3.78024 0.272754 -0.722559 9.78564 3.778 -0.0171365
12007.1 3015.92 3.77864 0.272754 -0.722559 9.78086 3.77638 -0.0249104
12007.1 3015.92 3.77864 0.277539 -0.722559 9.79043 3.77518 -0.0171061
12007.1 3015.92 3.77864 0.267969 -0.722559 9.79043 3.77602 -0.0135269
12007.1 3015.92 3.78044 0.272754 -0.722559 9.79043 3.77816 -0.0116235
12007.1 3015.92 3.77974 0.272754 -0.722559 9.79043 3.77806 -0.0127485
12007.1 3015.92 3.77764 0.272754 -0.727344 9.79043 3.77607 -0.0144359
12007.1 3015.92 3.77434 0.277539 -0.727344 9.79043 3.77272 -0.0158824
12007.1 3015.92 3.77474 0.272754 -0.722559 9.79043 3.77246 -0.0140071
12007.1 3015.92 3.77284 0.272754 -0.727344 9.78564 3.77101 -0.0191644
12007.1 3015.92 3.77374 0.277539 -0.717773 9.79043 3.77095 -0.0147341
12007.1 3015.92 3.77454 0.272754 -0.727344 9.79043 3.77221 -0.0125895
12007.1 3015.92 3.77394 0.277539 -0.727344 9.78564 3.77212 -0.0177876
12007.1 3015.92 3.77304 0.272754 -0.722559 9.78564 3.77066 -0.0201796
12007.1 3015.92 3.77654 0.277539 -0.722559 9.78564 3.77322 -0.0178708
12007.1 3015.92 3.77454 0.277539 -0.727344 9.79043 3.7721 -0.015172
12007.1 3015.92 3.77484 0.272754 -0.722559 9.79043 3.77256 -0.0132872
12007.1 3015.92 3.77854 0.272754 -0.722559 9.79043 3.77609 -0.010538
12007.1 3015.92 3.77604 0.272754 -0.722559 9.79043 3.77471 -0.0134005
12007.1 3015.92 3.77704 0.277539 -0.722559 9.79043 3.77504 -0.0129092
12007.1 3015.92 3.77584 0.272754 -0.717773 9.79043 3.7741 -0.0137115
12007.1 3015.92 3.77594 0.272754 -0.722559 9.79043 3.77396 -0.0133345
12007.1 3015.92 3.77864 0.272754 -0.727344 9.79043 3.77635 -0.0113856
12007.1 3015.92 3.77684 0.272754 -0.722559 9.78564 3.77533 -0.0181462
12007.1 3015.92 3.77744 0.272754 -0.727344 9.79043 3.77486 -0.0147631
12007.1 3015.92 3.77694 0.272754 -0.722559 9.78564 3.7748 -0.0183501
12007.1 3015.92 3.77354 0.277539 -0.717773 9.78086 3.77137 -0.0265602
12007.1 3015.92 3.77374 0.272754 -0.722559 9.79043 3.77006 -0.0176279
12007.1 3015.92 3.77604 0.277539 -0.717773 9.78564 3.77304 -0.0168861
12007.1 3015.92 3.77584 0.277539 -0.722559 9.79521 3.77334 -0.00908029
12007.1 3015.92 3.77364 0.272754 -0.722559 9.78564 3.77245 -0.0174339
12007.1 3015.92 3.77214 0.277539 -0.717773 9.78086 3.76996 -0.0256225
12007.1 3015.92 3.77254 0.272754 -0.727344 9.78086 3.76895 -0.0267296
12007.1 3015.92 3.77524 0.277539 -0.727344 9.78564 3.77104 -0.0199715
12007.1 3015.92 3.77104 0.277539 -0.717773 9.78564 3.7685 -0.0215552
12007.1 3015.92 3.77284 0.277539 -0.722559 9.79043 3.76955 -0.0145662
12007.1 3015.92 3.77954 0.277539 -0.722559 9.78564 3.77642 -0.0132167
12007.1 3015.92 3.77764 0.272754 -0.722559 9.78564 3.7758 -0.0183374
12007.1 3015.92 3.77984 0.272754 -0.722559 9.78086 3.77699 -0.0231703
12007.1 3015.92 3.77694 0.272754 -0.722559 9.79043 3.774 -0.0179581
12007.1 3015.92 3.78004 0.277539 -0.722559 9.78564 3.77699 -0.0169669
12007.1 3015.92 3.78054 0.267969 -0.717773 9.79043 3.77793 -0.0134151
12007.1 3015.92 3.77954 0.272754 -0.722559 9.78564 3.77763 -0.0181625
12007.1 3015.92 3.77544 0.272754 -0.727344 9.78564 3.77341 -0.0223033
12007.1 3015.92 3.77754 0.282324 -0.722559 9.78086 3.77418 -0.02454
12007.1 3015.92 3.77874 0.277539 -0.727344 9.79043 3.77504 -0.0154998
12007.1 3015.92 3.78204 0.272754 -0.727344 9.78564 3.77918 -0.0154656
12007.1 3015.92 3.78044 0.277539 -0.722559 9.79043 3.77831 -0.0143381
12007.1 3015.92 3.78314 0.272754 -0.722559 9.78564 3.7807 -0.0164377
12007.1 3015.92 3.78364 0.272754 -0.717773 9.78564 3.78118 -0.018403
12007.1 3015.92 3.78164 0.272754 -0.722559 9.79043 3.77924 -0.015908
12007.1 3015.92 3.77964 0.277539 -0.717773 9.78564 3.77757 -0.0198348
12007.1 3015.92 3.78074 0.282324 -0.722559 9.78564 3.77781 -0.0194767
12007.1 3015.92 3.78074 0.272754 -0.722559 9.78086 3.77789 -0.0242912
12007.1 3015.92 3.78224 0.272754 -0.717773 9.78564 3.7786 -0.0203306
12007.1 3015.92 3.77874 0.277539 -0.722559 9.78564 3.77614 -0.0215938
12007.1 3015.92 3.77914 0.277539 -0.722559 9.78564 3.77601 -0.02022
12007.1 3015.92 3.77984 0.267969 -0.722559 9.78564 3.77678 -0.0191972
12007.1 3015.92 3.78314 0.272754 -0.717773 9.78086 3.77989 -0.0219947
12007.1 3015.92 3.78064 0.272754 -0.722559 9.79043 3.77775 -0.0170198
12007.1 3015.92 3.78314 0.277539 -0.722559 9.79043 3.78029 -0.0122577
12007.1 3015.92 3.77984 0.277539 -0.717773 9.78564 3.77834 -0.0190613
12007.1 3015.92 3.78324 0.277539 -0.722559 9.78086 3.78019 -0.0228784
12007.1 3015.92 3.78414 0.272754 -0.722559 9.78086 3.78073 -0.024864
12007.1 3015.92 3.78014 0.272754 -0.727344 9.78564 3.77705 -0.0236955
12007.1 3015.92 3.78014 0.277539 -0.717773 9.79043 3.77673 -0.0161384
12007.1 3015.92 3.77884 0.272754 -0.722559 9.79043 3.77652 -0.0140409
12007.1 3015.92 3.77854 0.272754 -0.717773 9.78564 3.7765 -0.0181249
12007.1 3015.92 3.77464 0.277539 -0.717773 9.78564 3.77257 -0.0220779
12007.1 3015.92 3.77814 0.277539 -0.722559 9.79521 3.77462 -0.00918374
12007.1 3015.92 3.77904 0.272754 -0.722559 9.78086 3.77731 -0.0196264
12007.1 3015.92 3.77784 0.277539 -0.722559 9.78086 3.77528 -0.0258775
12007.1 3015.92 3.77734 0.272754 -0.722559 9.79043 3.77378 -0.0175806
12007.1 3015.92 3.77784 0.277539 -0.722559 9.78564 3.77509 -0.0181006
12007.1 3015.92 3.77834 0.267969 -0.722559 9.78086 3.77562 -0.0235871
12007.1 3015.92 3.77414 0.272754 -0.722559 9.78564 3.77133 -0.0238077
12007.1 3015.92 3.78294 0.267969 -0.727344 9.78564 3.77843 -0.0155134
12007.1 3015.92 3.78114 0.272754 -0.722559 9.78086 3.77882 -0.0230032
12007.1 3015.92 3.78284 0.282324 -0.722559 9.78086 3.7794 -0.0248649
12007.1 3015.92 3.78284 0.277539 -0.722559 9.78564 3.77924 -0.0211216
12007.1 3015.92 3.78304 0.277539 -0.717773 9.78564 3.77987 -0.0195402
12007.1 3015.92 3.78414 0.277539 -0.722559 9.78564 3.78111 -0.0186696
12007.1 3015.92 3.78084 0.272754 -0.727344 9.78564 3.7785 -0.0212597
12007.1 3015.92 3.78544 0.277539 -0.727344 9.79043 3.78185 -0.0127968
12007.1 3015.92 3.78124 0.277539 -0.722559 9.78564 3.77969 -0.0193604
12007.1 3015.92 3.78324 0.272754 -0.717773 9.79043 3.78033 -0.0142806
12007.1 3015.92 3.77314 0.272754 -0.722559 9.78564 3.77224 -0.0240981
12007.1 3015.92 3.77314 0.272754 -0.722559 9.78564 3.76996 -0.0224672
12007.1 3015.92 3.77224 0.277539 -0.722559 9.78086 3.76909 -0.0257822
12007.1 3015.92 3.77224 0.277539 -0.722559 9.78564 3.76856 -0.0216378
12007.1 3015.92 3.77334 0.277539 -0.722559 9.78564 3.76998 -0.0190991
12007.1 3015.92 3.77234 0.272754 -0.722559 9.78564 3.76961 -0.0197316
12007.1 3015.92 3.77444 0.277539 -0.717773 9.78564 3.77132 -0.0183803
12007.1 3015.92 3.77364 0.277539 -0.717773 9.78564 3.77101 -0.0194965
12007.1 3015.92 3.77654 0.282324 -0.722559 9.79043 3.77336 -0.0130602
12007.1 3015.92 3.77554 0.272754 -0.717773 9.78564 3.7736 -0.0176669
12007.1 3015.92 3.77864 0.277539 -0.722559 9.78564 3.77575 -0.0175042
12007.1 3015.92 3.77634 0.277539 -0.717773 9.78564 3.77404 -0.0202902
12007.1 3015.92 3.77604 0.272754 -0.727344 9.78086 3.7732 -0.0251759
12007.1 3015.92 3.77314 0.272754 -0.717773 9.78564 3.76995 -0.0234731
12007.1 3015.92 3.77324 0.277539 -0.717773 9.78086 3.76984 -0.0254968
12007.1 3015.92 3.77614 0.272754 -0.722559 9.79043 3.77209 -0.0147308
12007.1 3015.92 3.77384 0.277539 -0.717773 9.78086 3.77174 -0.0233347
12007.1 3015.92 3.77914 0.272754 -0.722559 9.78564 3.77523 -0.0180389
12007.1 3015.92 3.77364 0.277539 -0.722559 9.78086 3.77155 -0.0266614
12007.1 3015.92 3.77514 0.277539 -0.722559 9.78564 3.77129 -0.0216706
12007.1 3015.92 3.78184 0.272754 -0.717773 9.78564 3.77774 -0.0154225
12007.1 3015.92 3.77784 0.277539 -0.722559 9.78086 3.77587 -0.0246378
12007.1 3015.92 3.78014 0.277539 -0.727344 9.78564 3.77646 -0.0205047
12007.1 3015.92 3.78034 0.272754 -0.727344 9.78086 3.77724 -0.0240533
12007.1 3015.92 3.78054 0.277539 -0.722559 9.78564 3.77706 -0.0209162
12007.1 3015.92 3.78054 0.272754 -0.722559 9.78086 3.77744 -0.0244558
12007.1 3015.92 3.78094 0.272754 -0.717773 9.78086 3.77739 -0.0257174
12007.1 3015.92 3.78434 0.272754 -0.717773 9.78564 3.78018 -0.0191791
12007.1 3015.92 3.78154 0.272754 -0.722559 9.78564 3.77893 -0.0204024
12007.1 3015.92 3.78474 0.272754 -0.722559 9.78086 3.78141 -0.0227792
12007.1 3015.92 3.77804 0.267969 -0.722559 9.78564 3.77557 -0.0247214
12007.1 3015.92 3.77524 0.277539 -0.722559 9.78086 3.77214 -0.0282644
12007.1 3015.92 3.77504 0.272754 -0.722559 9.78564 3.77108 -0.0226897
12007.1 3015.92 3.77214 0.277539 -0.722559 9.79043 3.76912 -0.0170696
12007.1 3015.92 3.77254 0.277539 -0.722559 9.78564 3.76993 -0.0183211
12007.1 3015.92 3.77154 0.277539 -0.722559 9.78564 3.76901 -0.0199328
12007.1 3015.92 3.77764 0.277539 -0.722559 9.78564 3.77401 -0.0160197
12007.1 3015.92 3.77804 0.277539 -0.722559 9.77607 3.77549 -0.0271216
12007.1 3015.92 3.77764 0.277539 -0.727344 9.78564 3.77392 -0.0227582
12007.1 3015.92 3.77604 0.272754 -0.722559 9.78086 3.77288 -0.0259878
12007.1 3015.92 3.78374 0.272754 -0.722559 9.78564 3.77905 -0.0167768
12007.1 3015.92 3.78124 0.272754 -0.717773 9.78086 3.77883 -0.0237895
12007.1 3015.92 3.78354 0.272754 -0.722559 9.78564 3.77992 -0.0199187
12007.1 3015.92 3.78344 0.277539 -0.722559 9.78086 3.78046 -0.0240674
12007.1 3015.92 3.78064 0.277539 -0.717773 9.79043 3.77756 -0.0181306
12007.1 3015.92 3.78434 0.272754 -0.717773 9.78086 3.78117 -0.0213388
12007.1 3015.92 3.78024 0.272754 -0.722559 9.78086 3.77765 -0.0274288
12007.1 3015.92 3.78204 0.277539 -0.717773 9.79043 3.77799 -0.016648
12007.1 3015.92 3.78114 0.277539 -0.717773 9.78564 3.77862 -0.0183435
12007.1 3015.92 3.78134 0.282324 -0.717773 9.78564 3.77866 -0.019231
12007.1 3015.92 3.78574 0.272754 -0.717773 9.78086 3.7824 -0.0215474
12007.1 3015.92 3.78614 0.277539 -0.722559 9.78564 3.78292 -0.0197276
12007.1 3015.92 3.78254 0.282324 -0.722559 9.78564 3.78008 -0.0217127
12007.1 3015.92 3.78524 0.277539 -0.722559 9.78086 3.78182 -0.0236684
12007.1 3015.92 3.78674 0.272754 -0.722559 9.78564 3.78311 -0.0197431
12007.1 3015.92 3.78454 0.272754 -0.722559 9.78086 3.78185 -0.0253398
12007.1 3015.92 3.78254 0.272754 -0.722559 9.78086 3.77923 -0.027833
12007.1 3015.92 3.78444 0.277539 -0.717773 9.78564 3.78024 -0.0210566
12007.1 3015.92 3.78354 0.272754 -0.722559 9.78086 3.78044 -0.0246195
12007.1 3015.92 3.78094 0.272754 -0.717773 9.78086 3.77775 -0.0276975
12007.1 3015.92 3.78514 0.282324 -0.717773 9.78564 3.78068 -0.019613
12007.1 3015.92 3.78214 0.272754 -0.722559 9.78564 3.77946 -0.0204895
12007.1 3015.92 3.78394 0.277539 -0.722559 9.78564 3.78077 -0.0188778
12007.1 3015.92 3.78314 0.272754 -0.722559 9.78086 3.78044 -0.0244266
12007.1 3015.92 3.78114 0.277539 -0.722559 9.78086 3.77794 -0.0274975
12007.1 3015.92 3.78504 0.277539 -0.717773 9.78086 3.78064 -0.0245155
12007.1 3015.92 3.78144 0.277539 -0.717773 9.78564 3.77822 -0.0226824
12007.1 3015.92 3.78184 0.277539 -0.722559 9.78086 3.7785 -0.025003
12007.1 3015.92 3.78134 0.272754 -0.722559 9.78086 3.7778 -0.0263351
12007.1 3015.92 3.78134 0.277539 -0.717773 9.77607 3.77754 -0.0311547
12007.1 3015.92 3.78074 0.272754 -0.717773 9.78564 3.77637 -0.0235415
12007.1 3015.92 3.78514 0.272754 -0.722559 9.87178 3.78103 0.0688984
12007.1 3015.92 3.78324 0.272754 -0.717773 9.78564 3.79173 0.0119011
12007.1 3015.92 3.78234 0.277539 -0.722559 9.78564 3.78505 -0.0160661
12007.1 3015.92 3.77954 0.277539 -0.722559 9.78564 3.7782 -0.0236705
12007.1 3015.92 3.77974 0.272754 -0.727344 9.78086 3.77654 -0.0266882
12007.1 3015.92 3.78054 0.272754 -0.722559 9.78086 3.77664 -0.0262002
12007.1 3015.92 3.77864 0.277539 -0.722559 9.78086 3.77505 -0.0273046
12007.1 3015.92 3.77954 0.277539 -0.717773 9.78086 3.7755 -0.026115
12007.1 3015.92 3.78064 0.282324 -0.722559 9.78564 3.77667 -0.0204812
12007.1 3015.92 3.78274 0.272754 -0.717773 9.78086 3.77936 -0.0226387
12007.1 3015.92 3.77934 0.277539 -0.717773 9.78564 3.77647 -0.022531
12007.1 3015.92 3.78154 0.277539 -0.717773 9.78564 3.77803 -0.0192325
12007.1 3015.92 3.78284 0.272754 -0.717773 9.78564 3.77978 -0.0182116
12007.1 3015.92 3.78314 0.277539 -0.722559 9.78086 3.7804 -0.0235586
12007.1 3015.92 3.78074 0.277539 -0.722559 9.78086 3.7777 -0.0274142
12007.1 3015.92 3.78174 0.277539 -0.722559 9.78564 3.77774 -0.0216555
12007.1 3015.92 3.78184 0.277539 -0.717773 9.78086 3.77857 -0.0243257
12007.1 3015.92 3.78044 0.277539 -0.722559 9.78086 3.77711 -0.0267098
12007.1 3015.92 3.78364 0.277539 -0.722559 9.78564 3.77941 -0.0198085
12007.1 3015.92 3.77804 0.277539 -0.717773 9.77607 3.7757 -0.0319445
12007.1 3015.92 3.77744 0.272754 -0.722559 9.78564 3.77315 -0.0247569
12007.1 3015.92 3.77584 0.282324 -0.722559 9.78086 3.77235 -0.0263485
12007.1 3015.92 3.77424 0.272754 -0.722559 9.78564 3.77065 -0.0226458
12007.1 3015.92 3.77854 0.277539 -0.722559 9.86221 3.77466 0.0590894
12007.1 3015.92 3.77754 0.277539 -0.722559 9.77607 3.78469 -0.000775242
12007.1 3015.92 3.77684 0.277539 -0.722559 9.78086 3.77774 -0.024441
12007.1 3015.92 3.77584 0.272754 -0.712988 9.78564 3.77297 -0.0243826
12007.1 3015.92 3.77874 0.272754 -0.717773 9.78564 3.77491 -0.0194584
12007.1 3015.92 3.77634 0.282324 -0.717773 9.77607 3.77368 -0.0300234
12007.1 3015.92 3.77584 0.277539 -0.722559 9.78086 3.77175 -0.0285848
12007.1 3015.92 3.77564 0.272754 -0.727344 9.78086 3.77151 -0.0269563
12007.1 3015.92 3.77664 0.277539 -0.722559 9.78086 3.77256 -0.025578
12007.1 3015.92 3.77864 0.277539 -0.722559 9.78564 3.77461 -0.0196874
12007.1 3015.92 3.78204 0.282324 -0.722559 9.78086 3.77859 -0.0214886
12007.1 3015.92 3.77814 0.277539 -0.722559 9.78086 3.77547 -0.0271764
12007.1 3015.92 3.77924 0.277539 -0.717773 9.78086 3.7753 -0.0265237
12007.1 3015.92 3.78054 0.277539 -0.727344 9.77607 3.7765 -0.0301392
12007.1 3015.92 3.77964 0.277539 -0.722559 9.78564 3.77541 -0.0232133
12007.1 3015.92 3.77974 0.282324 -0.717773 9.78086 3.77624 -0.0247387
12007.1 3015.92 3.77934 0.272754 -0.722559 9.78564 3.7758 -0.0212895
12007.1 3015.92 3.77524 0.277539 -0.717773 9.78086 3.7726 -0.0271729
12007.1 3015.92 3.77904 0.282324 -0.722559 9.78564 3.77477 -0.0200358
12007.1 3015.92 3.77864 0.277539 -0.722559 9.78564 3.7756 -0.0191002
12007.1 3015.92 3.77944 0.282324 -0.722559 9.78086 3.77652 -0.0235697
12007.1 3015.92 3.78224 0.277539 -0.722559 9.78086 3.77852 -0.0239817
12007.1 3015.92 3.78264 0.277539 -0.722559 9.78086 3.77907 -0.0251477
12007.1 3015.92 3.78194 0.277539 -0.717773 9.78564 3.77838 -0.0215832
12007.1 3015.92 3.78314 0.272754 -0.717773 9.78086 3.77979 -0.023875
12007.1 3015.92 3.78284 0.277539 -0.722559 9.77607 3.77942 -0.0305822
12007.1 3015.92 3.78564 0.282324 -0.717773 9.78564 3.78096 -0.0214005
12007.1 3015.92 3.78114 0.277539 -0.722559 9.78086 3.7784 -0.0267394
12007.1 3015.92 3.78434 0.277539 -0.717773 9.77607 3.78018 -0.0297645
12007.1 3015.92 3.78344 0.277539 -0.717773 9.78086 3.77924 -0.0277881
12007.1 3015.92 3.78354 0.272754 -0.722559 9.78086 3.77946 -0.0264088
12007.1 3015.92 3.78144 0.277539 -0.722559 9.78086 3.77783 -0.0273946
12007.1 3015.92 3.78144 0.277539 -0.722559 9.78086 3.7775 -0.0267074
12007.1 3015.92 3.78424 0.282324 -0.717773 9.78564 3.77999 -0.0196712
12007.1 3015.92 3.78444 0.277539 -0.722559 9.78086 3.78137 -0.0233837
12007.1 3015.92 3.78194 0.277539 -0.722559 9.77607 3.7789 -0.0319922
12007.1 3015.92 3.78974 0.277539 -0.722559 9.78564 3.78429 -0.0189535
12007.1 3015.92 3.79304 0.277539 -0.727344 9.78086 3.78952 -0.0203784
12007.1 3015.92 3.78904 0.277539 -0.712988 9.78086 3.78651 -0.0267922
12007.1 3015.92 3.78854 0.277539 -0.717773 9.78086 3.78488 -0.0275009
12007.1 3015.92 3.78874 0.277539 -0.722559 9.78564 3.78475 -0.021798
12007.1 3015.92 3.78774 0.282324 -0.722559 9.77607 3.78459 -0.0298725
12007.1 3015.92 3.78664 0.282324 -0.717773 9.78086 3.78258 -0.028597
12007.1 3015.92 3.78764 0.277539 -0.717773 9.78086 3.78336 -0.0262141
12007.1 3015.92 3.78875 0.282324 -0.717773 9.78086 3.78472 -0.0251499
12007.1 3015.92 3.78774 0.282324 -0.717773 9.78564 3.78416 -0.0214922
12007.1 3015.92 3.78254 0.282324 -0.722559 9.78086 3.78001 -0.0279234
12007.1 3015.92 3.78414 0.282324 -0.722559 9.78086 3.78006 -0.0265685
12007.1 3015.92 3.78364 0.277539 -0.717773 9.77607 3.77981 -0.0312166
12007.1 3015.92 3.78284 0.277539 -0.727344 9.78564 3.77848 -0.0236696
12007.1 3015.92 3.78524 0.277539 -0.722559 9.78086 3.78137 -0.023353
12007.1 3015.92 3.78294 0.272754 -0.722559 9.78564 3.77977 -0.0217706
12007.1 3015.92 3.78604 0.277539 -0.717773 9.78086 3.78247 -0.0229798
12007.1 3015.92 3.78854 0.277539 -0.722559 9.78564 3.78485 -0.0187603
12007.1 3015.92 3.78514 0.277539 -0.722559 9.78086 3.78272 -0.0257154
12007.1 3015.92 3.78594 0.272754 -0.717773 9.77607 3.78226 -0.0311355
12007.1 3015.92 3.78844 0.277539 -0.717773 9.78086 3.78369 -0.0264134
12007.1 3015.92 3.78874 0.272754 -0.717773 9.78564 3.78474 -0.0206507
12007.1 3015.92 3.78844 0.277539 -0.722559 9.78564 3.78534 -0.019433
12007.1 3015.92 3.78774 0.277539 -0.717773 9.77607 3.78497 -0.0293988
12007.1 3015.92 3.78834 0.282324 -0.722559 9.79521 3.78417 -0.0132247
12007.1 3015.92 3.78774 0.277539 -0.717773 9.77607 3.78561 -0.0264104
12007.1 3015.92 3.78614 0.277539 -0.722559 9.78086 3.78271 -0.02832
12007.1 3015.92 3.78694 0.272754 -0.717773 9.78564 3.7828 -0.021862
12007.1 3015.92 3.78864 0.282324 -0.717773 9.78086 3.78512 -0.0232874
12007.1 3015.92 3.78644 0.277539 -0.717773 9.78086 3.78331 -0.0266898
12007.1 3015.92 3.78524 0.277539 -0.717773 9.79043 3.7816 -0.0179591
12007.1 3015.92 3.78584 0.277539 -0.722559 9.78086 3.78302 -0.0229032
12007.1 3015.92 3.78664 0.282324 -0.722559 9.78564 3.78327 -0.0202953
12007.1 3015.92 3.78874 0.277539 -0.722559 9.78086 3.78546 -0.0229566
12007.1 3015.92 3.78874 0.277539 -0.722559 9.78086 3.7854 -0.0253209
12007.1 3015.92 3.78664 0.282324 -0.717773 9.78086 3.78326 -0.0274787
12007.1 3015.92 3.78764 0.277539 -0.722559 9.77607 3.78359 -0.0310327
12007.1 3015.92 3.78834 0.277539 -0.722559 9.78564 3.78379 -0.0225046
12007.1 3015.92 3.78774 0.277539 -0.722559 9.78086 3.78438 -0.0247266
12007.1 3015.92 3.78784 0.282324 -0.722559 9.78564 3.78426 -0.0210536
12007.1 3015.92 3.78954 0.272754 -0.722559 9.78086 3.78619 -0.0233517
12007.1 3015.92 3.79014 0.277539 -0.717773 9.78564 3.78667 -0.0202477
12007.1 3015.92 3.79294 0.277539 -0.722559 9.78564 3.78957 -0.0176433
12007.1 3015.92 3.78674 0.277539 -0.722559 9.78086 3.78486 -0.0273093
12007.1 3015.92 3.79144 0.282324 -0.727344 9.78086 3.78713 -0.0247759
12007.1 3015.92 3.79404 0.282324 -0.722559 9.78086 3.79001 -0.0236527
12007.1 3015.92 3.79224 0.277539 -0.717773 9.78086 3.78895 -0.0262418
12007.1 3015.92 3.79004 0.272754 -0.722559 9.78086 3.78656 -0.0279029
12007.1 3015.92 3.79394 0.277539 -0.722559 9.78564 3.78945 -0.0196979
12007.1 3015.92 3.79304 0.277539 -0.717773 9.78086 3.79008 -0.0239471
12007.1 3015.92 3.78464 0.277539 -0.722559 9.78086 3.78229 -0.0312518
12007.1 3015.92 3.78564 0.277539 -0.717773 9.78086 3.78124 -0.0282626
12007.1 3015.92 3.78714 0.282324 -0.722559 9.78086 3.7828 -0.0255558
12007.1 3015.92 3.78494 0.282324 -0.717773 9.78086 3.78142 -0.0269817
12007.1 3015.92 3.78434 0.277539 -0.722559 9.77607 3.78054 -0.031784
12007.1 3015.92 3.78384 0.282324 -0.717773 9.78564 3.77938 -0.0237015
12007.1 3015.92 3.78674 0.277539 -0.717773 9.78564 3.78279 -0.0181915
12007.1 3015.92 3.78614 0.277539 -0.722559 9.78086 3.7834 -0.0235559
12007.1 3015.92 3.78444 0.277539 -0.717773 9.77607 3.78131 -0.0317529
12007.1 3015.92 3.78514 0.277539 -0.722559 9.77607 3.78062 -0.0329251
12007.1 3015.92 3.78824 0.272754 -0.722559 9.77607 3.78308 -0.0309202
12007.1 3015.92 3.79084 0.272754 -0.722559 9.78086 3.78592 -0.0253268
12007.1 3015.92 3.78964 0.277539 -0.717773 9.78086 3.78595 -0.0258921
12007.1 3015.92 3.79104 0.277539 -0.722559 9.78564 3.7871 -0.0204324
12007.1 3015.92 3.79014 0.282324 -0.722559 9.78564 3.78716 -0.0197768
12007.1 3015.92 3.79344 0.277539 -0.722559 9.78564 3.79013 -0.0174651
12007.1 3015.92 3.79004 0.277539 -0.717773 9.78086 3.78783 -0.0254916
12007.1 3015.92 3.79124 0.277539 -0.722559 9.77607 3.78757 -0.030935
12007.1 3015.92 3.79064 0.277539 -0.717773 9.77607 3.78632 -0.0331112
12007.1 3015.92 3.79094 0.282324 -0.717773 9.77607 3.78614 -0.0329052
12007.1 3015.92 3.78554 0.277539 -0.722559 9.78564 3.78143 -0.0266026
12007.1 3015.92 3.78524 0.272754 -0.717773 9.78086 3.78137 -0.0262956
12007.1 3015.92 3.78664 0.282324 -0.722559 9.78086 3.78263 -0.0252518
12007.1 3015.92 3.78934 0.277539 -0.717773 9.78086 3.78528 -0.02395
12007.1 3015.92 3.78944 0.282324 -0.717773 9.78086 3.78587 -0.0251105
12007.1 3015.92 3.78534 0.282324 -0.717773 9.78564 3.78222 -0.023743
12007.1 3015.92 3.78444 0.282324 -0.717773 9.78086 3.78114 -0.0262768
12007.1 3015.92 3.78444 0.282324 -0.717773 9.77607 3.78068 -0.0312867
12007.1 3015.92 3.78464 0.277539 -0.717773 9.78086 3.78016 -0.0278864
12007.1 3015.92 3.78894 0.277539 -0.722559 9.78086 3.78428 -0.0235773
12007.1 3015.92 3.78844 0.277539 -0.689063 9.86699 3.78491 0.0611564
12007.1 3015.92 3.79234 0.277539 -0.722559 9.78086 3.79918 0.00766079
12007.1 3015.92 3.78924 0.277539 -0.722559 9.77607 3.79148 -0.0275173
12007.1 3015.92 3.78945 0.282324 -0.722559 9.78086 3.7862 -0.0303657
12007.1 3015.92 3.78774 0.277539 -0.722559 9.77607 3.78368 -0.0338885
12007.1 3015.92 3.78965 0.282324 -0.722559 9.87178 3.78457 0.0633701
12007.1 3015.92 3.78994 0.277539 -0.722559 9.78086 3.79732 0.00714167
12007.1 3015.92 3.78895 0.282324 -0.722559 9.78564 3.79092 -0.017139
12007.1 3015.92 3.78905 0.277539 -0.717773 9.77607 3.7871 -0.0313043
12007.1 3015.92 3.78844 0.277539 -0.722559 9.78564 3.78429 -0.0247844
12007.1 3015.92 3.78944 0.282324 -0.722559 9.78086 3.78563 -0.0247813
12007.1 3015.92 3.79234 0.282324 -0.717773 9.78086 3.78834 -0.0237851
12007.1 3015.92 3.78904 0.277539 -0.722559 9.78086 3.78593 -0.027265
12007.1 3015.92 3.79134 0.282324 -0.722559 9.77607 3.78719 -0.0302922
12007.1 3015.92 3.79054 0.282324 -0.717773 9.77607 3.78626 -0.0327008
12007.1 3015.92 3.78924 0.277539 -0.722559 9.78564 3.7847 -0.024239
12007.1 3015.92 3.79154 0.282324 -0.717773 9.78086 3.78759 -0.0235056
12007.1 3015.92 3.78664 0.282324 -0.722559 9.78564 3.78377 -0.0234355
12007.1 3015.92 3.79074 0.282324 -0.717773 9.78086 3.78688 -0.0231326
12007.1 3015.92 3.78614 0.277539 -0.717773 9.78086 3.78329 -0.0279491
12007.1 3015.92 3.79234 0.277539 -0.722559 9.78086 3.78764 -0.0234299
12007.1 3015.92 3.79174 0.282324 -0.722559 9.78564 3.78824 -0.0201764
12007.1 3015.92 3.79024 0.277539 -0.722559 9.78086 3.78742 -0.0251342
12007.1 3015.92 3.79194 0.282324 -0.722559 9.78086 3.78817 -0.0253106
12007.1 3015.92 3.79274 0.277539 -0.717773 9.77607 3.78894 -0.0301272
12007.1 3015.92 3.78904 0.277539 -0.717773 9.77607 3.7852 -0.0347228
12007.1 3015.92 3.78974 0.287109 -0.727344 9.77607 3.78475 -0.0335377
12007.1 3015.92 3.79294 0.287109 -0.717773 9.78086 3.78763 -0.0259918
12007.1 3015.92 3.79224 0.282324 -0.717773 9.77607 3.78835 -0.0303488
12007.1 3015.92 3.79174 0.277539 -0.717773 9.78564 3.78745 -0.0231278
12007.1 3015.92 3.79574 0.277539 -0.722559 9.78564 3.79175 -0.0173914
12007.1 3015.92 3.79374 0.277539 -0.717773 9.78086 3.79128 -0.0241333
12007.1 3015.92 3.79244 0.277539 -0.722559 9.78086 3.78922 -0.027096
12007.1 3015.92 3.79514 0.282324 -0.717773 9.77607 3.79094 -0.0299096
12007.1 3015.92 3.79254 0.282324 -0.722559 9.78564 3.78853 -0.0241163
12007.1 3015.92 3.79204 0.277539 -0.722559 9.78086 3.78853 -0.0255913
12007.1 3015.92 3.79264 0.282324 -0.717773 9.78086 3.78886 -0.0257364
12007.1 3015.92 3.79184 0.282324 -0.722559 9.77607 3.78819 -0.0312997
12007.1 3015.92 3.79494 0.277539 -0.722559 9.78086 3.7901 -0.0261069
12007.1 3015.92 3.79244 0.277539 -0.717773 9.77607 3.78882 -0.0318411
12007.1 3015.92 3.78754 0.282324 -0.717773 9.78564 3.78366 -0.0266543
12007.1 3015.92 3.78754 0.287109 -0.722559 9.78086 3.78366 -0.0262646
12007.1 3015.92 3.78734 0.277539 -0.722559 9.78086 3.78353 -0.026253
12007.1 3015.92 3.78804 0.282324 -0.717773 9.78086 3.78413 -0.0257217
12007.1 3015.92 3.78974 0.282324 -0.717773 9.78086 3.78576 -0.024824
12007.1 3015.92 3.78714 0.282324 -0.722559 9.77607 3.78381 -0.0319889
12007.1 3015.92 3.78925 0.277539 -0.717773 9.78086 3.78448 -0.0271986
12007.1 3015.92 3.78744 0.282324 -0.722559 9.78086 3.78361 -0.0270538
12007.1 3015.92 3.79005 0.277539 -0.722559 9.78086 3.78578 -0.0247778
12007.1 3015.92 3.78925 0.287109 -0.717773 9.78086 3.78565 -0.025861
12007.1 3015.92 3.78944 0.277539 -0.717773 9.78086 3.78567 -0.0260402
12007.1 3015.92 3.78824 0.272754 -0.717773 9.77607 3.7846 -0.0316689
12007.1 3015.92 3.78584 0.282324 -0.717773 9.78086 3.78166 -0.0297655
12007.1 3015.92 3.78704 0.282324 -0.722559 9.78564 3.78257 -0.0216426
12007.1 3015.92 3.78784 0.282324 -0.722559 9.77607 3.78442 -0.0283575
12007.1 3015.92 3.78884 0.282324 -0.717773 9.78086 3.78467 -0.0265358
12007.1 3015.92 3.79004 0.282324 -0.722559 9.78086 3.78598 -0.0252735
12007.1 3015.92 3.79224 0.277539 -0.717773 9.78086 3.78823 -0.0242499
12007.1 3015.92 3.79224 0.277539 -0.722559 9.78564 3.78865 -0.0205332
12007.1 3015.92 3.78974 0.282324 -0.717773 9.78564 3.78699 -0.0210578
12007.1 3015.92 3.79204 0.282324 -0.717773 9.78086 3.78872 -0.0235022
12007.1 3015.92 3.79334 0.282324 -0.717773 9.78086 3.78977 -0.0246588
12007.1 3015.92 3.79124 0.277539 -0.722559 9.78086 3.78792 -0.0270856
12007.1 3015.92 3.79095 0.282324 -0.722559 9.78086 3.78711 -0.0269715
12007.1 3015.92 3.79144 0.282324 -0.722559 9.78086 3.78746 -0.0260959
12007.1 3015.92 3.79355 0.282324 -0.722559 9.78564 3.78945 -0.0198743
12007.1 3015.92 3.78984 0.282324 -0.717773 9.78086 3.78727 -0.0260543
12007.1 3015.92 3.79105 0.287109 -0.717773 9.78564 3.78725 -0.0213324
12007.1 3015.92 3.79025 0.282324 -0.717773 9.78086 3.78715 -0.0249164
12007.1 3015.92 3.78934 0.277539 -0.722559 9.78086 3.7859 -0.0267206
12007.1 3015.92 3.78644 0.282324 -0.717773 9.77607 3.78297 -0.0332093
12007.1 3015.92 3.78924 0.277539 -0.717773 9.78086 3.78422 -0.0271051
12007.1 3015.92 3.78704 0.277539 -0.722559 9.78086 3.78324 -0.0271082
12007.1 3015.92 3.79104 0.277539 -0.722559 9.79043 3.7866 -0.0143511
12007.1 3015.92 3.79004 0.287109 -0.722559 9.78086 3.78778 -0.0221135
12007.1 3015.92 3.78754 0.282324 -0.717773 9.78086 3.78476 -0.0272647
12007.1 3015.92 3.78924 0.282324 -0.717773 9.79043 3.7852 -0.0165332
12007.1 3015.92 3.79004 0.282324 -0.722559 9.78564 3.78732 -0.0172222
12007.1 3015.92 3.79224 0.282324 -0.722559 9.78086 3.78943 -0.0222035
12007.1 3015.92 3.79044 0.277539 -0.717773 9.77607 3.78749 -0.0312812
12007.1 3015.92 3.78954 0.277539 -0.722559 9.78564 3.7853 -0.0243205
12007.1 3015.92 3.78994 0.282324 -0.717773 9.78564 3.78626 -0.0201564
12007.1 3015.92 3.79174 0.277539 -0.717773 9.78086 3.78848 -0.0229001
12007.1 3015.92 3.79364 0.282324 -0.722559 9.77607 3.79007 -0.0288815
12007.1 3015.92 3.78914 0.282324 -0.717773 9.78086 3.78559 -0.030148
12007.1 3015.92 3.79124 0.282324 -0.717773 9.78086 3.78669 -0.0263937
12007.1 3015.92 3.79074 0.282324 -0.722559 9.77607 3.78687 -0.0308484
12007.1 3015.92 3.79345 0.282324 -0.717773 9.78086 3.78868 -0.0260583
12007.1 3015.92 3.79304 0.282324 -0.722559 9.78086 3.78917 -0.0257473
12007.1 3015.92 3.79374 0.282324 -0.717773 9.78086 3.78989 -0.0255009
12007.1 3015.92 3.79504 0.277539 -0.722559 9.78564 3.79114 -0.020252
12007.1 3015.92 3.79304 0.277539 -0.722559 9.78086 3.79023 -0.0252271
12007.1 3015.92 3.79584 0.282324 -0.717773 9.78564 3.79192 -0.0198583
12007.1 3015.92 3.79634 0.287109 -0.717773 9.77607 3.79325 -0.0282565
12007.1 3015.92 3.79294 0.282324 -0.722559 9.78086 3.78939 -0.0295268
12007.1 3015.92 3.79484 0.282324 -0.717773 9.78564 3.79039 -0.0215124
12007.1 3015.92 3.79624 0.277539 -0.717773 9.78086 3.79276 -0.0231554
12007.1 3015.92 3.79714 0.277539 -0.717773 9.78086 3.79364 -0.0246874
12007.1 3015.92 3.79404 0.282324 -0.722559 9.78086 3.79085 -0.0277838
12007.1 3015.92 3.79254 0.277539 -0.722559 9.78086 3.78879 -0.0280758
12007.1 3015.92 3.78814 0.282324 -0.717773 9.78564 3.78465 -0.0248935
12007.1 3015.92 3.78884 0.277539 -0.717773 9.78564 3.78514 -0.0206521
12007.1 3015.92 3.79074 0.282324 -0.722559 9.77607 3.7874 -0.0277903
12007.1 3015.92 3.79064 0.277539 -0.717773 9.78564 3.7867 -0.0223034
12007.1 3015.92 3.79054 0.282324 -0.722559 9.78086 3.78722 -0.0247207
12007.1 3015.92 3.79214 0.282324 -0.684277 9.86699 3.78837 0.0612296
12007.1 3015.92 3.79064 0.282324 -0.722559 9.78086 3.79815 0.00438927
12007.1 3015.92 3.79074 0.282324 -0.717773 9.78564 3.79224 -0.0175061
12007.1 3015.92 3.79064 0.277539 -0.717773 9.78086 3.78862 -0.0264758
12007.1 3015.92 3.79254 0.277539 -0.722559 9.78564 3.78868 -0.0213923
12007.1 3015.92 3.79394 0.277539 -0.717773 9.78086 3.79055 -0.0234849
12007.1 3015.92 3.79304 0.277539 -0.717773 9.78564 3.78974 -0.0212295
12007.1 3015.92 3.79254 0.282324 -0.727344 9.78086 3.78949 -0.0250009
12007.1 3015.92 3.79714 0.277539 -0.722559 9.78086 3.79299 -0.0232577
12007.1 3015.92 3.79364 0.277539 -0.717773 9.78086 3.7906 -0.0271072
12007.1 3015.92 3.79544 0.282324 -0.722559 9.77607 3.79138 -0.0306028
12007.1 3015.92 3.79424 0.282324 -0.717773 9.78564 3.78998 -0.0235574
12007.1 3015.92 3.79504 0.282324 -0.722559 9.77607 3.7914 -0.0291842
12007.1 3015.92 3.79364 0.277539 -0.722559 9.78086 3.78964 -0.0282303
12007.1 3015.92 3.79354 0.277539 -0.717773 9.78086 3.78946 -0.0268261
12007.1 3015.92 3.79804 0.282324 -0.717773 9.78086 3.79354 -0.0233217
12007.1 3015.92 3.79724 0.277539 -0.717773 9.78086 3.7938 -0.0251795
12007.1 3015.92 3.79574 0.277539 -0.722559 9.77607 3.79229 -0.0317645
12007.1 3015.92 3.79644 0.282324 -0.712988 9.78086 3.79187 -0.027939
12007.1 3015.92 3.79554 0.282324 -0.722559 9.78086 3.79152 -0.026868
12007.1 3015.92 3.79724 0.282324 -0.717773 9.77607 3.7931 -0.029954
12007.1 3015.92 3.79594 0.282324 -0.717773 9.77607 3.79177 -0.0329054
12007.1 3015.92 3.79524 0.282324 -0.717773 9.78086 3.79061 -0.0287836
12007.1 3015.92 3.79654 0.277539 -0.717773 9.78086 3.79213 -0.025727
12007.1 3015.92 3.79834 0.282324 -0.717773 9.78086 3.79428 -0.024441
12007.1 3015.92 3.79224 0.282324 -0.722559 9.78086 3.78939 -0.0292549
12007.1 3015.92 3.78954 0.277539 -0.717773 9.78086 3.7858 -0.0295921
12007.1 3015.92 3.79114 0.277539 -0.717773 9.78086 3.7867 -0.0263944
12007.1 3015.92 3.79184 0.282324 -0.722559 9.78086 3.78783 -0.0253671
12007.1 3015.92 3.79254 0.277539 -0.712988 9.77607 3.78872 -0.0300579
12007.1 3015.92 3.79044 0.282324 -0.727344 9.78086 3.7864 -0.0288734
12007.1 3015.92 3.79324 0.282324 -0.722559 9.78564 3.7887 -0.0203893
12007.1 3015.92 3.79264 0.277539 -0.717773 9.78086 3.78955 -0.0239697
12007.1 3015.92 3.79074 0.282324 -0.717773 9.77607 3.78754 -0.031803
12007.1 3015.92 3.79364 0.282324 -0.717773 9.78086 3.78882 -0.0267051
12007.1 3015.92 3.79494 0.282324 -0.717773 9.78086 3.79077 -0.024854
12007.1 3015.92 3.79344 0.282324 -0.717773 9.77607 3.78994 -0.0311753
12007.1 3015.92 3.79044 0.282324 -0.717773 9.77607 3.78641 -0.0348443
12007.1 3015.92 3.79204 0.282324 -0.717773 9.78086 3.78689 -0.0281035
12007.1 3015.92 3.79314 0.282324 -0.722559 9.78086 3.78877 -0.0252767
12007.1 3015.92 3.79244 0.282324 -0.717773 9.78086 3.78876 -0.025906
12007.1 3015.92 3.79264 0.282324 -0.722559 9.77607 3.78885 -0.0307836
12007.1 3015.92 3.79144 0.282324 -0.722559 9.78086 3.7872 -0.0285829
12007.1 3015.92 3.79204 0.277539 -0.717773 9.77607 3.78779 -0.0311323
12007.1 3015.92 3.79414 0.277539 -0.722559 9.78086 3.78937 -0.0263026
12007.1 3015.92 3.79914 0.277539 -0.717773 9.78086 3.79455 -0.022377
12007.1 3015.92 3.79784 0.277539 -0.717773 9.78564 3.79458 -0.0203202
12007.1 3015.92 3.79544 0.282324 -0.722559 9.78086 3.79275 -0.0259136
12007.1 3015.92 3.79614 0.277539 -0.717773 9.78086 3.79241 -0.0263123
12007.1 3015.92 3.79354 0.277539 -0.717773 9.77607 3.79005 -0.0326908
12007.1 3015.92 3.79594 0.282324 -0.717773 9.78086 3.79103 -0.0271599
12007.1 3015.92 3.79514 0.287109 -0.717773 9.78086 3.79116 -0.0263054
12007.1 3015.92 3.79384 0.282324 -0.717773 9.78086 3.79016 -0.0269121
12007.1 3015.92 3.79584 0.277539 -0.717773 9.78086 3.7917 -0.0252065
12007.1 3015.92 3.79464 0.282324 -0.722559 9.78086 3.79106 -0.0263438
12007.1 3015.92 3.79584 0.282324 -0.717773 9.77607 3.79188 -0.030366
12007.1 3015.92 3.79344 0.282324 -0.717773 9.78086 3.78938 -0.0290915
12007.1 3015.92 3.79384 0.287109 -0.717773 9.77607 3.78957 -0.0315612
12007.1 3015.92 3.79764 0.282324 -0.717773 9.78086 3.7926 -0.02536
12007.1 3015.92 3.79674 0.287109 -0.717773 9.78086 3.79299 -0.0256347
12007.1 3015.92 3.79354 0.282324 -0.717773 9.78086 3.79021 -0.0280289
12007.1 3015.92 3.79204 0.277539 -0.717773 9.77607 3.78824 -0.0328607
12007.1 3015.92 3.79444 0.282324 -0.717773 9.78086 3.78947 -0.027024
12007.1 3015.92 3.79634 0.287109 -0.717773 9.78086 3.79203 -0.0244909
12007.1 3015.92 3.79534 0.287109 -0.717773 9.78086 3.79181 -0.0258523
12007.1 3015.92 3.79164 0.282324 -0.717773 9.78086 3.78838 -0.0285661
12007.1 3015.92 3.79334 0.282324 -0.717773 9.77607 3.78908 -0.0310482
12007.1 3015.92 3.79094 0.277539 -0.712988 9.78086 3.78676 -0.0291413
12007.1 3015.92 3.79484 0.282324 -0.722559 9.78086 3.79011 -0.0244757
12007.1 3015.92 3.79184 0.282324 -0.717773 9.78086 3.78851 -0.0268543
12007.1 3015.92 3.79004 0.282324 -0.717773 9.78086 3.78643 -0.027841
12007.1 3015.92 3.78664 0.282324 -0.717773 9.77607 3.78307 -0.0338287
12007.1 3015.92 3.78624 0.277539 -0.722559 9.77129 3.78153 -0.0388818
12007.1 3015.92 3.78514 0.282324 -0.717773 9.78086 3.77974 -0.0308528
12007.1 3015.92 3.78564 0.282324 -0.717773 9.78086 3.78097 -0.0264874
12007.1 3015.92 3.77934 0.287109 -0.712988 9.77129 3.77618 -0.0392986
12007.1 3015.92 3.78174 0.282324 -0.717773 9.77607 3.77604 -0.0345368
12007.1 3015.92 3.78074 0.282324 -0.722559 9.78564 3.77575 -0.0237973
12007.1 3015.92 3.77974 0.287109 -0.717773 9.78086 3.77621 -0.0251673
12007.1 3015.92 3.78004 0.282324 -0.717773 9.78086 3.77635 -0.0257614
12007.1 3015.92 3.78024 0.282324 -0.717773 9.78086 3.77647 -0.0259413
12007.1 3015.92 3.77934 0.282324 -0.717773 9.77607 3.77568 -0.0314423
12007.1 3015.92 3.78114 0.282324 -0.722559 9.77607 3.77645 -0.031767
12007.1 3015.92 3.77944 0.287109 -0.717773 9.77607 3.77502 -0.0334634
12007.1 3015.92 3.78054 0.277539 -0.722559 9.78086 3.77558 -0.0276743
12007.1 3015.92 3.78434 0.287109 -0.717773 9.78086 3.77971 -0.0235162
12007.1 3015.92 3.78024 0.282324 -0.722559 9.77129 3.77718 -0.0368476
12007.1 3015.92 3.78514 0.277539 -0.717773 9.78086 3.77944 -0.0273351
12007.1 3015.92 3.78174 0.282324 -0.717773 9.78086 3.77797 -0.0275252
12007.1 3015.92 3.78164 0.291895 -0.717773 9.78086 3.77767 -0.0267175
12007.1 3015.92 3.78234 0.277539 -0.717773 9.77607 3.77835 -0.0305725
12007.1 3015.92 3.78244 0.282324 -0.717773 9.78564 3.77803 -0.0227612
12007.1 3015.92 3.78554 0.277539 -0.717773 9.77607 3.78169 -0.0273289
12007.1 3015.92 3.78214 0.282324 -0.717773 9.78086 3.77861 -0.0287055
12007.1 3015.92 3.78374 0.282324 -0.717773 9.77607 3.77944 -0.0309919
12007.1 3015.92 3.77984 0.282324 -0.722559 9.77607 3.77585 -0.0348415
12007.1 3015.92 3.78254 0.282324 -0.722559 9.78086 3.77726 -0.0274216
12007.1 3015.92 3.78244 0.287109 -0.722559 9.78086 3.77829 -0.0257119
12007.1 3015.92 3.78204 0.287109 -0.717773 9.77607 3.77829 -0.0307996
12007.1 3015.92 3.77964 0.277539 -0.717773 9.78086 3.77555 -0.0293832
12007.1 3015.92 3.78074 0.282324 -0.717773 9.78086 3.77634 -0.0264154
12007.1 3015.92 3.78014 0.282324 -0.722559 9.78086 3.7763 -0.0262354
12007.1 3015.92 3.78064 0.282324 -0.717773 9.78086 3.77675 -0.0258216
12007.1 3015.92 3.78124 0.282324 -0.717773 9.78086 3.77738 -0.0255791
12007.1 3015.92 3.78224 0.277539 -0.717773 9.78564 3.77837 -0.0204719
12007.1 3015.92 3.78544 0.282324 -0.722559 9.78086 3.78194 -0.0219993
12007.1 3015.92 3.78764 0.277539 -0.717773 9.77607 3.78412 -0.0282092
12007.1 3015.92 3.78724 0.287109 -0.722559 9.78564 3.78326 -0.0225278
12007.1 3015.92 3.78604 0.287109 -0.717773 9.78086 3.78282 -0.0254812
12007.1 3015.92 3.78814 0.277539 -0.722559 9.77607 3.78422 -0.0297103
12007.1 3015.92 3.78334 0.282324 -0.717773 9.77607 3.77967 -0.0352016
12007.1 3015.92 3.78754 0.282324 -0.717773 9.78564 3.78206 -0.0220161
12007.1 3015.92 3.78684 0.282324 -0.717773 9.77607 3.78343 -0.0288067
12007.1 3015.92 3.78664 0.282324 -0.722559 9.78086 3.78257 -0.0274748
12007.1 3015.92 3.78654 0.282324 -0.717773 9.78086 3.78254 -0.0265055
12007.1 3015.92 3.78194 0.277539 -0.717773 9.78086 3.77865 -0.0290801
12007.1 3015.92 3.78354 0.287109 -0.717773 9.78086 3.77922 -0.0264946
12007.1 3015.92 3.78024 0.282324 -0.722559 9.78564 3.77674 -0.0232536
12007.1 3015.92 3.78234 0.287109 -0.717773 9.78086 3.77867 -0.023943
12007.1 3015.92 3.78064 0.282324 -0.722559 9.77607 3.77735 -0.0312974
12007.1 3015.92 3.77954 0.282324 -0.717773 9.78086 3.77528 -0.0290202
12007.1 3015.92 3.78124 0.282324 -0.717773 9.78086 3.77679 -0.0257913
12007.1 3015.92 3.77994 0.282324 -0.717773 9.77607 3.77626 -0.0312095
12007.1 3015.92 3.78364 0.277539 -0.717773 9.77607 3.77873 -0.0304575
12007.1 3015.92 3.77924 0.282324 -0.717773 9.78086 3.7753 -0.0297962
12007.1 3015.92 3.78774 0.282324 -0.717773 9.78086 3.78237 -0.021929
12007.1 3015.92 3.78584 0.282324 -0.717773 9.78086 3.78261 -0.0248258
12007.1 3015.92 3.78924 0.282324 -0.722559 9.77607 3.78524 -0.0286352
12007.1 3015.92 3.78954 0.282324 -0.717773 9.78086 3.78535 -0.0267142
12007.1 3015.92 3.78794 0.282324 -0.717773 9.78086 3.78421 -0.0271154
12007.1 3015.92 3.78764 0.282324 -0.717773 9.78086 3.78376 -0.0267247
12007.1 3015.92 3.78884 0.287109 -0.717773 9.78086 3.7848 -0.0255231
12007.1 3015.92 3.78554 0.287109 -0.722559 9.77607 3.7822 -0.0326512
12007.1 3015.92 3.78884 0.282324 -0.712988 9.78086 3.78384 -0.0266648
12007.1 3015.92 3.78584 0.282324 -0.717773 9.78086 3.7822 -0.0274764
12007.1 3015.92 3.78464 0.282324 -0.722559 9.78086 3.78084 -0.0274819
12007.1 3015.92 3.78474 0.287109 -0.722559 9.78086 3.78075 -0.0265507
12007.1 3015.92 3.78364 0.282324 -0.717773 9.78086 3.7799 -0.0268627
12007.1 3015.92 3.78524 0.282324 -0.722559 9.78086 3.78114 -0.0254075
12007.1 3015.92 3.78194 0.287109 -0.722559 9.78086 3.77861 -0.0277907
12007.1 3015.92 3.78294 0.277539 -0.722559 9.78086 3.77886 -0.0263889
12007.1 3015.92 3.78274 0.282324 -0.717773 9.78086 3.77889 -0.0261689
12007.1 3015.92 3.78534 0.282324 -0.717773 9.78086 3.78119 -0.0244499
12007.1 3015.92 3.78414 0.282324 -0.717773 9.77607 3.78066 -0.0308548
12007.1 3015.92 3.78334 0.282324 -0.717773 9.78086 3.77908 -0.0285471
12007.1 3015.92 3.77664 0.282324 -0.717773 9.78086 3.77332 -0.0309892
12007.1 3015.92 3.77674 0.287109 -0.722559 9.78086 3.77236 -0.0281253
12007.1 3015.92 3.77714 0.282324 -0.712988 9.78086 3.77296 -0.0262256
12007.1 3015.92 3.78014 0.282324 -0.712988 9.78086 3.77589 -0.024001
12007.1 3015.92 3.77614 0.287109 -0.722559 9.78086 3.77306 -0.0276336
12007.1 3015.92 3.78154 0.282324 -0.717773 9.78086 3.77695 -0.0236769
12007.1 3015.92 3.77854 0.277539 -0.717773 9.78086 3.77533 -0.0266572
12007.1 3015.92 3.77894 0.282324 -0.722559 9.78564 3.77509 -0.0216551
12007.1 3015.92 3.78094 0.287109 -0.722559 9.77607 3.77744 -0.027991
12007.1 3015.92 3.77754 0.282324 -0.717773 9.78564 3.77397 -0.0243844
12007.1 3015.92 3.77644 0.282324 -0.717773 9.78564 3.77302 -0.0215649
12007.1 3015.92 3.77574 0.287109 -0.712988 9.77607 3.77265 -0.0299637
12007.1 3015.92 3.77634 0.287109 -0.717773 9.78564 3.77206 -0.0227991
12007.1 3015.92 3.77384 0.282324 -0.717773 9.78086 3.77071 -0.0262217
12007.1 3015.92 3.77414 0.282324 -0.717773 9.78564 3.77037 -0.0216176
12007.1 3015.92 3.77824 0.287109 -0.717773 9.77607 3.77449 -0.0266855
12007.1 3015.92 3.77324 0.287109 -0.722559 9.78564 3.77001 -0.0247752
12007.1 3015.92 3.77394 0.282324 -0.722559 9.77607 3.77029 -0.0303411
12007.1 3015.92 3.77454 0.287109 -0.717773 9.78086 3.77014 -0.0273601
12007.1 3015.92 3.77514 0.282324 -0.717773 9.78086 3.77103 -0.0258065
12007.1 3015.92 3.77604 0.287109 -0.717773 9.78086 3.77212 -0.0252373
12007.1 3015.92 3.77544 0.282324 -0.717773 9.78086 3.77181 -0.0261163
12007.1 3015.92 3.77494 0.287109 -0.717773 9.78086 3.77122 -0.0265525
12007.1 3015.92 3.77764 0.282324 -0.722559 9.78564 3.77345 -0.0198226
12007.1 3015.92 3.77554 0.287109 -0.717773 9.78086 3.77275 -0.0249476
12007.1 3015.92 3.77434 0.282324 -0.717773 9.78086 3.77097 -0.0271198
12007.1 3015.92 3.77314 0.282324 -0.717773 9.78564 3.76941 -0.0227417
12007.1 3015.92 3.77274 0.287109 -0.717773 9.78086 3.76942 -0.0252126
12007.1 3015.92 3.77564 0.277539 -0.717773 9.78564 3.77164 -0.0194698
12007.1 3015.92 3.77544 0.277539 -0.717773 9.78564 3.77248 -0.018946
12007.1 3015.92 3.77774 0.282324 -0.717773 9.78086 3.77466 -0.0226087
12007.1 3015.92 3.78134 0.282324 -0.717773 9.78086 3.77762 -0.0230204
12007.1 3015.92 3.77884 0.282324 -0.717773 9.78086 3.77576 -0.0266564
12007.1 3015.92 3.77974 0.287109 -0.722559 9.77607 3.77584 -0.0309881
12007.1 3015.92 3.78014 0.282324 -0.717773 9.77607 3.77565 -0.0323498
12007.1 3015.92 3.77944 0.282324 -0.722559 9.78086 3.77484 -0.0283807
12007.1 3015.92 3.77954 0.287109 -0.722559 9.78086 3.77533 -0.0263691
12007.1 3015.92 3.77934 0.282324 -0.722559 9.78564 3.77548 -0.0212992
12007.1 3015.92 3.77844 0.287109 -0.717773 9.78086 3.77535 -0.0249239
12007.1 3015.92 3.78084 0.287109 -0.717773 9.78086 3.77697 -0.0246181
12007.1 3015.92 3.77814 0.277539 -0.717773 9.78564 3.77486 -0.0224833
12007.1 3015.92 3.77514 0.287109 -0.717773 9.78086 3.77225 -0.0270671
12007.1 3015.92 3.77844 0.282324 -0.717773 9.77607 3.77421 -0.0297225
12007.1 3015.92 3.77754 0.282324 -0.722559 9.78086 3.77334 -0.0277261
12007.1 3015.92 3.77494 0.282324 -0.722559 9.77607 3.77121 -0.0328961
12007.1 3015.92 3.77694 0.291895 -0.722559 9.78086 3.77203 -0.0273358
12007.1 3015.92 3.77634 0.287109 -0.717773 9.78086 3.77232 -0.0262371
12007.1 3015.92 3.77644 0.287109 -0.717773 9.78086 3.77258 -0.0259619
12007.1 3015.92 3.77554 0.282324 -0.717773 9.78564 3.77186 -0.0218205
12007.1 3015.92 3.77744 0.287109 -0.712988 9.78564 3.77396 -0.0186542
12007.1 3015.92 3.77714 0.287109 -0.712988 9.78564 3.77436 -0.0190446
12007.1 3015.92 3.77604 0.287109 -0.717773 9.78564 3.7734 -0.0201487
12007.1 3015.92 3.77704 0.282324 -0.722559 9.78086 3.77401 -0.0240794
12007.1 3015.92 3.77994 0.287109 -0.717773 9.77607 3.77612 -0.0288182
12007.1 3015.92 3.77664 0.277539 -0.717773 9.77607 3.77291 -0.033985
12007.1 3015.92 3.77544 0.287109 -0.717773 9.78086 3.77079 -0.0297745
12007.1 3015.92 3.77674 0.282324 -0.717773 9.78086 3.7722 -0.0260733
12007.1 3015.92 3.77594 0.287109 -0.717773 9.77607 3.77215 -0.0309313
12007.1 3015.92 3.77464 0.287109 -0.712988 9.78086 3.77039 -0.0286982
12007.1 3015.92 3.77424 0.282324 -0.717773 9.78086 3.7701 -0.0270242
12007.1 3015.92 3.76964 0.287109 -0.717773 9.78086 3.76626 -0.0291766
12007.1 3015.92 3.76724 0.282324 -0.717773 9.78564 3.7634 -0.0242486
12007.1 3015.92 3.76734 0.282324 -0.717773 9.78564 3.76376 -0.0205807
12007.1 3015.92 3.76774 0.282324 -0.717773 9.77607 3.76462 -0.0287971
12007.1 3015.92 3.76704 0.287109 -0.722559 9.78086 3.76307 -0.0279719
12007.1 3015.92 3.76994 0.287109 -0.717773 9.78086 3.76551 -0.0248311
12007.1 3015.92 3.76844 0.291895 -0.712988 9.78086 3.76491 -0.0262175
12007.1 3015.92 3.77074 0.282324 -0.717773 9.78564 3.76666 -0.0200787
12007.1 3015.92 3.77024 0.282324 -0.717773 9.78086 3.76723 -0.0240917
12007.1 3015.92 3.77094 0.282324 -0.717773 9.78086 3.7674 -0.0254548
12007.1 3015.92 3.77694 0.287109 -0.722559 9.78086 3.77249 -0.0222205
12007.1 3015.92 3.77634 0.277539 -0.717773 9.78086 3.77302 -0.0246885
12007.1 3015.92 3.77794 0.282324 -0.712988 9.78086 3.77417 -0.0248976
12007.1 3015.92 3.77594 0.282324 -0.717773 9.78086 3.77255 -0.0269874
12007.1 3015.92 3.77434 0.282324 -0.722559 9.77607 3.77068 -0.0325104
12007.1 3015.92 3.77974 0.282324 -0.717773 9.78086 3.77445 -0.0250668
12007.1 3015.92 3.77464 0.282324 -0.722559 9.78086 3.77143 -0.0280576
12007.1 3015.92 3.77774 0.282324 -0.717773 9.77129 3.77337 -0.0347898
12007.1 3015.92 3.77974 0.282324 -0.717773 9.77607 3.7745 -0.0323941
12007.1 3015.92 3.77734 0.287109 -0.717773 9.78086 3.77286 -0.0290062
12007.1 3015.92 3.77704 0.282324 -0.712988 9.78086 3.77282 -0.0269239
12007.1 3015.92 3.77364 0.282324 -0.717773 9.78086 3.77011 -0.0283224
12007.1 3015.92 3.77524 0.282324 -0.712988 9.77607 3.77098 -0.0308563
12007.1 3015.92 3.77484 0.282324 -0.717773 9.78086 3.77042 -0.0277998
12007.1 3015.92 3.77404 0.282324 -0.717773 9.77607 3.77004 -0.0316362
12007.1 3015.92 3.77374 0.282324 -0.717773 9.78086 3.76925 -0.0281824
12007.1 3015.92 3.77234 0.287109 -0.712988 9.78086 3.76836 -0.0273223
12007.1 3015.92 3.77424 0.287109 -0.717773 9.78086 3.77002 -0.025232
12007.1 3015.92 3.77624 0.282324 -0.712988 9.78086 3.77224 -0.0242573
12007.1 3015.92 3.77324 0.282324 -0.717773 9.78086 3.77003 -0.0272462
12007.1 3015.92 3.77584 0.287109 -0.717773 9.78086 3.77163 -0.0252466
12007.1 3015.92 3.77814 0.287109 -0.722559 9.77607 3.7741 -0.0288679
12007.1 3015.92 3.77914 0.282324 -0.722559 9.78564 3.77483 -0.0215402
12007.1 3015.92 3.77574 0.287109 -0.717773 9.78086 3.77288 -0.0263222
12007.1 3015.92 3.77884 0.282324 -0.717773 9.77607 3.77473 -0.0296074
12007.1 3015.92 3.77854 0.282324 -0.717773 9.78564 3.77429 -0.022596
12007.1 3015.92 3.77714 0.291895 -0.684277 9.87178 3.7739 0.065454
12007.1 3015.92 3.77734 0.287109 -0.717773 9.78564 3.78523 0.0114427
12007.1 3015.92 3.77924 0.287109 -0.717773 9.78086 3.78146 -0.0188458
12007.1 3015.92 3.77684 0.282324 -0.717773 9.78564 3.77503 -0.0241041
12007.1 3015.92 3.77144 0.291895 -0.717773 9.78086 3.76883 -0.0301266
12007.1 3015.92 3.77244 0.287109 -0.717773 9.78086 3.76815 -0.0276948
12007.1 3015.92 3.77164 0.287109 -0.722559 9.78086 3.76767 -0.0268926
12007.1 3015.92 3.77264 0.282324 -0.717773 9.78086 3.76859 -0.0256595
12007.1 3015.92 3.77264 0.287109 -0.717773 9.77607 3.76886 -0.030585
12007.1 3015.92 3.77384 0.287109 -0.722559 9.78086 3.76932 -0.0269829
12007.1 3015.92 3.77434 0.282324 -0.712988 9.78086 3.77027 -0.0256555
12007.1 3015.92 3.77564 0.282324 -0.717773 9.78564 3.77169 -0.0201701
12007.1 3015.92 3.77324 0.282324 -0.717773 9.77607 3.77048 -0.0302082
12007.1 3015.92 3.77194 0.287109 -0.712988 9.78086 3.76791 -0.0290966
12007.1 3015.92 3.77254 0.282324 -0.717773 9.78564 3.76825 -0.0218866
12007.1 3015.92 3.77354 0.291895 -0.712988 9.78086 3.77008 -0.0236481
12007.1 3015.92 3.77454 0.282324 -0.717773 9.77607 3.77096 -0.0296017
12007.1 3015.92 3.77354 0.287109 -0.712988 9.78086 3.76945 -0.0281667
12007.1 3015.92 3.77344 0.287109 -0.717773 9.78564 3.76935 -0.0219564
12007.1 3015.92 3.77464 0.287109 -0.722559 9.78086 3.77117 -0.0236733
12007.1 3015.92 3.77304 0.287109 -0.717773 9.77607 3.76979 -0.0312676
12007.1 3015.92 3.77344 0.282324 -0.717773 9.77607 3.769 -0.0328648
12007.1 3015.92 3.77284 0.291895 -0.717773 9.78086 3.76817 -0.028533
12007.1 3015.92 3.77614 0.287109 -0.717773 9.78086 3.7715 -0.0243315
12007.1 3015.92 3.77174 0.287109 -0.712988 9.78086 3.76861 -0.027756
12007.1 3015.92 3.77204 0.282324 -0.717773 9.78086 3.76807 -0.0269568
12007.1 3015.92 3.77234 0.287109 -0.717773 9.78086 3.76837 -0.0261307
12007.1 3015.92 3.76804 0.287109 -0.717773 9.78086 3.76476 -0.0287712
12007.1 3015.92 3.77224 0.287109 -0.722559 9.78086 3.76763 -0.0247287
12007.1 3015.92 3.77264 0.287109 -0.722559 9.78086 3.76886 -0.0248509
12007.1 3015.92 3.77144 0.291895 -0.717773 9.78086 3.76795 -0.0264486
12007.1 3015.92 3.77074 0.282324 -0.717773 9.77607 3.76702 -0.0316771
12007.1 3015.92 3.77124 0.287109 -0.717773 9.77607 3.76667 -0.0326483
12007.1 3015.92 3.77164 0.287109 -0.722559 9.78086 3.76685 -0.0277356
12007.1 3015.92 3.77804 0.287109 -0.717773 9.78086 3.77309 -0.0219871
12007.1 3015.92 3.77964 0.287109 -0.717773 9.77607 3.77601 -0.0276637
