12007.2 3015.94 9.87872 -0.14834 -0.105273 9.78086 9.86338 4.91008
12007.2 3015.94 9.88671 -0.14834 -0.110059 9.78086 9.91588 0.0864166
12007.2 3015.94 9.89091 -0.153125 -0.110059 9.78086 9.90231 -0.00649584
12007.2 3015.94 9.89421 -0.143555 -0.110059 9.78086 9.89441 -0.0266626
12007.2 3015.94 9.89151 -0.14834 -0.114844 9.78564 9.88849 -0.0258227
12007.2 3015.94 9.89671 -0.14834 -0.110059 9.78564 9.89238 -0.0184044
12007.2 3015.94 9.89641 -0.14834 -0.110059 9.78086 9.89356 -0.0231982
12007.2 3015.94 9.89151 -0.14834 -0.110059 9.78086 9.88882 -0.0288126
12007.2 3015.94 9.88271 -0.14834 -0.110059 9.78564 9.87982 -0.0286492
12007.2 3015.94 9.88531 -0.14834 -0.114844 9.78564 9.88097 -0.021176
12007.2 3015.94 9.89211 -0.153125 -0.105273 9.77607 9.888 -0.0244351
12007.2 3015.94 9.89531 -0.143555 -0.110059 9.78086 9.89127 -0.023275
12007.2 3015.94 9.89221 -0.153125 -0.110059 9.78086 9.88913 -0.026932
12007.2 3015.94 9.88431 -0.14834 -0.114844 9.78086 9.8815 -0.0319318
12007.2 3015.94 9.88132 -0.14834 -0.110059 9.78086 9.87728 -0.0307701
12007.2 3015.94 9.87292 -0.143555 -0.110059 9.77607 9.86956 -0.0378061
12007.2 3015.94 9.87082 -0.14834 -0.105273 9.78564 9.86585 -0.0271801
12007.2 3015.94 9.87212 -0.153125 -0.105273 9.78564 9.86786 -0.0201456
12007.2 3015.94 9.86712 -0.14834 -0.110059 9.78564 9.86465 -0.0220946
12007.2 3015.94 9.86402 -0.153125 -0.105273 9.78564 9.86129 -0.0227255
12007.2 3015.94 9.86772 -0.14834 -0.105273 9.78086 9.86401 -0.0232217
12007.2 3015.94 9.86322 -0.14834 -0.114844 9.78564 9.86036 -0.0232342
12007.2 3015.94 9.86592 -0.14834 -0.110059 9.78086 9.86225 -0.0239674
12007.2 3015.94 9.87352 -0.14834 -0.110059 9.78086 9.86903 -0.0205803
12007.2 3015.94 9.87462 -0.14834 -0.110059 9.78564 9.87129 -0.0182066
12007.2 3015.94 9.87722 -0.153125 -0.105273 9.78564 9.87414 -0.0171282
12007.2 3015.94 9.89282 -0.14834 -0.110059 9.79043 9.88826 -0.00380663
12007.2 3015.94 9.89532 -0.14834 -0.105273 9.78564 9.89393 -0.0112162
12007.2 3015.94 9.89602 -0.143555 -0.105273 9.78564 9.89433 -0.0170673
12007.2 3015.94 9.89982 -0.14834 -0.110059 9.79043 9.89695 -0.0122132
12007.2 3015.94 9.89762 -0.143555 -0.105273 9.78564 9.89598 -0.0183305
12007.2 3015.94 9.89651 -0.14834 -0.110059 9.78564 9.89411 -0.0206206
12007.2 3015.94 9.90051 -0.14834 -0.110059 9.78086 9.89707 -0.0224834
12007.2 3015.94 9.90132 -0.153125 -0.105273 9.78086 9.89791 -0.0245354
12007.2 3015.94 9.89931 -0.153125 -0.105273 9.77607 9.89601 -0.0318771
12007.2 3015.94 9.90092 -0.14834 -0.110059 9.78086 9.89624 -0.0275005
12007.2 3015.94 9.90552 -0.14834 -0.110059 9.78086 9.90084 -0.0231218
12007.2 3015.94 9.90162 -0.14834 -0.105273 9.78086 9.89858 -0.0269777
12007.2 3015.94 9.90272 -0.153125 -0.105273 9.78564 9.89876 -0.0214333
12007.2 3015.94 9.89082 -0.143555 -0.110059 9.78086 9.8891 -0.0319457
12007.2 3015.94 9.88372 -0.14834 -0.110059 9.78564 9.88034 -0.0293156
12007.2 3015.94 9.89622 -0.143555 -0.114844 9.78086 9.89047 -0.0195575
12007.2 3015.94 9.88932 -0.14834 -0.100488 9.78086 9.88697 -0.0269275
12007.2 3015.94 9.88622 -0.14834 -0.110059 9.78086 9.88289 -0.0293339
12007.2 3015.94 9.89182 -0.14834 -0.110059 9.78086 9.88695 -0.0240074
12007.2 3015.94 9.89282 -0.143555 -0.105273 9.78086 9.88901 -0.0240435
12007.2 3015.94 9.89922 -0.14834 -0.105273 9.78086 9.89486 -0.0212862
12007.2 3015.94 9.89542 -0.14834 -0.110059 9.78564 9.89264 -0.0216738
12007.2 3015.94 9.89082 -0.14834 -0.110059 9.78086 9.88829 -0.0281199
12007.2 3015.94 9.90441 -0.14834 -0.105273 9.79043 9.89878 -0.00939972
12007.2 3015.94 9.90561 -0.143555 -0.110059 9.79043 9.90355 -0.00859232
12007.2 3015.94 9.90421 -0.13877 -0.110059 9.77607 9.90303 -0.0265989
12007.2 3015.94 9.90341 -0.14834 -0.110059 9.77607 9.89998 -0.0332745
12007.2 3015.94 9.90101 -0.143555 -0.110059 9.78086 9.89665 -0.0304774
12007.2 3015.94 9.90681 -0.13877 -0.114844 9.79521 9.90164 -0.00927413
12007.2 3015.94 9.90301 -0.153125 -0.110059 9.77607 9.90166 -0.0263924
12007.2 3015.94 9.90631 -0.129199 -0.119629 9.79521 9.90236 -0.0113244
12007.2 3015.94 9.90471 -0.181836 -0.105273 9.7665 9.90297 -0.0360757
12007.2 3015.94 9.90311 -0.162695 -0.100488 9.77607 9.8985 -0.0368445
12007.2 3015.94 9.89841 -0.14834 -0.105273 9.78564 9.89374 -0.0276973
12007.2 3015.94 9.90051 -0.129199 -0.114844 9.80957 9.89612 0.0039161
12007.2 3015.94 9.90321 -0.172266 -0.0765625 9.85742 9.90281 0.0633656
12007.2 3015.94 9.90151 -0.177051 -0.100488 9.77129 9.90974 -0.00669337
12007.2 3015.94 9.90171 -0.100488 -0.129199 9.8 9.90188 -0.00754619
12007.2 3015.94 9.90711 -0.258398 -0.119629 9.80479 9.90548 0.00540798
12007.2 3015.94 9.90591 0.205762 -0.344531 10.3503 9.90655 0.552516
12007.2 3015.94 9.90651 -0.229688 -0.947461 9.93398 9.97682 0.333175
12007.2 3015.94 9.9227 0.349316 -0.732129 9.7665 9.97198 0.0520272
12007.2 3015.94 9.94671 -0.177051 -0.966602 9.46025 9.95655 -0.337149
12007.2 3015.94 9.96351 0.14834 -0.411523 7.35957 9.91972 -2.55754
12007.2 3015.94 9.95091 0.143555 0.660352 7.23994 9.62151 -3.46225
12007.2 3015.94 9.92341 0.870898 -1.73701 11.4126 9.44444 0.557313
12007.2 3015.94 9.90441 0.358887 -0.842188 10.0584 9.9168 0.753467
12007.2 3015.94 9.90821 -0.0143555 -0.0191406 9.79521 10.0052 0.261392
12007.2 3015.94 9.90791 0.153125 0.172266 9.75693 9.95355 -0.0110175
12007.2 3015.94 9.90871 -0.119629 -0.0813477 9.77129 9.91302 -0.0613544
12007.2 3015.94 9.91081 0.100488 -0.937891 12.6041 9.90329 2.78057
12007.2 3015.94 9.92391 -0.531152 -0.44502 10.9963 10.2751 2.21203
12007.2 3015.94 9.96132 -0.129199 -0.363672 8.45537 10.2827 -0.747717
12007.2 3015.94 9.96772 0.330176 -1.04795 7.86201 9.91266 -2.40901
12007.2 3015.94 9.95542 -0.430664 -0.224902 8.58457 9.64344 -2.05667
12007.2 3015.94 9.93712 -0.0957031 0.244043 8.78076 9.63804 -1.57299
12007.2 3015.94 9.91432 1.16279 -1.02881 10.0871 9.67901 -0.103381
12007.2 3015.94 9.90032 0 -0.00957031 9.81914 9.859 0.123383
12007.2 3015.94 9.90052 -0.0526367 -0.143555 9.79043 9.91094 0.061463
12007.2 3015.94 9.90312 -0.0382813 -0.162695 9.90527 9.91194 0.122437
12007.2 3015.94 9.90642 0.392383 -0.732129 11.9485 9.9227 2.18915
12007.2 3015.94 9.92662 -0.00478516 -0.301465 9.13965 10.2047 0.131465
12007.2 3015.94 9.95692 -0.995313 -0.162695 10.8671 10.0052 0.956062
12007.2 3015.94 9.96132 0.31582 -0.430664 8.31182 10.0886 -1.17151
12007.2 3015.94 9.94922 -0.449805 -0.0382813 8.4458 9.81788 -1.86569
12007.2 3015.94 9.93392 0.234473 -0.607715 9.13965 9.68175 -1.25884
12007.2 3015.94 9.91882 0.291895 -0.44502 10.0823 9.72847 -0.019968
12007.2 3015.94 9.90301 0.0143555 0.191406 9.80957 9.87826 0.113982
12007.2 3015.94 9.89931 0.0239258 0.090918 9.90049 9.91114 0.155047
12007.2 3015.94 9.89412 -0.0813477 -0.129199 9.77607 9.91601 0.0210912
12007.2 3015.94 9.89662 -0.062207 -0.143555 9.84785 9.90177 0.0430547
12007.2 3015.94 9.89851 -0.521582 0.0861328 10.8479 9.90441 1.06139
12007.2 3015.94 9.91962 -0.736914 -0.325391 9.64688 10.0527 0.239292
12007.2 3015.94 9.94832 -0.248828 -0.555078 8.4123 9.99205 -1.36819
12007.2 3015.94 9.95572 -0.483301 -0.521582 9.06309 9.78624 -1.25346
12007.2 3015.94 9.95062 -0.598145 -0.0861328 8.78555 9.7702 -1.36129
12007.2 3015.94 9.94042 -0.497656 -0.358887 9.65645 9.74554 -0.525534
12007.2 3015.94 9.92362 -0.583789 -0.258398 9.96748 9.83408 0.0918662
12007.2 3015.94 9.90701 -0.430664 -0.16748 9.90527 9.90942 0.185031
12007.2 3015.94 9.89542 0.0334961 -0.330176 9.70908 9.92074 -0.0331616
12007.2 3015.94 9.89722 -1.36855 0.923535 10.714 9.89599 0.886964
12007.2 3015.94 9.89942 -0.0813477 -0.0382813 9.78086 10.0118 0.30285
12007.2 3015.94 9.89822 -0.105273 -0.277539 11.0585 9.95121 1.29503
12007.2 3015.94 9.90962 -0.153125 -0.689063 11.1638 10.0797 1.8041
12007.2 3015.94 9.93202 -0.478516 -0.550293 9.75693 10.1804 0.512982
12007.2 3015.94 9.94932 -0.808691 -0.784766 9.64688 10.044 -0.115914
12007.2 3015.94 9.95582 -0.248828 -0.937891 8.87646 9.95229 -1.02171
12007.2 3015.94 9.95512 -0.540723 -0.440234 8.77598 9.82475 -1.3906
12007.2 3015.94 9.94702 -0.47373 -0.507227 9.21621 9.75451 -1.00699
12007.2 3015.94 9.92172 0.062207 -0.6125 9.63252 9.77231 -0.42364
12007.2 3015.94 9.90072 -0.220117 -0.30625 10.312 9.83047 0.441379
12007.2 3015.94 9.89902 0.133984 -0.593359 10.2211 9.94646 0.624071
12007.2 3015.94 9.89472 -0.181836 -0.0287109 9.85742 9.98072 0.249348
12007.2 3015.94 9.89482 0.0143555 -0.110059 9.80479 9.93748 0.039765
12007.2 3015.94 9.90162 -0.358887 -0.550293 11.6949 9.91124 1.88633
12007.2 3015.94 9.91542 -0.913965 0.0765625 9.5416 10.1549 0.424399
12007.2 3015.94 9.93672 -0.110059 -0.91875 9.67559 10.0185 -0.110919
12007.2 3015.94 9.94972 -0.0382813 -0.425879 8.37402 9.94436 -1.50994
12007.2 3015.94 9.95172 -0.358887 -0.990527 8.3501 9.75865 -1.98961
12007.2 3015.94 9.95532 -0.502441 -0.775195 9.1875 9.67712 -1.20411
12007.2 3015.94 9.93942 -0.818262 -0.62207 9.49375 9.75282 -0.572676
12007.2 3015.94 9.92572 -0.334961 -0.291895 9.35977 9.83085 -0.536162
12007.2 3015.94 9.90442 -0.143555 -0.555078 10.3981 9.82683 0.451873
12007.2 3015.94 9.90252 0.181836 -0.689063 9.90527 9.95039 0.316597
12007.2 3015.94 9.90732 0.090918 0.090918 9.67559 9.95309 -0.0378017
12007.2 3015.94 9.90432 0.0430664 -0.191406 9.81436 9.90572 -0.0304565
12007.2 3015.94 9.91032 -0.550293 -0.210547 11.3073 9.90586 1.49929
12007.2 3015.94 9.92732 -0.703418 -0.334961 10.6805 10.1154 1.43477
12007.2 3015.94 9.96272 -0.14834 -0.827832 8.97217 10.1647 -0.408127
12007.2 3015.94 9.97982 0.263184 -1.28242 8.55586 9.95142 -1.50952
12007.2 3015.94 9.97892 -0.641211 -0.674707 8.68027 9.78334 -1.6464
12007.2 3015.94 9.96812 -0.248828 -1.02881 9.30713 9.73511 -0.968337
12007.2 3015.94 9.95272 -0.263184 -0.540723 9.23535 9.80181 -0.774639
12007.2 3015.94 9.92632 -0.129199 -0.559863 9.51768 9.81191 -0.48201
12007.2 3015.94 9.90402 -0.0478516 0.191406 9.88613 9.83097 -0.0287568
12007.2 3015.94 9.89643 0.0382813 -0.0717773 9.7665 9.88444 -0.00200684
12007.2 3015.94 9.90102 -0.0957031 -0.0957031 9.80957 9.89866 0.0194528
12007.2 3015.94 9.89762 -0.516797 -0.272754 10.9724 9.90023 1.17872
12007.2 3015.94 9.90322 -0.248828 -0.16748 10.5321 10.0528 1.15904
12007.2 3015.94 9.92652 -0.220117 -0.430664 10.2163 10.0901 0.75344
12007.2 3015.94 9.95402 0.00478516 -0.626855 9.17314 10.0672 -0.442198
12007.2 3015.94 9.96572 -1.39727 -0.526367 10.2594 9.92237 0.235043
12007.2 3015.94 9.96852 -0.669922 -0.894824 8.48887 9.99256 -1.19687
12007.2 3015.94 9.96442 -0.200977 -1.41162 8.6085 9.8157 -1.64103
12007.2 3015.94 9.96312 -0.526367 -1.17236 9.71865 9.73555 -0.578769
12007.2 3015.94 9.94112 -0.378027 -0.866113 9.68516 9.84132 -0.192071
12007.2 3015.94 9.91862 -0.736914 0.397168 10.1732 9.88434 0.353423
12007.2 3015.94 9.88722 -2.78496 -0.870898 18.5664 9.93183 8.89568
12007.2 3015.94 9.89462 -0.00957031 -0.0861328 9.78564 11.0313 3.16924
12007.2 3015.94 9.89372 -0.100488 -0.0717773 9.79521 10.4417 0.410491
12007.2 3015.94 9.89702 -0.129199 -0.229688 10.714 10.0186 0.713649
12007.2 3015.94 9.90942 -0.641211 -0.0861328 11.3839 10.0141 1.7714
12007.2 3015.94 9.93292 -0.507227 -0.492871 9.56553 10.1687 0.352295
12007.2 3015.94 9.95952 -0.0430664 -1.21064 9.18271 10.031 -0.623994
12007.2 3015.94 9.96712 -0.995313 -0.837402 8.65156 9.89585 -1.41424
12007.2 3015.94 9.96822 -1.11494 -0.890039 8.46494 9.77906 -1.79869
12007.2 3015.94 9.96682 -0.488086 -1.33027 8.65635 9.71406 -1.67211
12007.2 3015.94 9.95172 -0.0287109 -1.22021 9.62295 9.70871 -0.627967
12007.2 3015.94 9.93492 -1.4499 0.368457 9.65645 9.82623 -0.225322
12007.2 3015.94 9.92092 -0.47373 0.114844 9.39326 9.8802 -0.42743
12007.2 3015.94 9.90132 -0.0861328 0.0334961 9.72344 9.84425 -0.21717
12007.2 3015.94 9.89542 -3.51709 0.334961 14.0731 9.86127 4.22757
12007.2 3015.94 9.89552 0.00957031 -0.0526367 9.79043 10.4291 1.5366
12007.2 3015.94 9.89602 -0.143555 -0.0957031 10.2259 10.1594 0.639034
12007.2 3015.94 9.90042 -0.937891 0.186621 10.9819 10.0147 1.24675
12007.2 3015.94 9.92162 -0.31582 -0.368457 10.3312 10.0921 0.921164
12007.2 3015.94 9.94092 -0.665137 -0.598145 9.50811 10.0774 -0.0564375
12007.2 3015.94 9.95162 -0.741699 -0.684277 8.75684 9.96044 -1.14392
12007.2 3015.94 9.95412 -1.11494 -0.301465 8.46973 9.80937 -1.74676
12007.2 3015.94 9.95702 -0.756055 -0.47373 8.60371 9.71597 -1.73168
12007.2 3015.94 9.95102 -0.569434 -0.851758 9.32148 9.70077 -0.952576
12007.2 3015.94 9.94112 -0.698633 0.114844 9.70908 9.78933 -0.280679
12007.2 3015.94 9.91612 -0.598145 0.287109 10.0297 9.86427 0.209565
12007.2 3015.94 9.89832 0.368457 0.502441 8.37402 9.92066 -1.32864
12007.2 3015.94 9.89752 -0.0813477 -0.129199 9.79043 9.7314 -0.503413
12007.2 3015.94 9.89353 -0.0861328 -0.105273 9.80479 9.80884 -0.073055
12007.2 3015.94 9.90042 -0.392383 -0.272754 10.6326 9.87947 0.864841
12007.2 3015.94 9.90872 -0.698633 -0.46416 10.5848 10.015 1.11529
12007.2 3015.94 9.92902 -0.703418 -0.507227 10.2402 10.0819 0.787349
12007.2 3015.94 9.95492 -0.411523 -0.564648 9.0248 10.0713 -0.572497
12007.2 3015.94 9.96302 -0.363672 -0.526367 7.98164 9.90395 -2.09399
12007.2 3015.94 9.96202 -0.641211 -0.363672 8.59893 9.68818 -1.91894
12007.2 3015.94 9.95162 -0.416309 -0.665137 9.30234 9.67392 -1.02109
12007.2 3015.94 9.93862 -0.224902 -0.717773 10.0775 9.77501 0.0786378
12007.2 3015.94 9.91321 -0.382812 -0.550293 10.2354 9.90563 0.552178
12007.2 3015.94 9.90091 -0.0717773 -0.133984 9.97227 9.97178 0.368339
12007.2 3015.94 9.89672 0.392383 -0.803906 9.80957 9.95314 0.0943801
12007.2 3015.94 9.89582 -0.124414 -0.0861328 9.7665 9.91512 -0.0361193
12007.2 3015.94 9.89752 -0.100488 -0.0957031 9.77607 9.89516 -0.0482031
12007.2 3015.94 9.89322 -0.0765625 -0.0717773 9.78564 9.88733 -0.0329784
12007.2 3015.94 9.89402 -0.0669922 -0.0334961 9.88135 9.88897 0.0737323
12007.2 3015.94 9.89342 -0.0191406 -0.0574219 9.77129 9.90223 0.000716506
12007.2 3015.94 9.89522 -0.29668 -0.579004 9.59424 9.8962 -0.209988
12007.2 3015.94 9.89752 -0.110059 -0.0526367 9.78086 9.87063 -0.0940103
12007.2 3015.94 9.89752 -0.105273 -0.0526367 9.78564 9.88214 -0.031058
12007.2 3015.94 9.90732 -0.105273 -0.0574219 9.78086 9.90017 -0.0142353
12007.2 3015.94 9.91492 -0.105273 -0.062207 9.78564 9.91123 -0.0100517
12007.2 3015.94 9.91102 -0.105273 -0.062207 9.78086 9.90977 -0.0228989
12007.2 3015.94 9.89842 -0.105273 -0.062207 9.78086 9.89695 -0.0346531
12007.2 3015.94 9.90253 -0.105273 -0.0669922 9.78086 9.89741 -0.0280726
12007.2 3015.94 9.88293 -0.110059 -0.062207 9.78564 9.8812 -0.033735
12007.2 3015.94 9.87803 -0.105273 -0.062207 9.78086 9.87414 -0.0333286
12007.2 3015.94 9.86354 -0.100488 -0.0669922 9.78086 9.86064 -0.0379408
12007.2 3015.94 9.86703 -0.110059 -0.062207 9.78564 9.86139 -0.0239514
12007.2 3015.94 9.86783 -0.110059 -0.062207 9.78086 9.86396 -0.0236584
12007.2 3015.94 9.86693 -0.110059 -0.062207 9.78086 9.86354 -0.0257738
12007.2 3015.94 9.86273 -0.105273 -0.062207 9.78564 9.85955 -0.0241675
