12007.2 3015.94 9.83433 0.0957031 -0.0813477 9.78564 9.81906 4.89272
12007.2 3015.94 9.83513 0.0957031 -0.0813477 9.79043 9.86424 0.0885518
12007.2 3015.94 9.83883 0.100488 -0.0813477 9.79043 9.85049 0.0035061
12007.2 3015.94 9.83593 0.100488 -0.0813477 9.78564 9.8382 -0.0223795
12007.2 3015.94 9.83833 0.100488 -0.0813477 9.78564 9.83546 -0.0223401
12007.2 3015.94 9.83913 0.0957031 -0.0813477 9.78564 9.83582 -0.020066
12007.2 3015.94 9.83883 0.100488 -0.0813477 9.78564 9.83589 -0.0196666
12007.2 3015.94 9.83963 0.0957031 -0.0813477 9.79043 9.83665 -0.0142714
12007.2 3015.94 9.83773 0.100488 -0.0813477 9.79521 9.83577 -0.00924259
12007.2 3015.94 9.83743 0.100488 -0.0813477 9.78564 9.83604 -0.0166309
12007.2 3015.94 9.84013 0.100488 -0.0813477 9.79043 9.83749 -0.0129536
12007.2 3015.94 9.83993 0.0957031 -0.0813477 9.78564 9.83797 -0.0174683
12007.2 3015.94 9.83673 0.105273 -0.0861328 9.78564 9.83466 -0.0214486
12007.2 3015.94 9.83623 0.100488 -0.0813477 9.79521 9.8333 -0.0115175
12007.2 3015.94 9.83773 0.100488 -0.0813477 9.79521 9.8357 -0.00610644
12007.2 3015.94 9.83783 0.100488 -0.0813477 9.79043 9.83678 -0.0104099
12007.2 3015.94 9.83893 0.100488 -0.0765625 9.79043 9.83733 -0.0119506
12007.2 3015.94 9.84023 0.100488 -0.0813477 9.79043 9.83834 -0.0120262
12007.2 3015.94 9.83653 0.0957031 -0.0765625 9.79043 9.83523 -0.0150642
12007.2 3015.94 9.83383 0.100488 -0.0813477 9.79043 9.83209 -0.0158975
12007.2 3015.94 9.83533 0.100488 -0.0813477 9.79043 9.83289 -0.0132311
12007.2 3015.94 9.83383 0.0957031 -0.0813477 9.79043 9.83202 -0.0137432
12007.2 3015.94 9.84042 0.100488 -0.0813477 9.79043 9.83761 -0.00915339
12007.2 3015.94 9.83903 0.100488 -0.0813477 9.78564 9.83768 -0.0167489
12007.2 3015.94 9.84683 0.100488 -0.0813477 9.78564 9.84353 -0.0145455
12007.2 3015.94 9.84143 0.100488 -0.0813477 9.79043 9.83984 -0.0161616
12007.2 3015.94 9.84253 0.100488 -0.0813477 9.79043 9.84013 -0.0136811
12007.2 3015.94 9.83963 0.105273 -0.0813477 9.79043 9.83795 -0.0148245
12007.2 3015.94 9.84273 0.100488 -0.0765625 9.79043 9.84023 -0.0118607
12007.2 3015.94 9.84153 0.100488 -0.0861328 9.78564 9.83985 -0.0178039
12007.2 3015.94 9.84233 0.0957031 -0.0813477 9.79043 9.83975 -0.014408
12007.2 3015.94 9.84133 0.0957031 -0.0813477 9.79043 9.83929 -0.0137544
12007.2 3015.94 9.84463 0.100488 -0.0813477 9.78086 9.8422 -0.0206878
12007.2 3015.94 9.83833 0.0957031 -0.0813477 9.78564 9.83619 -0.0242906
12007.2 3015.94 9.84013 0.0957031 -0.0813477 9.79043 9.83654 -0.0158091
12007.2 3015.94 9.84183 0.100488 -0.0813477 9.79043 9.83914 -0.011886
12007.2 3015.94 9.83903 0.100488 -0.0861328 9.78564 9.83753 -0.018715
12007.2 3015.94 9.83953 0.0957031 -0.0861328 9.79521 9.83689 -0.010255
12007.2 3015.94 9.83903 0.100488 -0.0861328 9.79043 9.83745 -0.0119021
12007.2 3015.94 9.83843 0.0957031 -0.0861328 9.79043 9.83679 -0.0132372
12007.2 3015.94 9.83943 0.0957031 -0.0813477 9.79043 9.83741 -0.0126555
12007.2 3015.94 9.83793 0.100488 -0.0813477 9.79043 9.83625 -0.013801
12007.2 3015.94 9.83283 0.0957031 -0.0765625 9.78564 9.83151 -0.0215215
12007.2 3015.94 9.83523 0.0957031 -0.0861328 9.78564 9.83201 -0.0197359
12007.2 3015.94 9.83143 0.0957031 -0.0765625 9.79043 9.82899 -0.0170622
12007.2 3015.94 9.83703 0.100488 -0.0813477 9.78564 9.83383 -0.0153679
12007.2 3015.94 9.83423 0.0957031 -0.0430664 9.87178 9.83222 0.0664879
12007.2 3015.94 9.83573 0.0957031 -0.0813477 9.78564 9.84374 0.0118593
12007.2 3015.94 9.83263 0.100488 -0.0765625 9.78564 9.83555 -0.017187
12007.2 3015.94 9.83133 0.100488 -0.0813477 9.78564 9.82968 -0.0232535
12007.2 3015.94 9.83473 0.105273 -0.0765625 9.78564 9.83113 -0.0195106
12007.2 3015.94 9.83603 0.0957031 -0.0813477 9.78564 9.83292 -0.0182555
12007.2 3015.94 9.83593 0.100488 -0.0861328 9.79043 9.83322 -0.0142308
12007.2 3015.94 9.83123 0.100488 -0.0765625 9.79043 9.82967 -0.015977
12007.2 3015.94 9.83483 0.100488 -0.0813477 9.78564 9.83214 -0.0168187
12007.2 3015.94 9.83253 0.0957031 -0.0813477 9.79043 9.83034 -0.0153859
12007.2 3015.94 9.83883 0.0957031 -0.0813477 9.79043 9.83579 -0.00968784
12007.2 3015.94 9.83663 0.090918 -0.0765625 9.79043 9.83529 -0.0125278
12007.2 3015.94 9.83783 0.0957031 -0.0813477 9.78564 9.83591 -0.0172488
12007.2 3015.94 9.83563 0.100488 -0.0861328 9.79521 9.83347 -0.0111849
12007.2 3015.94 9.83693 0.0957031 -0.0765625 9.78564 9.83506 -0.0161762
12007.2 3015.94 9.83673 0.0957031 -0.0861328 9.79521 9.83446 -0.00955438
12007.2 3015.94 9.83713 0.100488 -0.0765625 9.79043 9.83557 -0.0113081
12007.2 3015.94 9.84153 0.0957031 -0.0765625 9.79043 9.83933 -0.00983906
12007.2 3015.94 9.84213 0.0957031 -0.0861328 9.78564 9.84052 -0.0161137
12007.2 3015.94 9.84443 0.105273 -0.0813477 9.79043 9.84188 -0.0128812
12007.2 3015.94 9.84243 0.100488 -0.0765625 9.79043 9.84072 -0.0138648
12007.2 3015.94 9.84033 0.105273 -0.0813477 9.79043 9.83861 -0.0148199
12007.2 3015.94 9.84033 0.100488 -0.0813477 9.79043 9.83822 -0.0138176
12007.2 3015.94 9.84103 0.0957031 -0.0813477 9.79043 9.83891 -0.0127588
12007.2 3015.94 9.84233 0.100488 -0.0813477 9.79043 9.84027 -0.0119871
12007.2 3015.94 9.84023 0.100488 -0.0813477 9.78564 9.83871 -0.0187043
12007.2 3015.94 9.84563 0.100488 -0.0765625 9.79043 9.84237 -0.0118884
12007.2 3015.94 9.84283 0.100488 -0.0813477 9.79521 9.84126 -0.00877765
12007.2 3015.94 9.84423 0.100488 -0.0813477 9.79043 9.84273 -0.0108347
12007.2 3015.94 9.84323 0.0957031 -0.0813477 9.79043 9.84179 -0.0131606
12007.2 3015.94 9.83983 0.100488 -0.0765625 9.79043 9.8384 -0.015568
12007.2 3015.94 9.84583 0.100488 -0.0813477 9.78564 9.8429 -0.01522
12007.2 3015.94 9.84283 0.100488 -0.0861328 9.79521 9.8409 -0.0103199
12007.2 3015.94 9.84133 0.0957031 -0.0813477 9.78564 9.83996 -0.0178039
12007.2 3015.94 9.84263 0.100488 -0.0813477 9.78564 9.84002 -0.019068
12007.2 3015.94 9.84003 0.0957031 -0.0813477 9.79043 9.8376 -0.0164429
12007.2 3015.94 9.84293 0.100488 -0.0813477 9.79043 9.84016 -0.0120933
12007.2 3015.94 9.83963 0.100488 -0.0813477 9.79043 9.83816 -0.0142696
12007.2 3015.94 9.84413 0.0957031 -0.0765625 9.79043 9.84155 -0.0108969
12007.2 3015.94 9.84383 0.100488 -0.0813477 9.79043 9.84215 -0.012044
12007.2 3015.94 9.83933 0.100488 -0.0861328 9.79043 9.83815 -0.0157188
12007.2 3015.94 9.84113 0.0957031 -0.0861328 9.79043 9.83875 -0.0133372
12007.2 3015.94 9.84063 0.100488 -0.0813477 9.79043 9.83869 -0.0131778
12007.2 3015.94 9.84253 0.0957031 -0.0765625 9.79043 9.84036 -0.0118681
12007.2 3015.94 9.84193 0.100488 -0.0813477 9.79043 9.84022 -0.0128482
12007.2 3015.94 9.84483 0.100488 -0.0813477 9.79043 9.84261 -0.0112558
12007.2 3015.94 9.85743 0.0957031 -0.0765625 9.79043 9.85411 -0.00414991
12007.2 3015.94 9.86202 0.100488 -0.0813477 9.79043 9.86049 -0.00600592
12007.2 3015.94 9.85652 0.0957031 -0.0813477 9.79043 9.85626 -0.0142716
12007.2 3015.94 9.85393 0.100488 -0.0765625 9.79043 9.85241 -0.016212
12007.2 3015.94 9.84582 0.100488 -0.0765625 9.78564 9.8446 -0.0244101
12007.2 3015.94 9.86612 0.100488 -0.0813477 9.78564 9.86028 -0.00939251
12007.2 3015.94 9.87882 0.100488 -0.0478516 9.87656 9.87527 0.0850316
12007.2 3015.94 9.88152 0.0957031 -0.0813477 9.79043 9.89154 0.0250858
12007.2 3015.94 9.87252 0.100488 -0.0813477 9.78564 9.87813 -0.0174749
12007.2 3015.94 9.84072 0.0957031 -0.0765625 9.79043 9.84326 -0.0397931
12007.2 3015.94 9.84662 0.0957031 -0.0813477 9.79043 9.84113 -0.0217686
12007.2 3015.94 9.84882 0.0957031 -0.0813477 9.79043 9.84507 -0.0125019
12007.2 3015.94 9.83422 0.0957031 -0.0813477 9.79043 9.83401 -0.021014
12007.2 3015.94 9.79622 0.105273 -0.0717773 9.79521 9.79836 -0.0365253
12007.2 3015.94 9.78403 0.110059 -0.0765625 9.79043 9.7812 -0.0319024
12007.2 3015.94 9.76003 0.105273 -0.0813477 9.78564 9.75866 -0.0393993
12007.2 3015.94 9.74433 0.100488 -0.0813477 9.79521 9.74114 -0.0281572
12007.2 3015.94 9.84413 0.100488 -0.0765625 9.78564 9.82744 0.0413492
12007.2 3015.94 9.80692 0.100488 -0.0813477 9.79043 9.81479 -0.00778191
12007.2 3015.94 9.79993 0.100488 -0.0861328 9.78564 9.80083 -0.0266645
12007.2 3015.94 9.77531 0.105273 -0.0861328 9.79043 9.77517 -0.035503
12007.2 3015.94 9.77731 0.100488 -0.0813477 9.78564 9.77252 -0.0257834
12007.2 3015.94 9.77161 0.100488 -0.0813477 9.79043 9.76845 -0.0194503
12007.2 3015.94 9.78752 0.172266 -0.143555 9.79521 9.78261 0.000395512
12007.2 3015.94 9.78762 0.205762 -0.172266 9.7665 9.78703 -0.0301535
12007.2 3015.94 9.79142 -0.320605 -0.540723 9.77607 9.78703 -0.0319911
12007.2 3015.94 9.79602 -0.105273 -0.191406 9.78564 9.79081 -0.0201366
12007.2 3015.94 9.79522 0.153125 0.153125 9.58467 9.7921 -0.219769
12007.2 3015.94 9.79013 0.0765625 -0.172266 9.79521 9.76241 -0.0852864
12007.2 3015.94 9.80143 0.478516 0.363672 9.90527 9.78561 0.0994713
12007.2 3015.94 9.80073 0.488086 0.162695 10.1254 9.81146 0.370923
12007.2 3015.94 9.80273 0.15791 -0.535938 10.0058 9.85104 0.333918
12007.2 3015.94 9.80044 0.679492 -0.0191406 10.3407 9.84937 0.62876
12007.2 3015.94 9.80654 0.397168 0.301465 9.68037 9.892 0.0796899
12007.2 3015.94 9.80794 0.392383 0.258398 10.0297 9.82878 0.204672
12007.2 3015.94 9.82815 0.516797 0.550293 10.2977 9.85427 0.571051
12007.2 3015.94 9.83146 0.497656 0.0717773 10.5656 9.90702 0.95693
12007.2 3015.94 9.81136 0.153125 -0.13877 9.94355 9.9453 0.427409
12007.2 3015.94 9.87526 0.334961 0.200977 9.71865 9.93856 0.0279735
12007.2 3015.94 9.93618 0.162695 -0.334961 9.51289 9.94004 -0.278547
12007.2 3015.94 9.68721 0.722559 -0.30625 10.1493 9.68394 0.0872141
12007.2 3015.94 9.98088 0.200977 -0.373242 9.62295 9.95419 0.0442739
12007.2 3015.94 10.0198 0.521582 -0.0191406 9.24492 10.0171 -0.497166
12007.2 3015.94 9.24369 0.440234 -0.29668 9.59902 9.27884 -0.874772
12007.2 3015.94 10.0477 0.952246 -0.665137 9.86221 9.83853 0.238428
12007.2 3015.94 10.0701 0.885254 -0.827832 9.8 10.071 0.234044
12007.2 3015.94 10.1231 0.899609 -0.645996 9.90527 10.1462 0.222964
12007.2 3015.94 10.1778 1.01445 -0.827832 9.80957 10.2021 0.110149
12007.2 3015.94 10.2037 1.01445 -0.827832 9.80957 10.2175 0.0502614
12007.2 3015.94 10.2324 1.01445 -0.827832 9.80957 10.2369 0.0372356
12007.2 3015.94 10.2637 1.01445 -0.827832 9.80957 10.265 0.0400968
12007.2 3015.94 10.3109 0 0 0 10.3101 -9.75621
12007.2 3015.94 10.3461 0 0 0 9.1001 -13.2946
12007.2 3015.94 10.3699 0 0 0 8.51664 -13.7815
12007.2 3015.94 10.421 0 0 0 8.42504 -13.5513
12007.2 3015.94 10.4597 0 0 0 8.47642 -13.385
12007.2 3015.94 10.4846 0 0 0 8.52588 -13.3419
12007.2 3015.94 10.5337 0.598145 -1.71309 9.48896 8.58051 -3.83765
12007.2 3015.94 10.57 0.598145 -1.71309 9.48896 9.82851 -0.422565
12007.2 3015.94 10.5933 0.598145 -1.71309 9.48896 10.4422 0.0256379
12007.2 3015.94 10.594 0.598145 -1.71309 9.48896 10.5779 -0.204739
12007.2 3015.94 10.6059 0 0 0 10.5763 -9.85593
12007.2 3015.94 10.6357 0 0 0 9.37404 -13.3156
12007.2 3015.94 10.6608 0 0 0 8.80271 -13.7782
12007.2 3015.94 10.6788 0 0 0 8.68685 -13.5682
12007.2 3015.94 10.698 0 0 0 8.71561 -13.4061
12007.2 3015.94 10.7229 0 0 0 8.76159 -13.3501
12007.2 3015.94 10.7567 1.6748 -0.645996 9.21143 8.8041 -4.12627
12007.2 3015.94 10.774 1.43555 -1.22979 9.40283 9.99828 -0.625279
12007.2 3015.94 10.7768 1.39248 -1.29199 9.61816 10.5982 0.0905538
12007.2 3015.94 10.7951 1.10537 -1.41162 9.78564 10.7815 0.144175
12007.2 3015.94 10.8126 1.41162 -1.5791 9.32627 10.827 -0.4019
12007.2 3015.94 10.8297 1.1915 -0.119629 8.27354 10.7782 -1.66964
12007.2 3015.94 10.8343 1.08623 -0.861328 10.0728 10.6147 -0.293377
12007.2 3015.94 10.8378 1.83271 -0.655566 9.77129 10.7721 0.00817782
12007.2 3015.94 10.8454 1.76572 -0.191406 9.4459 10.8371 -0.30425
12007.2 3015.94 10.851 1.39727 -0.636426 9.33584 10.8106 -0.564973
12007.2 3015.94 10.8521 1.69873 -0.31582 9.48896 10.7749 -0.488203
12007.2 3015.94 10.8648 1.78486 -0.344531 9.46504 10.7912 -0.45351
12007.2 3015.94 10.8672 1.78486 -0.344531 9.46504 10.7998 -0.449904
12007.2 3015.94 10.8773 1.78486 -0.344531 9.46504 10.8102 -0.447621
12007.2 3015.94 10.882 1.78486 -0.344531 9.46504 10.8159 -0.45044
12007.2 3015.94 10.884 1.78486 -0.344531 9.46504 10.818 -0.453822
12007.2 3015.94 10.8961 1.88057 -0.291895 9.59424 10.8284 -0.319459
12007.2 3015.94 10.9023 1.74658 -0.512012 9.51289 10.8522 -0.355044
12007.2 3015.94 10.9113 1.64609 -0.162695 9.41719 10.8586 -0.473061
12007.2 3015.94 10.9161 1.71309 -0.105273 9.44111 10.8486 -0.492689
12007.2 3015.94 10.9199 1.74658 -0.253613 9.68037 10.8482 -0.251657
12007.2 3015.94 10.9252 1.53604 -0.267969 9.70908 10.8834 -0.132377
12007.2 3015.94 10.9304 1.72744 -0.191406 9.55596 10.9076 -0.261697
12007.2 3015.94 10.9414 1.77529 -0.397168 9.60859 10.9038 -0.264121
12007.2 3015.94 10.9467 1.69395 -0.502441 9.59902 10.9076 -0.268827
12007.2 3015.94 10.9503 1.67002 -0.564648 9.58467 10.9106 -0.284979
12007.2 3015.94 10.9575 1.70352 -0.516797 9.75693 10.9152 -0.115858
12007.2 3015.94 10.9608 1.73223 -0.425879 9.65645 10.9402 -0.156215
12007.2 3015.94 10.9664 1.71309 -0.162695 9.55596 10.9432 -0.283644
12007.2 3015.94 10.9689 1.60781 -0.0957031 9.45068 10.9295 -0.435144
12007.2 3015.94 10.9716 1.79443 0.220117 9.46504 10.9109 -0.464948
12007.2 3015.94 10.9796 1.6748 -0.143555 9.61816 10.9117 -0.305513
12007.2 3015.94 10.9806 1.78965 -0.200977 9.77129 10.933 -0.0947975
12007.2 3015.94 10.9901 1.86621 -0.0813477 9.74736 10.9707 -0.0503346
12007.2 3015.94 10.9878 1.73701 0.0957031 9.66602 10.9792 -0.141233
12007.2 3015.94 10.9975 1.85186 0.0334961 9.79521 10.9772 -0.0440104
12007.2 3015.94 11.0026 1.7418 0.277539 9.40283 10.9938 -0.396786
12007.2 3015.94 11.0004 1.67002 0.0478516 9.68516 10.9491 -0.253653
12007.2 3015.94 11.0029 1.94756 0.0813477 9.76172 10.9638 -0.0953022
12007.2 3015.94 11.0002 1.7083 0.16748 9.58467 10.9834 -0.226459
12007.2 3015.94 11.0003 1.81836 0.46416 9.65645 10.9693 -0.214416
12007.2 3015.94 10.9985 1.77529 0.44502 9.68516 10.9675 -0.173485
12007.2 3015.94 10.9988 1.78965 0.540723 9.61816 10.9728 -0.224371
12007.2 3015.94 11.0061 1.77529 0.579004 9.58945 10.9733 -0.270114
12007.2 3015.94 10.9975 1.64131 0.77998 9.61338 10.9601 -0.268524
12007.2 3015.94 10.9934 1.6126 0.392383 9.59902 10.955 -0.276511
12007.2 3015.94 10.9833 1.7083 0.693848 9.38848 10.9445 -0.493112
12007.2 3015.94 10.9644 1.58867 0.894824 9.40283 10.8991 -0.562241
12007.2 3015.94 10.9538 1.55518 1.04316 9.32148 10.8753 -0.646255
12007.2 3015.94 10.9442 1.29199 1.15322 9.6708 10.8532 -0.318154
12007.2 3015.94 10.9373 0.732129 1.02881 9.33584 10.8861 -0.525104
12007.2 3015.94 10.941 1.15322 1.35898 9.97705 10.8672 0.0228089
12007.2 3015.94 10.9356 1.01924 1.23457 9.35498 10.9298 -0.393032
12007.2 3015.94 10.9305 1.24893 1.03838 9.87178 10.8804 -0.0694767
12007.2 3015.94 10.9341 1.0958 1.1915 9.39326 10.9184 -0.397488
12007.2 3015.94 10.9202 0.875684 0.76084 9.46025 10.8694 -0.481901
12007.2 3015.94 10.9144 0.46416 0.856543 9.36455 10.8473 -0.580444
12007.2 3015.94 10.8865 0.46416 0.856543 9.36455 10.8077 -0.619692
12007.2 3015.94 10.8507 0.46416 0.856543 9.36455 10.7663 -0.631377
12007.2 3015.94 10.8019 1.12451 0.957031 8.47451 10.717 -1.53041
12007.2 3015.94 10.7667 0.885254 1.06709 8.62764 10.5656 -1.6924
12007.2 3015.94 10.6644 0.885254 1.06709 8.62764 10.4365 -1.71942
12007.2 3015.94 10.5956 0.459375 0.287109 10.1302 10.3566 -0.188014
12007.2 3015.94 10.5238 0.272754 1.53125 9.43154 10.4786 -0.32929
12007.2 3015.94 10.4238 0.272754 1.53125 9.43154 10.3889 -0.522234
12007.2 3015.94 10.3505 0.272754 1.53125 9.43154 10.289 -0.581266
12007.2 3015.94 10.2301 0.272754 1.53125 9.43154 10.1636 -0.6157
12007.2 3015.94 10.1336 0.880469 1.32549 10.3934 10.0591 0.352183
12007.2 3015.94 10.1032 0.105273 1.05273 10.4316 10.1424 0.786841
12007.2 3015.94 10.0475 0.531152 1.53604 10.0823 10.1597 0.505311
12007.2 3015.94 10.0274 -0.114844 1.07666 9.92441 10.1085 0.222024
12007.2 3015.94 10.0207 -0.497656 1.13887 10.7666 10.0601 0.990512
12007.2 3015.94 10.0109 -0.411523 1.05752 11.0394 10.1432 1.56501
12007.2 3015.94 10.0013 -0.411523 1.05752 11.0394 10.2185 1.71286
12007.2 3015.94 10.0134 1.17715 -156.116 74.6293 10.2574 65.3157
12007.2 3015.94 10.0233 1.17715 -156.116 74.6293 18.3643 88.2296
12007.2 3015.94 10.0307 1.17715 -156.116 74.6293 22.318 91.3121
12007.2 3015.94 10.0286 1.17715 -156.116 74.6293 23.2115 89.8941
12007.2 3015.94 10.0277 1.17715 -156.116 74.6293 23.1439 88.8109
12007.2 3015.94 10.0281 1.17715 -156.116 74.6293 22.9979 88.4638
12007.2 3015.94 10.0292 1.17715 -156.116 74.6293 22.9361 88.4327
12007.2 3015.94 10.0372 1.17715 -156.116 74.6293 22.9312 88.4661
12007.2 3015.94 10.0378 1.17715 -156.116 74.6293 22.9354 88.4817
12007.2 3015.94 10.044 1.17715 -156.116 74.6293 22.9434 88.4886
12007.2 3015.94 10.0459 1.17715 -156.116 74.6293 22.9469 88.4872
12007.2 3015.94 10.0437 1.17715 -156.116 74.6293 22.9453 88.4831
12007.2 3015.94 10.0346 1.17715 -156.116 74.6293 22.9366 88.4768
12007.2 3015.94 10.0628 0.124414 -0.0861328 9.79043 22.9592 23.6592
12007.2 3015.94 10.0634 0.110059 -0.0813477 9.77607 14.7149 0.260378
12007.2 3015.94 10.05 0.119629 -0.0813477 9.79043 10.6767 -2.89862
12007.2 3015.94 10.0741 0.119629 -0.0813477 9.79043 9.78195 -1.44002
12007.2 3015.94 10.0686 0.119629 -0.0813477 9.79043 9.84892 -0.345459
12007.2 3015.94 10.0873 0.133984 -0.062207 9.79521 10.013 0.0230825
12007.2 3015.94 10.0721 0.133984 -0.062207 9.79521 10.0675 0.041303
12007.2 3015.94 10.0565 0.129199 -0.0717773 9.78086 10.0632 -0.0112671
12007.2 3015.94 10.0319 0.114844 -0.0669922 9.79043 10.0344 -0.0336411
12007.2 3015.94 10.0603 0.13877 -0.0717773 -47.7798 10.0527 -57.5754
12007.2 3015.94 10.0513 0.13877 -0.0717773 -47.7798 2.72521 -78.3399
12007.2 3015.94 10.0562 0.13877 -0.0717773 -47.7798 -0.845093 -81.138
12007.2 3015.94 10.0605 0.13877 -0.0717773 -47.7798 -1.65166 -79.861
12007.2 3015.94 10.0503 0.133984 -0.0669922 9.78564 -1.60077 -21.326
12007.2 3015.94 10.0394 0.133984 -0.0669922 9.78564 5.84455 -0.260373
12007.2 3015.94 10.0434 0.133984 -0.0669922 9.78564 9.47596 2.57667
12007.2 3015.94 10.0577 0.13877 -0.0669922 9.78564 10.3116 1.2867
12007.2 3015.94 10.0612 0.13877 -0.0669922 9.78564 10.2568 0.289442
12007.2 3015.94 10.0728 0.13877 -0.0669922 9.78564 10.133 -0.0276458
12007.2 3015.94 10.0727 0.13877 -0.0669922 9.78564 10.0768 -0.0628954
12007.2 3015.94 10.0803 0.124414 -0.062207 9.78564 10.0718 -0.0348343
12007.2 3015.94 10.0839 0.13877 -0.0669922 9.79043 10.0779 -0.0144192
12007.2 3015.94 10.0944 0.124414 -0.062207 9.78564 10.0905 -0.00902726
12007.2 3015.94 10.0962 0.129199 -0.0669922 9.78564 10.0943 -0.0139382
12007.2 3015.94 10.1007 0.129199 -0.062207 9.78564 10.0981 -0.0152985
12007.2 3015.94 10.1 0.124414 -0.062207 9.78564 10.0978 -0.0186655
12007.2 3015.94 9.90909 0.133984 -0.0669922 9.79043 9.93073 -0.136989
12007.2 3015.94 9.91229 0.129199 -0.062207 9.78564 9.8972 -0.0755376
12007.2 3015.94 9.90779 0.133984 -0.0717773 9.78564 9.89683 -0.0348225
12007.2 3015.94 9.91049 0.119629 -0.062207 9.78086 9.90432 -0.0229633
12007.2 3015.94 9.91409 0.133984 -0.0574219 9.78564 9.90992 -0.0163891
12007.2 3015.94 9.90798 0.129199 -0.0669922 9.77607 9.90615 -0.0310737
12007.2 3015.94 9.90029 0.133984 -0.0669922 9.79043 9.89708 -0.0245206
12007.2 3015.94 9.90259 0.129199 -0.062207 9.79043 9.89876 -0.0148896
12007.2 3015.94 9.91388 0.133984 -0.062207 9.78564 9.91007 -0.0100558
12007.2 3015.94 9.91528 0.129199 -0.062207 9.78564 9.91334 -0.0146445
12007.2 3015.94 9.92269 0.129199 -0.062207 9.79043 9.91963 -0.00887471
12007.2 3015.94 9.92518 0.129199 -0.062207 9.78564 9.92335 -0.0140061
12007.2 3015.94 9.92569 0.133984 -0.0669922 9.78564 9.92361 -0.0179108
12007.2 3015.94 9.92969 0.133984 -0.062207 9.78564 9.92663 -0.0169254
12007.2 3015.94 9.92699 0.133984 -0.0669922 9.78564 9.92479 -0.0202317
12007.2 3015.94 9.92749 0.129199 -0.062207 9.78564 9.92457 -0.0199242
12007.2 3015.94 9.92359 0.129199 -0.062207 9.79043 9.92118 -0.0173814
12007.2 3015.94 9.92148 0.133984 -0.062207 9.78086 9.91923 -0.0252127
12007.2 3015.94 9.91409 0.129199 -0.062207 9.78564 9.91153 -0.0267364
12007.2 3015.94 9.91539 0.129199 -0.062207 9.79521 9.91149 -0.0119611
12007.2 3015.94 9.91878 0.133984 -0.0669922 9.78564 9.91633 -0.014007
12007.2 3015.94 9.91978 0.129199 -0.062207 9.78086 9.91756 -0.0219852
12007.2 3015.94 9.92008 0.133984 -0.062207 9.78086 9.91697 -0.025455
12007.2 3015.94 9.91608 0.669922 9.79043 62.8578 9.91296 53.0481
12007.2 3015.94 9.91338 0.181836 -0.0717773 9.79043 16.6635 19.1175
12007.2 3015.94 9.91208 0.16748 -0.0669922 9.78564 13.2038 2.56144
12007.2 3015.94 9.91358 0.129199 -0.0574219 9.78564 10.6582 -1.19472
12007.2 3015.94 9.91558 0.129199 -0.0574219 9.78564 9.85805 -0.919971
12007.2 3015.94 9.91528 0.124414 -0.0574219 9.78564 9.79094 -0.309461
12007.2 3015.94 9.91098 0.124414 -0.0574219 9.79043 9.85633 -0.0443864
12007.2 3015.94 9.90978 0.133984 -0.062207 9.78564 9.89733 0.00382062
12007.2 3015.94 9.90898 0.129199 -0.0574219 9.78564 9.90799 -0.00552953
12007.2 3015.94 9.90678 0.129199 -0.062207 9.78564 9.90623 -0.0171183
12007.2 3015.94 9.90388 0.129199 -0.0191406 9.87178 9.902 0.0641027
12007.2 3015.94 9.90788 0.129199 -0.0574219 9.78086 9.91529 0.00773144
12007.2 3015.94 9.90538 0.129199 -0.0574219 9.78086 9.90763 -0.0226884
12007.2 3015.94 9.90358 0.129199 -0.0574219 9.78086 9.90121 -0.0299088
12007.2 3015.94 9.89638 0.129199 -0.0574219 9.78086 9.89319 -0.0330099
12007.2 3015.94 9.89978 0.129199 -0.0574219 9.78086 9.89474 -0.0268281
12007.2 3015.94 9.91668 0.129199 -0.0574219 9.78086 9.91048 -0.0147857
12007.2 3015.94 9.91558 0.129199 -0.0574219 9.78086 9.91305 -0.0212063
12007.2 3015.94 9.90839 0 0 0 9.90628 -9.81063
12007.2 3015.94 9.90899 0 0 0 8.66028 -13.3356
12007.2 3015.94 9.90768 0 0 0 8.05206 -13.8106
12007.2 3015.94 9.91288 0 0 0 7.91876 -13.5896
12007.2 3015.94 9.90939 0 0 0 7.92686 -13.4269
12007.2 3015.94 9.92149 0 0 0 7.95916 -13.3657
12007.2 3015.94 9.92019 0.143555 -0.0574219 9.79521 7.96992 -3.56991
12007.2 3015.94 9.92089 0.129199 -0.0574219 9.8 9.21838 -0.0396172
12007.2 3015.94 9.92449 0.124414 -0.0574219 9.8 9.8296 0.437233
12007.2 3015.94 9.92188 0.119629 -0.0478516 9.80479 9.96578 0.221446
12007.2 3015.94 9.92368 0.13877 -0.0526367 9.79043 9.95722 0.0433574
12007.2 3015.94 9.92168 0.129199 -0.0526367 9.79043 9.93172 -0.0166594
12007.2 3015.94 9.92768 0.133984 -0.062207 9.79521 9.92608 -0.0133746
12007.2 3015.94 9.92378 0.133984 -0.0526367 9.79043 9.92237 -0.0158597
12007.2 3015.94 9.92369 0.129199 -0.0574219 9.79043 9.9215 -0.0144501
12007.2 3015.94 9.91838 0.13877 -0.062207 9.78086 9.91694 -0.0263434
12007.2 3015.94 9.92118 0.129199 -0.0574219 9.79043 9.91729 -0.0163563
12007.2 3015.94 9.91938 0.124414 -0.0574219 9.79043 9.91704 -0.0141293
12007.2 3015.94 9.92198 0.133984 -0.0574219 9.78564 9.91956 -0.0162866
12007.2 3015.94 9.92148 0.133984 -0.0574219 9.79521 9.91917 -0.00942571
12007.2 3015.94 9.92228 0.129199 -0.062207 9.79043 9.92069 -0.0109749
12007.2 3015.94 9.91948 0.129199 -0.062207 9.79043 9.91824 -0.0142965
12007.2 3015.94 9.92018 0.133984 -0.0574219 9.79043 9.91812 -0.0134826
12007.2 3015.94 9.91408 0.129199 -0.062207 9.78564 9.91288 -0.0217958
12007.2 3015.94 9.91228 0.129199 -0.062207 9.78564 9.90959 -0.0225959
12007.2 3015.94 9.91488 0.129199 -0.062207 9.78564 9.91134 -0.0191151
12007.2 3015.94 9.91408 0 0 0 9.9113 -9.80513
12007.2 3015.94 9.91928 0 0 0 8.6706 -13.3302
12007.2 3015.94 9.91978 0 0 0 8.06462 -13.8075
12007.2 3015.94 9.91708 0 0 0 7.92441 -13.5938
12007.2 3015.94 9.92008 0 0 0 7.93638 -13.4252
12007.2 3015.94 9.91278 0 0 0 7.95299 -13.3767
12007.2 3015.94 9.91148 0.129199 -0.0526367 9.74258 7.96013 -3.62814
12007.2 3015.94 9.91138 0.129199 -0.0574219 9.8 9.20143 -0.0604347
12007.2 3015.94 9.91498 0.119629 -0.0574219 9.80479 9.8165 0.439274
12007.2 3015.94 9.91688 0.119629 -0.0574219 9.80479 9.96 0.22736
12007.2 3015.94 9.91148 0.119629 -0.0574219 9.80479 9.94659 0.0557344
12007.2 3015.94 9.91638 0 0 0 9.92732 -9.79922
12007.2 3015.94 9.91538 0 0 0 8.66999 -13.3408
12007.2 3015.94 9.91978 0 0 0 8.06318 -13.8109
12007.2 3015.94 9.91988 0 0 0 7.92624 -13.5924
12007.2 3015.94 9.91798 0 0 0 7.93496 -13.4272
12007.2 3015.94 9.91448 0 0 0 7.95403 -13.3755
12007.2 3015.94 9.91818 0.124414 -0.0574219 9.80479 7.96627 -3.56186
12007.2 3015.94 9.91308 0.129199 -0.0526367 9.80479 9.21212 -0.034593
12007.2 3015.94 9.91748 0.129199 -0.0526367 9.80479 9.82332 0.443349
12007.2 3015.94 9.91518 0.124414 -0.0526367 9.80479 9.95991 0.223374
12007.2 3015.94 9.91138 0.129199 -0.0526367 9.79521 9.94598 0.0447239
12007.2 3015.94 9.91638 0.129199 -0.0574219 9.80479 9.92584 0.00198401
12007.2 3015.94 9.91718 0.124414 -0.0526367 9.80479 9.91854 -3.32658e-05
12007.2 3015.94 9.91328 0.124414 -0.0574219 9.79521 9.91395 -0.00815759
12007.2 3015.94 9.91768 0.124414 -0.0526367 9.8 9.91617 -0.000552547
12007.2 3015.94 9.91858 0.119629 -0.0526367 9.8 9.9182 0.00134443
12007.2 3015.94 9.91788 0.133984 -0.0574219 9.79043 9.91809 -0.00929199
12007.2 3015.94 9.91468 0.133984 -0.0574219 9.79043 9.91393 -0.0151036
12007.2 3015.94 9.91288 0.124414 -0.0526367 9.8 9.91109 -0.00611884
12007.2 3015.94 9.91878 0.119629 -0.0526367 9.79043 9.91702 -0.00686096
12007.2 3015.94 9.91428 0.287109 -0.0526367 9.78564 9.91376 -0.0185827
12007.2 3015.94 9.91118 0.133984 -0.062207 9.78086 9.90914 -0.0274882
12007.2 3015.94 9.92268 0.0861328 -0.0191406 9.85264 9.91746 0.0513822
12007.2 3015.94 9.92418 0.124414 -0.0478516 9.8 9.92986 0.0228239
12007.2 3015.94 9.92258 0.13877 -0.062207 9.79043 9.92641 -0.00599852
12007.2 3015.94 9.92258 0.200977 -0.0430664 9.79521 9.92231 -0.0093965
12007.2 3015.94 9.92288 0.133984 -0.0526367 9.81436 9.92161 0.0113346
12007.2 3015.94 9.92028 0.507227 -0.0957031 9.73779 9.92189 -0.0589704
12007.2 3015.94 9.91998 0.14834 -0.0813477 9.79043 9.91272 -0.0320555
12007.2 3015.94 9.91638 0.0526367 -0.0526367 9.79043 9.91184 -0.0187875
12007.2 3015.94 9.91738 -0.133984 -0.0813477 9.72344 9.91428 -0.0797914
12007.2 3015.94 9.91718 -0.406738 0.411523 9.93398 9.90666 0.107066
12007.2 3015.94 9.90778 0.119629 -0.0287109 9.78564 9.92126 0.0249648
12007.2 3015.94 9.90418 0.143555 -0.0478516 9.8 9.90953 -0.00192024
12007.2 3015.94 9.90748 0.119629 -0.0574219 9.78564 9.9075 -0.0163586
12007.2 3015.94 9.90738 0.229688 0.0717773 9.77129 9.90531 -0.0346831
12007.2 3015.94 9.90618 0.129199 -0.0239258 9.8 9.90166 -0.0119511
12007.2 3015.94 9.90688 0.15791 -0.062207 9.78086 9.90469 -0.0201101
12007.2 3015.94 9.90788 0.0526367 -0.0430664 9.79043 9.90492 -0.0147837
12007.2 3015.94 9.91048 0.062207 -0.0334961 9.80479 9.90789 0.00301209
12007.2 3015.94 9.90118 -0.0574219 -0.00478516 9.82871 9.90242 0.0255061
12007.2 3015.94 9.90758 0.363672 -0.15791 9.7665 9.91017 -0.0209984
12007.2 3015.94 9.90668 0.267969 -0.0382813 9.79521 9.90445 -0.0145885
12007.2 3015.94 9.90988 -0.325391 0.0669922 9.82871 9.90733 0.0269214
12007.2 3015.94 9.90698 0.282324 -0.196191 9.79521 9.91045 0.00469558
12007.2 3015.94 9.91248 0.0430664 -0.0430664 9.79521 9.91282 -0.00179439
12007.2 3015.94 9.90978 0.153125 -0.0861328 9.78564 9.90994 -0.0169457
12007.2 3015.94 9.90918 0.421094 -0.210547 9.8 9.90712 -0.0065956
12007.2 3015.94 9.91228 -0.717773 0.224902 9.71865 9.91078 -0.0804252
12007.2 3015.94 9.90908 0.0574219 -0.0382813 9.8 9.89906 -0.030088
12007.2 3015.94 9.90628 -0.110059 0.0861328 9.78564 9.90153 -0.0205887
12007.2 3015.94 9.90418 0.124414 -0.0430664 9.8335 9.90122 0.0277644
12007.2 3015.94 9.90698 0.090918 -0.062207 9.79521 9.90978 0.00890632
12007.2 3015.94 9.90848 0.0861328 -0.062207 9.79043 9.90977 -0.0071907
12007.2 3015.94 9.90728 0.0957031 -0.0717773 9.78564 9.90668 -0.0185452
12007.2 3015.94 9.90537 0.0861328 -0.0717773 9.79043 9.90318 -0.0170912
12007.2 3015.94 9.90568 0.0861328 -0.0717773 9.79043 9.90318 -0.014137
12007.2 3015.94 9.90558 0.0957031 -0.0717773 9.79043 9.90347 -0.0131372
12007.2 3015.94 9.90598 0.090918 -0.0669922 9.78564 9.90399 -0.0174921
12007.2 3015.94 9.90758 0.100488 -0.0574219 9.81436 9.90489 0.0103441
12007.2 3015.94 9.90378 0.0813477 -0.0669922 9.78564 9.90524 -0.01134
12007.2 3015.94 9.90308 0.0957031 -0.0669922 9.79521 9.90191 -0.0102533
12007.2 3015.94 9.90368 0.0861328 -0.0669922 9.79043 9.90215 -0.0121375
12007.2 3015.94 9.90958 0.0957031 -0.0765625 9.79043 9.90709 -0.00919563
12007.2 3015.94 9.90978 0.0957031 -0.0813477 9.78564 9.90827 -0.0159498
12007.2 3015.94 9.90938 0.0957031 -0.0717773 9.78564 9.90721 -0.0193946
12007.2 3015.94 9.91068 0.090918 -0.0526367 9.78564 9.90777 -0.0191286
12007.2 3015.94 9.90978 0.0861328 -0.0669922 9.78564 9.90709 -0.019968
12007.2 3015.94 9.91288 0.0861328 -0.0669922 9.79521 9.9096 -0.00828184
12007.2 3015.94 9.90588 0.0957031 -0.0717773 9.78564 9.9053 -0.0197224
12007.2 3015.94 9.90898 0.0861328 -0.062207 9.79043 9.906 -0.0143276
12007.2 3015.94 9.90628 0.0861328 -0.062207 9.79043 9.90442 -0.0145572
12007.2 3015.94 9.91628 0.0813477 -0.0669922 9.78564 9.91292 -0.0120232
12007.2 3015.94 9.91208 0.0861328 -0.0574219 9.79043 9.91066 -0.0144412
12007.2 3015.94 9.91678 0.090918 -0.0669922 9.79043 9.91416 -0.0108616
12007.2 3015.94 9.91918 0.100488 -0.0669922 9.79521 9.91716 -0.00549284
12007.2 3015.94 9.91488 0.090918 -0.0669922 9.78564 9.91447 -0.0177936
12007.2 3015.94 9.91158 0.090918 -0.0669922 9.79043 9.90968 -0.0178351
12007.2 3015.94 9.91408 0.0765625 -0.062207 9.79043 9.91125 -0.0131903
12007.2 3015.94 9.90988 0.090918 -0.0669922 9.79043 9.90837 -0.015203
12007.2 3015.94 9.91798 0.090918 -0.0669922 9.79043 9.91482 -0.00891068
12007.2 3015.94 9.90978 0.090918 -0.0574219 9.78564 9.90929 -0.0207934
12007.2 3015.94 9.90768 0.0861328 -0.0526367 9.79043 9.90524 -0.0180959
12007.2 3015.94 9.91198 0.0957031 -0.062207 9.79521 9.90882 -0.0069988
12007.2 3015.94 9.90658 0.100488 -0.0717773 9.78564 9.90597 -0.0183101
12007.2 3015.94 9.90668 0.090918 -0.0669922 9.78564 9.90426 -0.0205061
12007.2 3015.94 9.90548 0.0957031 -0.0669922 9.79043 9.90271 -0.016184
12007.2 3015.94 9.90268 0.0765625 -0.062207 9.79043 9.90062 -0.0154288
12007.2 3015.94 9.90478 0.0957031 -0.0717773 9.78564 9.90229 -0.017261
12007.2 3015.94 9.90318 0.0813477 -0.0574219 9.8 9.90087 -0.00565371
12007.2 3015.94 9.90058 0.090918 -0.0669922 9.79043 9.8999 -0.0117945
12007.2 3015.94 9.90298 0.100488 -0.0669922 9.79043 9.90109 -0.0118512
12007.2 3015.94 9.90548 0.0861328 -0.0669922 9.8 9.90341 -0.00146493
12007.2 3015.94 9.90468 0.0957031 -0.0765625 9.79043 9.90433 -0.00928902
12007.2 3015.94 9.89798 0.0957031 -0.0669922 9.78564 9.8976 -0.0217665
12007.2 3015.94 9.90278 0.0717773 -0.0526367 9.78564 9.89935 -0.018895
12007.2 3015.94 9.89958 0.339746 -0.15791 9.81436 9.89714 0.00768885
12007.2 3015.94 9.89838 0.090918 -0.0574219 9.78086 9.8992 -0.0155801
12007.2 3015.94 9.89778 0.114844 -0.062207 9.78564 9.89598 -0.0208817
12007.2 3015.94 9.89998 0.100488 -0.0669922 9.79043 9.89681 -0.0145406
12007.2 3015.94 9.90058 0.110059 -0.0669922 9.79521 9.89825 -0.00761909
12007.2 3015.94 9.89938 0.0957031 -0.062207 9.79521 9.89826 -0.00681035
12007.2 3015.94 9.91048 0.105273 -0.0669922 9.79043 9.90806 -0.00421684
12007.2 3015.94 9.90858 0.105273 -0.0574219 9.78564 9.90797 -0.0155426
12007.2 3015.94 9.90778 0.105273 -0.0574219 9.79043 9.90582 -0.0153004
12007.2 3015.94 9.90618 0.100488 -0.062207 9.78564 9.90418 -0.0196466
12007.2 3015.94 9.91088 0.105273 -0.0478516 9.79043 9.90752 -0.0123751
12007.2 3015.94 9.90588 0.105273 -0.0717773 9.78564 9.90451 -0.0198716
12007.2 3015.94 9.91028 0.100488 -0.062207 9.79043 9.90701 -0.0130482
12007.2 3015.94 9.91018 0.100488 -0.0669922 9.78564 9.90811 -0.017039
12007.2 3015.94 9.90587 0.110059 -0.0669922 9.78564 9.90399 -0.0219304
12007.2 3015.94 9.90567 0.090918 -0.0478516 9.8 9.90267 -0.00683088
12007.2 3015.94 9.89767 0.0861328 -0.0813477 9.77607 9.89744 -0.0295831
12007.2 3015.94 9.89687 0.114844 -0.0717773 9.78086 9.89318 -0.0301691
12007.2 3015.94 9.89817 0.114844 -0.0526367 9.79043 9.8937 -0.0172556
12007.2 3015.94 9.90187 0.110059 -0.0957031 9.74736 9.89864 -0.0536314
12007.2 3015.94 9.89837 0.090918 -0.0526367 9.79521 9.89158 -0.0242909
12007.2 3015.94 9.90117 0.114844 -0.0669922 9.79043 9.89686 -0.0121959
12007.2 3015.94 9.90018 0.100488 -0.0526367 9.79521 9.8982 -0.0070636
12007.2 3015.94 9.89658 0.105273 -0.0669922 9.79043 9.89589 -0.0131557
12007.2 3015.94 9.89188 0.114844 -0.0717773 9.78564 9.89071 -0.0216641
12007.2 3015.94 9.89408 0.100488 -0.062207 9.78564 9.89089 -0.0200153
12007.2 3015.94 9.89188 0.0813477 -0.0526367 9.79043 9.8892 -0.0161569
12007.2 3015.94 9.90228 0.133984 -0.0382813 9.86699 9.89856 0.0695255
12007.2 3015.94 9.89868 0.0957031 -0.0526367 9.79043 9.90751 0.0155736
12007.2 3015.94 9.89738 0.105273 -0.0669922 9.78086 9.90065 -0.0200041
12007.2 3015.94 9.89428 0.105273 -0.0669922 9.79043 9.89254 -0.0208555
12007.2 3015.94 9.88868 0.105273 -0.062207 9.79043 9.88652 -0.019562
12007.2 3015.94 9.89898 0.100488 -0.062207 9.79043 9.8949 -0.00865408
12007.2 3015.94 9.89968 0.105273 -0.0669922 9.78564 9.89797 -0.0144223
12007.2 3015.94 9.90867 0.105273 -0.062207 9.78564 9.90548 -0.0127108
12007.2 3015.94 9.91368 0.100488 -0.062207 9.78564 9.91102 -0.0136936
12007.2 3015.94 9.88558 0.105273 -0.062207 9.79521 9.88707 -0.025989
12007.2 3015.94 9.89608 0.105273 -0.062207 9.79043 9.89163 -0.0131811
12007.2 3015.94 9.88238 0.100488 -0.062207 9.78564 9.88188 -0.0250218
