12007.2 3015.94 9.88674 -0.110059 -0.062207 9.78564 9.87139 4.91887
12007.2 3015.94 9.91383 -0.105273 -0.062207 9.79043 9.94294 0.114922
12007.2 3015.94 9.91313 -0.100488 -0.062207 9.78564 9.92795 0.0047109
12007.2 3015.94 9.91473 -0.105273 -0.062207 9.78564 9.91699 -0.0210808
12007.2 3015.94 9.90913 -0.105273 -0.0574219 9.79043 9.90745 -0.0221903
12007.2 3015.94 9.90083 -0.105273 -0.062207 9.78564 9.89885 -0.0265864
12007.2 3015.94 9.90483 -0.110059 -0.0574219 9.78086 9.90069 -0.0249013
12007.2 3015.94 9.90963 -0.110059 -0.062207 9.78086 9.90533 -0.022401
12007.2 3015.94 9.92864 -0.110059 -0.062207 9.78564 9.92282 -0.00752689
12007.2 3015.94 9.93474 -0.110059 -0.0574219 9.78086 9.93226 -0.0142344
12007.2 3015.94 9.94343 -0.110059 -0.0574219 9.78564 9.9402 -0.0123444
12007.2 3015.94 9.93773 -0.110059 -0.0574219 9.78564 9.93648 -0.0203841
12007.2 3015.94 9.93423 -0.110059 -0.0574219 9.78086 9.93192 -0.0279254
12007.2 3015.94 9.93173 -0.105273 -0.062207 9.78564 9.9282 -0.0245468
12007.2 3015.94 9.92793 -0.105273 -0.0669922 9.78564 9.92484 -0.0233797
12007.2 3015.94 9.92873 -0.105273 -0.062207 9.87656 9.92526 0.0706196
12007.2 3015.94 9.92623 -0.100488 -0.0669922 9.78564 9.93509 0.0117269
12007.2 3015.94 9.92623 -0.110059 -0.062207 9.78564 9.92885 -0.0157946
12007.2 3015.94 9.92533 -0.114844 -0.0765625 9.78564 9.92377 -0.0223021
12007.2 3015.94 9.92633 -0.191406 -0.0526367 9.65645 9.92317 -0.149957
12007.2 3015.94 9.92593 -0.105273 -0.0574219 9.79521 9.9065 -0.0570858
12007.2 3015.94 9.92313 -0.110059 -0.0574219 9.79043 9.91375 -0.0195165
12007.2 3015.94 9.92293 -0.110059 -0.0957031 9.81436 9.91928 0.0131893
12007.2 3015.94 9.92293 -0.0382813 -0.0287109 9.78564 9.92415 -0.00726478
12007.2 3015.94 9.92393 -0.062207 -0.186621 9.79521 9.92304 -0.00754046
12007.2 3015.94 9.92113 0.114844 -0.334961 10.5991 9.92042 0.795186
12007.2 3015.94 9.92493 0.105273 -0.258398 10.1541 10.0255 0.643698
12007.2 3015.94 9.93763 0.0334961 -0.564648 10.7714 10.0307 1.14726
12007.2 3015.94 9.95134 0.282324 -0.0382813 11.3217 10.1074 1.88457
12007.2 3015.94 9.97174 1.09102 0.339746 11.1829 10.2288 1.97564
12007.2 3015.94 9.99734 2.17246 0.535938 10.2594 10.2782 1.02369
12007.2 3015.94 10.0567 1.51689 0.957031 9.0583 10.2151 -0.514251
12007.2 3015.94 10.102 1.31113 0.818262 9.01045 10.051 -1.0473
12007.2 3015.94 10.1787 1.09102 0.669922 9.82871 10.0292 -0.267212
12007.2 3015.94 10.2219 0.794336 0.942676 9.99141 10.1634 0.218317
12007.2 3015.94 10.2826 1.13408 0.468945 9.78086 10.2953 0.135822
12007.2 3015.94 10.3313 1.11494 0.660352 9.97227 10.344 0.244278
12007.2 3015.94 10.3618 1.78486 0.277539 9.32148 10.3906 -0.379054
12007.2 3015.94 10.436 1.9332 -0.0478516 9.52725 10.382 -0.380385
12007.2 3015.94 10.4785 1.05752 -0.234473 8.78076 10.4178 -1.09471
12007.2 3015.94 10.5381 0.985742 -0.373242 8.63242 10.3835 -1.48535
12007.2 3015.94 10.5773 1.24893 -0.488086 9.02002 10.3636 -1.19163
12007.2 3015.94 10.6126 2.32559 -0.421094 9.75215 10.4293 -0.318277
12007.2 3015.94 10.6364 1.54561 -0.143555 9.40283 10.5695 -0.379506
12007.2 3015.94 10.6556 1.43076 0.440234 9.11094 10.5963 -0.770863
12007.2 3015.94 10.6669 1.3542 0.224902 9.1875 10.5598 -0.845319
12007.2 3015.94 10.6791 1.60303 -0.320605 8.88604 10.5564 -1.14246
12007.2 3015.94 10.687 1.03838 -0.110059 9.13008 10.525 -0.998346
12007.2 3015.94 10.6912 0.966602 0.397168 9.70908 10.543 -0.344589
12007.2 3015.94 10.6845 1.35898 0.507227 10.068 10.6226 0.234184
12007.2 3015.94 10.6806 1.15801 0.373242 9.64209 10.7031 -0.036374
12007.2 3015.94 10.6755 1.11973 -0.0239258 9.55117 10.6744 -0.279539
12007.2 3015.94 10.6754 0.91875 0.110059 9.60859 10.6397 -0.291544
12007.2 3015.94 10.6773 1.39248 0.282324 9.86221 10.6354 -0.0189156
12007.2 3015.94 10.6736 1.46426 0.200977 9.86221 10.6663 0.0798106
12007.2 3015.94 10.6756 1.36855 0.133984 9.45068 10.6846 -0.314616
12007.2 3015.94 10.6751 1.0623 0.172266 9.43633 10.6363 -0.483163
12007.2 3015.94 10.6769 0.933105 0.220117 9.83828 10.6102 -0.109944
12007.2 3015.94 10.683 1.08145 -0.215332 9.59424 10.6597 -0.198896
12007.2 3015.94 10.6793 1.52646 -0.0382813 9.98184 10.6515 0.122615
12007.2 3015.94 10.6751 1.16279 -0.129199 9.87178 10.6877 0.13108
12007.2 3015.94 10.6729 0.593359 0.114844 9.71387 10.6914 -0.0483367
12007.2 3015.94 10.6802 0.631641 0.0861328 9.85742 10.6755 0.032802
12007.2 3015.94 10.6761 0.861328 -0.153125 9.46025 10.6802 -0.327513
12007.2 3015.94 10.6745 0.789551 0.181836 9.88613 10.6336 -0.0355866
12007.2 3015.94 10.6732 0.794336 0.210547 9.80479 10.6636 0.0173086
12007.2 3015.94 10.6714 0.77998 0.129199 9.69951 10.6726 -0.0892818
12007.2 3015.94 10.6694 0.732129 0.0861328 9.82871 10.6585 -0.00553171
12007.2 3015.94 10.6655 0.861328 -0.114844 9.77607 10.6639 -0.021401
12007.2 3015.94 10.6644 1.11494 0.277539 10.1541 10.6616 0.346702
12007.2 3015.94 10.6664 0.832617 0.401953 10.2402 10.7099 0.568309
12007.2 3015.94 10.6628 0.866113 0.0526367 9.68037 10.7412 0.0551629
12007.2 3015.94 10.6663 0.899609 0.0191406 9.60859 10.6828 -0.219411
12007.2 3015.94 10.6665 0.851758 0.224902 9.72822 10.6406 -0.161338
12007.2 3015.94 10.6671 0.607715 0.0669922 9.21143 10.6432 -0.629844
12007.2 3015.94 10.6611 0.181836 0.200977 9.65645 10.5787 -0.359155
12007.2 3015.94 10.6562 1.58389 0.0813477 9.73301 10.6006 -0.146923
12007.2 3015.94 10.6477 1.41641 0.129199 10.4364 10.623 0.613536
12007.2 3015.94 10.6432 1.09102 0.0717773 10.0775 10.7187 0.511641
12007.2 3015.94 10.6475 0.933105 -0.13877 9.43633 10.7216 -0.224723
12007.2 3015.94 10.6485 0.957031 -0.0430664 9.4124 10.6292 -0.515387
12007.2 3015.94 10.6489 0.823047 0.0861328 9.55596 10.5808 -0.417272
12007.2 3015.94 10.645 0.92832 0.29668 9.72344 10.5838 -0.185954
12007.2 3015.94 10.6509 0.799121 0.258398 9.80957 10.6187 -0.0145739
12007.2 3015.94 10.6552 0.626855 0.177051 9.67559 10.6487 -0.106318
12007.2 3015.94 10.6573 0.717773 0.090918 9.64209 10.6427 -0.190735
12007.2 3015.94 10.6611 1.04795 0.0287109 9.80957 10.6345 -0.0473989
12007.2 3015.94 10.6711 1.31592 0.0430664 9.98184 10.6604 0.188162
12007.2 3015.94 10.6772 0.698633 0.478516 9.74736 10.699 0.0259461
12007.2 3015.94 10.6781 0.0765625 0.799121 9.64688 10.684 -0.157188
12007.2 3015.94 10.68 0.0717773 0.947461 10.068 10.6605 0.208697
12007.2 3015.94 10.6768 0.382812 0.569434 9.68516 10.7012 -0.0291893
12007.2 3015.94 10.6782 0.641211 0.488086 9.55596 10.6774 -0.269332
12007.2 3015.94 10.6789 0.62207 0.756055 9.94834 10.6445 0.0522282
12007.2 3015.94 10.6781 0.421094 0.712988 9.71387 10.6805 -0.0457729
12007.2 3015.94 10.6821 0.425879 0.550293 9.84307 10.6761 0.0276154
12007.2 3015.94 10.6788 0.349316 0.6125 9.71387 10.6819 -0.0744872
12007.2 3015.94 10.6803 0.449805 0.789551 9.80479 10.671 -0.0231395
12007.2 3015.94 10.6784 0.555078 0.516797 9.49854 10.6745 -0.3051
12007.2 3015.94 10.6727 0.45459 0.583789 9.85264 10.6341 -0.0584782
12007.2 3015.94 10.6769 0.368457 0.708203 9.98184 10.6641 0.188125
12007.2 3015.94 10.6764 0.583789 0.512012 9.64209 10.6987 -0.0822198
12007.2 3015.94 10.6729 0.349316 0.62207 9.69473 10.6658 -0.151405
12007.2 3015.94 10.6747 0.617285 0.550293 9.72822 10.6543 -0.120682
12007.2 3015.94 10.6742 0.531152 0.76084 9.8335 10.6563 0.00270979
12007.2 3015.94 10.6746 0.526367 0.717773 9.9292 10.6726 0.141868
12007.2 3015.94 10.6737 0.502441 0.650781 10.0584 10.6916 0.31024
12007.2 3015.94 10.6747 0.425879 0.382812 9.38848 10.7163 -0.310468
12007.2 3015.94 10.6731 0.282324 0.449805 9.62295 10.6391 -0.316643
12007.2 3015.94 10.6746 0.521582 0.392383 9.65166 10.6297 -0.239808
12007.2 3015.94 10.6734 0.674707 0.559863 9.82393 10.6374 -0.0345925
12007.2 3015.94 10.6752 0.617285 0.693848 9.88613 10.666 0.097881
12007.2 3015.94 10.6739 0.535938 0.6125 9.75693 10.6854 -0.00270879
12007.2 3015.94 10.6717 0.392383 0.45459 9.49854 10.6731 -0.311229
12007.2 3015.94 10.6715 0.803906 0.502441 9.73779 10.6321 -0.175449
12007.2 3015.94 10.6735 0.535938 0.789551 10.0488 10.6459 0.212044
12007.2 3015.94 10.6693 0.579004 0.703418 9.8335 10.6933 0.124966
12007.2 3015.94 10.6693 0.397168 0.617285 9.55596 10.6883 -0.21433
12007.2 3015.94 10.6732 0.29668 0.660352 9.61816 10.6479 -0.268743
12007.2 3015.94 10.6735 0.559863 0.607715 9.78086 10.6361 -0.0996347
12007.2 3015.94 10.6786 0.885254 0.478516 9.73779 10.6605 -0.070914
12007.2 3015.94 10.6785 0.574219 0.669922 9.80479 10.6672 -0.00927129
12007.2 3015.94 10.6755 0.46416 0.693848 9.65166 10.6733 -0.146366
12007.2 3015.94 10.6772 0.459375 0.579004 9.48896 10.658 -0.361347
12007.2 3015.94 10.6784 0.46416 0.741699 9.77607 10.6298 -0.141219
12007.2 3015.94 10.6782 0.516797 0.736914 9.88135 10.654 0.061359
12007.2 3015.94 10.6809 0.679492 0.636426 9.77129 10.6853 0.0105676
12007.2 3015.94 10.6775 0.425879 0.617285 9.61816 10.6798 -0.18301
12007.2 3015.94 10.6773 0.626855 0.512012 9.63252 10.6543 -0.2351
12007.2 3015.94 10.6782 0.449805 0.856543 9.97227 10.6452 0.102763
12007.2 3015.94 10.6782 0.421094 0.784766 9.8335 10.6871 0.0916733
12007.2 3015.94 10.6778 0.301465 0.674707 9.58467 10.6907 -0.188214
12007.2 3015.94 10.6787 0.378027 0.708203 9.89092 10.6563 0.0154243
12007.2 3015.94 10.679 0.521582 0.526367 9.79043 10.6781 0.0105229
12007.2 3015.94 10.6797 0.267969 0.588574 9.71387 10.6809 -0.0812951
12007.2 3015.94 10.679 0.349316 0.598145 9.86221 10.6689 0.0317156
12007.2 3015.94 10.677 0.358887 0.535938 9.82871 10.68 0.0453287
12007.2 3015.94 10.6803 0.44502 0.569434 9.56074 10.6861 -0.222718
12007.2 3015.94 10.6782 0.224902 0.856543 9.94834 10.6509 0.0630383
12007.2 3015.94 10.679 0.387598 0.459375 9.51289 10.6835 -0.246385
12007.2 3015.94 10.6774 0.45459 0.512012 9.75215 10.6468 -0.140557
12007.2 3015.94 10.6806 0.358887 0.827832 10.1541 10.6584 0.325025
12007.2 3015.94 10.6809 0.267969 0.516797 9.52725 10.7194 -0.141188
12007.2 3015.94 10.6801 0.229688 0.550293 9.74736 10.6672 -0.128669
12007.2 3015.94 10.6782 0.521582 0.45459 9.80479 10.6605 -0.03453
12007.2 3015.94 10.6796 0.325391 0.650781 10.0297 10.6728 0.229496
12007.2 3015.94 10.6798 0.129199 0.660352 9.71387 10.7081 0.00111402
12007.2 3015.94 10.6841 0.449805 0.47373 9.66123 10.6873 -0.153713
12007.2 3015.94 10.6784 0.516797 0.492871 9.77129 10.66 -0.0898194
12007.2 3015.94 10.6786 0.143555 0.645996 9.77129 10.6648 -0.0491844
12007.2 3015.94 10.6736 0.521582 0.708203 9.96748 10.6663 0.155372
12007.2 3015.94 10.6745 0.287109 0.593359 9.50811 10.6933 -0.230584
12007.2 3015.94 10.6706 0.114844 0.794336 9.46504 10.6442 -0.432554
12007.2 3015.94 10.6725 0.272754 0.698633 9.90049 10.6139 -0.037336
12007.2 3015.94 10.6673 0.282324 0.569434 9.84785 10.6558 0.0685551
12007.2 3015.94 10.6617 0.143555 0.631641 9.40283 10.6697 -0.368658
12007.2 3015.94 10.6582 -0.100488 0.92832 9.13008 10.6127 -0.810187
12007.2 3015.94 10.6461 0.224902 0.746484 9.18271 10.5387 -0.88809
12007.2 3015.94 10.6272 0.00478516 0.708203 9.42197 10.5029 -0.641695
12007.2 3015.94 10.6004 0.248828 0.980957 9.40283 10.5064 -0.566171
12007.2 3015.94 10.5732 -0.133984 1.1293 9.51289 10.4927 -0.448511
12007.2 3015.94 10.5387 0.0813477 1.0958 9.58467 10.4757 -0.347628
12007.2 3015.94 10.4932 0.110059 1.39248 9.13486 10.4468 -0.779286
12007.2 3015.94 10.4556 -0.16748 1.24414 8.95303 10.3553 -1.12232
12007.2 3015.94 10.4246 0.114844 0.976172 9.16357 10.273 -0.996779
12007.2 3015.94 10.3723 0.133984 0.373242 8.07734 10.2328 -2.01854
12007.2 3015.94 10.3228 -0.569434 0.995313 9.27363 10.0545 -1.19659
12007.2 3015.94 10.256 -0.569434 0.995313 9.27363 10.0781 -0.829008
12007.2 3015.94 10.2106 0.559863 0.579004 10.1397 10.0883 0.12561
12007.2 3015.94 10.1852 0.775195 0.77041 10.6757 10.1889 0.982957
12007.2 3015.94 10.1076 0.406738 1.50254 10.4891 10.2431 0.991548
12007.2 3015.94 10.0836 0.263184 1.8375 10.1063 10.23 0.561774
12007.2 3015.94 10.0185 -0.449805 2.83281 11.2738 10.1169 1.5411
12007.2 3015.94 10.0076 1.17715 1.63652 11.3456 10.2176 2.03137
12007.2 3015.94 9.99254 1.33027 1.65566 9.93398 10.2797 0.722501
12007.2 3015.94 9.97244 1.08623 2.44521 10.6565 10.1035 0.920596
12007.2 3015.94 9.96074 0.823047 1.89492 9.53203 10.096 -0.027306
12007.2 3015.94 9.95294 -0.00957031 1.17715 9.65166 9.96768 -0.249692
12007.2 3015.94 9.94464 -0.0239258 0.196191 9.80479 9.9158 -0.0999708
12007.2 3015.94 9.93554 -0.129199 0.483301 9.6373 9.92031 -0.186118
12007.2 3015.94 9.93884 -0.0957031 0.143555 9.8957 9.9128 0.0404489
12007.2 3015.94 9.93714 -0.0717773 -0.0191406 9.78564 9.93919 0.0157943
12007.2 3015.94 9.93475 -0.0526367 -0.0191406 9.79043 9.93732 -0.00672025
12007.2 3015.94 9.93565 -0.0669922 -0.0430664 9.78564 9.93501 -0.0178478
12007.2 3015.94 9.94055 -0.062207 -0.0334961 9.78564 9.93757 -0.0172479
12007.2 3015.94 9.93755 -0.0957031 -0.0478516 9.7665 9.93535 -0.0397304
12007.2 3015.94 9.94105 -0.0861328 -0.0382813 9.77607 9.93527 -0.0346098
12007.2 3015.94 9.94715 -0.0813477 -0.0382813 9.78086 9.94123 -0.0240231
12007.2 3015.94 9.95525 -0.0813477 -0.0382813 9.78086 9.95041 -0.0188404
12007.2 3015.94 9.95635 -0.0813477 -0.0334961 9.78564 9.95319 -0.0173518
12007.2 3015.94 9.94854 -0.0813477 -0.0382813 9.79043 9.94693 -0.0187983
12007.2 3015.94 9.93634 -0.0813477 -0.0382813 9.78086 9.9353 -0.0326862
12007.2 3015.94 9.93134 -0.0861328 -0.0334961 9.78086 9.92769 -0.0334556
12007.2 3015.94 9.92905 -0.0813477 -0.0382813 9.78086 9.92462 -0.030334
12007.2 3015.94 9.92305 -0.0861328 -0.0430664 9.78564 9.91939 -0.0262959
12007.2 3015.94 9.92255 -0.0813477 -0.0382813 9.79043 9.9188 -0.0170297
12007.2 3015.94 9.91365 -0.0813477 -0.0334961 9.78086 9.91214 -0.0285739
12007.2 3015.94 9.89616 -0.0861328 -0.0382813 9.78564 9.89455 -0.0348776
12007.2 3015.94 9.89065 -0.0861328 -0.0382813 9.78564 9.88671 -0.0294254
12007.2 3015.94 9.88765 -0.0861328 -0.0382813 9.78564 9.88379 -0.0243629
12007.2 3015.94 9.89495 -0.0861328 -0.0382813 9.78086 9.89043 -0.020786
12007.2 3015.94 9.89226 -0.0765625 -0.0382813 9.78564 9.88938 -0.0206845
12007.2 3015.94 9.89175 -0.0813477 -0.0334961 9.78564 9.88882 -0.020294
12007.2 3015.94 9.88505 -0.0765625 -0.0334961 9.78564 9.88295 -0.0240804
12007.2 3015.94 9.88785 -0.0813477 -0.0334961 9.78564 9.88417 -0.019903
12007.2 3015.94 9.89055 -0.0861328 -0.0382813 9.78564 9.88721 -0.0174478
12007.2 3015.94 9.88835 -0.0813477 -0.0334961 9.78564 9.88599 -0.0199145
12007.2 3015.94 9.88575 -0.0861328 -0.0334961 9.78564 9.88325 -0.0216857
12007.2 3015.94 9.89435 -0.0813477 -0.0382813 9.78564 9.89018 -0.0150722
12007.2 3015.94 9.89565 -0.0765625 -0.0382813 9.78086 9.89304 -0.021076
12007.2 3015.94 9.89075 -0.0813477 -0.0334961 9.79043 9.88836 -0.0186313
12007.2 3015.94 9.89905 -0.0765625 -0.0334961 9.78564 9.89532 -0.0142364
12007.2 3015.94 9.88875 -0.0813477 -0.0334961 9.78086 9.88778 -0.028475
12007.2 3015.94 9.89255 -0.0813477 -0.0334961 9.78086 9.88832 -0.0263525
12007.2 3015.94 9.89165 -0.0813477 -0.0382813 9.78086 9.88788 -0.0265124
12007.2 3015.94 9.88975 -0.0813477 -0.0334961 9.78564 9.88614 -0.0227142
12007.2 3015.94 9.89135 -0.0813477 -0.0287109 9.78564 9.8878 -0.0192122
12007.2 3015.94 9.89285 -0.0813477 -0.0382813 9.79043 9.88977 -0.0132656
12007.2 3015.94 9.88935 -0.0813477 -0.0382813 9.78564 9.88772 -0.0194029
12007.2 3015.94 9.88915 -0.0813477 -0.0430664 9.78564 9.8865 -0.0204331
12007.2 3015.94 9.89115 -0.0813477 -0.0334961 9.78086 9.88796 -0.0235338
12007.2 3015.94 9.89285 -0.0813477 -0.0382813 9.78086 9.88924 -0.0244983
12007.2 3015.94 9.89225 -0.0813477 -0.0382813 9.78564 9.88875 -0.0212599
12007.2 3015.94 9.89225 -0.0813477 -0.0334961 9.78086 9.8891 -0.0245673
12007.2 3015.94 9.89405 -0.0813477 -0.0334961 9.78564 9.8903 -0.0200476
12007.2 3015.94 9.89415 -0.0765625 -0.0334961 9.78564 9.89111 -0.0191177
12007.2 3015.94 9.89115 -0.0765625 -0.0334961 9.78564 9.88871 -0.0212218
12007.2 3015.94 9.89005 -0.0813477 -0.0334961 9.78086 9.88718 -0.0259372
12007.2 3015.94 9.88905 -0.0813477 -0.0334961 9.78086 9.88551 -0.0272962
12007.2 3015.94 9.88565 -0.0813477 -0.0382813 9.78564 9.88216 -0.0241079
12007.2 3015.94 9.88735 -0.0765625 -0.0382813 9.78086 9.88362 -0.0245138
12007.2 3015.94 9.88485 -0.0813477 -0.0382813 9.78564 9.88158 -0.0224088
12007.2 3015.94 9.89015 -0.0765625 -0.0382813 9.78564 9.88621 -0.0169513
12007.2 3015.94 9.89005 -0.0813477 -0.0382813 9.78564 9.88741 -0.0180105
12007.2 3015.94 9.88955 -0.0765625 -0.0382813 9.78086 9.88699 -0.0242612
12007.2 3015.94 9.88815 -0.0813477 -0.0334961 9.78564 9.88492 -0.0223585
12007.2 3015.94 9.88655 -0.0861328 -0.0334961 9.78564 9.8835 -0.0213715
12007.2 3015.94 9.88345 -0.0813477 -0.0382813 9.78564 9.88074 -0.0220913
12007.2 3015.94 9.88955 -0.0765625 -0.0334961 9.78564 9.88562 -0.0166849
12007.2 3015.94 9.89275 -0.0765625 -0.0382813 9.78086 9.88972 -0.0205963
12007.2 3015.94 9.88915 -0.0765625 -0.0382813 9.78564 9.8866 -0.0221448
12007.2 3015.94 9.89215 -0.0813477 -0.0334961 9.78564 9.88863 -0.0187928
12007.2 3015.94 9.89355 -0.0813477 -0.0334961 9.78564 9.89053 -0.0179828
12007.2 3015.94 9.89115 -0.0813477 -0.0334961 9.78564 9.88878 -0.0204443
12007.2 3015.94 9.88835 -0.0813477 -0.0334961 9.78564 9.88581 -0.0220038
12007.2 3015.94 9.88395 -0.0765625 -0.0334961 9.78086 9.88139 -0.02826
12007.2 3015.94 9.88935 -0.0765625 -0.0382813 9.78564 9.88474 -0.0194512
12007.2 3015.94 9.88695 -0.0765625 -0.0382813 9.78564 9.8842 -0.0199564
12007.2 3015.94 9.88215 -0.0765625 -0.0382813 9.78564 9.87987 -0.0228579
12007.2 3015.94 9.89075 -0.0813477 -0.0334961 9.78564 9.88646 -0.0156399
12007.2 3015.94 9.88745 -0.0813477 -0.0334961 9.78086 9.88534 -0.024145
12007.2 3015.94 9.88485 -0.0813477 -0.0382813 9.79043 9.88184 -0.0185851
12007.2 3015.94 9.88585 -0.0765625 -0.0382813 9.78086 9.88298 -0.0232769
12007.2 3015.94 9.87955 -0.0765625 -0.0382813 9.78086 9.87703 -0.0297228
12007.2 3015.94 9.87875 -0.0813477 -0.0382813 9.78086 9.87475 -0.0287536
12007.2 3015.94 9.88155 -0.0765625 -0.0334961 9.78086 9.87703 -0.0251579
12007.2 3015.94 9.87575 -0.0813477 -0.0334961 9.78086 9.87271 -0.0290271
12007.2 3015.94 9.88265 -0.0813477 -0.0382813 9.78564 9.8777 -0.0184656
12007.2 3015.94 9.88835 -0.0765625 -0.0382813 9.78564 9.88465 -0.0141984
12007.2 3015.94 9.89115 -0.0765625 -0.0334961 9.78086 9.88852 -0.0200998
12007.2 3015.94 9.88395 -0.0813477 -0.0382813 9.79043 9.88198 -0.0197368
12007.2 3015.94 9.88205 -0.0765625 -0.0382813 9.78564 9.87953 -0.0214233
12007.2 3015.94 9.88685 -0.0813477 -0.0382813 9.78086 9.88319 -0.0221834
12007.2 3015.94 9.88515 -0.0813477 -0.0334961 9.78564 9.88208 -0.0211018
