12007.2 3015.97 -1.13829 -0.119629 -0.0526367 9.8 -18.2719 -9.13137
12007.2 3015.97 -1.13639 -0.124414 -0.062207 9.8 -18.3527 -0.179711
12007.2 3015.97 -1.13888 -0.124414 -0.0526367 9.80479 -18.3246 -0.0215617
12007.2 3015.97 -1.13388 -0.124414 -0.0574219 9.80479 -18.3022 0.0152921
12007.2 3015.97 -1.14019 -0.119629 -0.062207 9.80479 -18.3002 0.010303
12007.2 3015.97 -1.14698 -0.119629 -0.0574219 9.8 -18.3066 -0.0018711
12007.2 3015.97 -1.14658 -0.119629 -0.0526367 9.8 -18.3086 -0.00197059
12007.2 3015.97 -1.14589 -0.119629 -0.0574219 9.8 -18.3082 -0.000278116
12007.2 3015.97 -1.14608 -0.119629 -0.0574219 9.79521 -18.3081 -0.00479348
12007.2 3015.97 -1.14339 -0.119629 -0.062207 9.8 -18.3063 2.99497e-05
12007.2 3015.97 -1.14309 -0.124414 -0.0574219 9.80479 -18.3052 0.00560155
12007.2 3015.97 -1.14488 -0.124414 -0.0574219 9.80479 -18.306 0.00575774
12007.2 3015.97 -1.14419 -0.119629 -0.0574219 9.80479 -18.3054 0.00671526
12007.2 3015.97 -1.14168 -0.124414 -0.0574219 9.8 -18.303 0.00353598
12007.2 3015.97 -1.14549 -0.124414 -0.0574219 9.80479 -18.3065 0.00322116
12007.2 3015.97 -1.14071 -0.119629 -0.0574219 9.8 -18.3028 0.00357156
12007.2 3015.97 -1.13801 -0.119629 -0.062207 9.8 -18.2999 0.00305755
12007.2 3015.97 -1.1439 -0.119629 -0.062207 9.8 -18.3047 -0.00272995
12007.2 3015.97 -1.14201 -0.124414 -0.0574219 9.8 -18.3044 -0.000511549
12007.2 3015.97 -1.14241 -0.124414 -0.0574219 9.80479 -18.3045 0.00462594
12007.2 3015.97 -1.1424 -0.119629 -0.062207 9.8 -18.3038 0.00171658
12007.2 3015.97 -1.1408 -0.119629 -0.062207 9.8 -18.3027 0.00127119
12007.2 3015.97 -1.13841 -0.119629 -0.0574219 9.8 -18.3005 0.00193505
12007.2 3015.97 -1.14111 -0.124414 -0.0574219 9.8 -18.3025 -0.000944971
12007.2 3015.97 -1.14211 -0.119629 -0.0574219 9.8 -18.304 -0.00134663
12007.2 3015.97 -1.14671 -0.124414 -0.062207 9.8 -18.3083 -0.00347873
12007.2 3015.97 -1.14601 -0.119629 -0.0574219 9.80479 -18.3085 0.00370399
12007.2 3015.97 -1.14951 -0.124414 -0.062207 9.80479 -18.3107 0.00418704
12007.2 3015.97 -1.14822 -0.119629 -0.0574219 9.8 -18.3097 0.0017916
12007.2 3015.97 -1.14621 -0.124414 -0.0574219 9.80479 -18.3082 0.00640712
12007.2 3015.97 -1.14541 -0.119629 -0.0574219 9.80479 -18.3067 0.00758589
12007.2 3015.97 -1.14481 -0.119629 -0.0478516 9.8 -18.3058 0.00265863
12007.2 3015.97 -1.14481 -0.124414 -0.062207 9.8 -18.3063 0.000334168
12007.2 3015.97 -1.14511 -0.124414 -0.0574219 9.8 -18.307 -0.000365207
12007.2 3015.97 -1.14661 -0.124414 -0.062207 9.8 -18.3084 -0.00118239
12007.2 3015.97 -1.1419 -0.124414 -0.0574219 9.80479 -18.3046 0.00726727
12007.2 3015.97 -1.1416 -0.124414 -0.0526367 9.80479 -18.3028 0.00806163
12007.2 3015.97 -1.1448 -0.119629 -0.0574219 9.8 -18.3053 0.000353913
12007.2 3015.97 -1.1397 -0.119629 -0.0526367 9.8 -18.3021 0.00240671
12007.2 3015.97 -1.14191 -0.124414 -0.062207 9.8 -18.3034 -0.000279089
12007.2 3015.97 -1.1446 -0.124414 -0.0574219 9.80479 -18.3062 0.00261819
12007.2 3015.97 -1.141 -0.119629 -0.0574219 9.8 -18.3031 0.00300514
12007.2 3015.97 -1.1458 -0.124414 -0.0574219 9.80479 -18.3068 0.00284795
12007.2 3015.97 -1.1423 -0.119629 -0.0574219 9.8 -18.3043 0.00263664
12007.2 3015.97 -1.14371 -0.124414 -0.062207 9.80479 -18.3052 0.00481243
12007.2 3015.97 -1.14061 -0.124414 -0.0574219 9.8 -18.3023 0.00338603
12007.2 3015.97 -1.1384 -0.119629 -0.062207 9.80479 -18.3002 0.00723384
12007.2 3015.97 -1.139 -0.124414 -0.062207 9.80479 -18.3 0.0068917
12007.2 3015.97 -1.1405 -0.124414 -0.0574219 9.8 -18.3013 0.000871972
12007.2 3015.97 -1.1379 -0.119629 -0.0574219 9.80479 -18.3 0.0059974
12007.2 3015.97 -1.1434 -0.119629 -0.0574219 9.79521 -18.3039 -0.0060964
12007.2 3015.97 -1.141 -0.124414 -0.0574219 9.80479 -18.3039 0.00319173
12007.2 3015.97 -1.1406 -0.119629 -0.0574219 9.80479 -18.3024 0.00676536
12007.2 3015.97 -1.1415 -0.124414 -0.0574219 9.80479 -18.3025 0.00649287
12007.2 3015.97 -1.1422 -0.124414 -0.0526367 9.80957 -18.3032 0.0108183
12007.2 3015.97 -1.14581 -0.119629 -0.0574219 9.80479 -18.3058 0.00571252
12007.2 3015.97 -1.14681 -0.124414 -0.0526367 9.8 -18.3077 0.000161661
12007.2 3015.97 -1.14891 -0.124414 -0.0574219 9.80957 -18.3105 0.0075788
12007.2 3015.97 -1.1503 -0.119629 -0.0574219 9.8 -18.3111 0.00156786
12007.2 3015.97 -1.14891 -0.119629 -0.0574219 9.80957 -18.3107 0.0102628
12007.2 3015.97 -1.148 -0.119629 -0.0526367 9.80479 -18.3088 0.00895277
12007.2 3015.97 -1.14592 -0.119629 -0.062207 9.80479 -18.3069 0.00857079
12007.2 3015.97 -1.14721 -0.119629 -0.0574219 9.80479 -18.3078 0.00639047
12007.2 3015.97 -1.14851 -0.119629 -0.0574219 9.80479 -18.3094 0.00537295
12007.2 3015.97 -1.14671 -0.119629 -0.0574219 9.8 -18.3081 0.00235052
12007.2 3015.97 -1.13692 -0.124414 -0.062207 9.8 -18.2998 0.00672242
12007.2 3015.97 -1.13662 -0.124414 -0.062207 9.80479 -18.2979 0.00795711
12007.2 3015.97 -1.13792 -0.119629 -0.062207 9.8 -18.2986 0.00158976
12007.2 3015.97 -1.13872 -0.119629 -0.062207 9.8 -18.3003 -0.000751774
12007.2 3015.97 -1.13881 -0.124414 -0.062207 9.79521 -18.3008 -0.00541491
12007.2 3015.97 -1.13712 -0.124414 -0.0574219 9.79521 -18.3 -0.00563687
12007.2 3015.97 -1.13981 -0.119629 -0.0574219 9.8 -18.3023 -0.00317442
12007.2 3015.97 -1.13812 -0.129199 -0.0574219 9.8 -18.3008 0.000250719
12007.2 3015.97 -1.13742 -0.119629 -0.0574219 9.8 -18.2996 0.000971926
12007.2 3015.97 -1.13742 -0.119629 -0.062207 9.8 -18.2993 0.000440926
12007.2 3015.97 -1.14441 -0.124414 -0.0574219 9.80479 -18.3055 0.000408773
12007.2 3015.97 -1.14902 -0.119629 -0.0574219 9.80479 -18.3103 0.00137364
12007.2 3015.97 -1.14832 -0.119629 -0.0574219 9.80479 -18.3101 0.00524129
12007.2 3015.97 -1.14502 -0.124414 -0.0574219 9.80479 -18.3067 0.00867027
12007.2 3015.97 -1.14611 -0.114844 -0.0574219 9.80479 -18.3068 0.00704043
12007.2 3015.97 -1.14701 -0.119629 -0.0574219 9.80957 -18.3078 0.0107132
12007.2 3015.97 -1.14752 -0.124414 -0.0574219 9.79521 -18.3079 -0.00199774
12007.2 3015.97 -1.14801 -0.119629 -0.0574219 9.8 -18.31 -0.00204087
12007.2 3015.97 -1.14732 -0.119629 -0.0574219 9.79521 -18.3097 -0.005084
12007.2 3015.97 -1.14642 -0.124414 -0.0574219 9.8 -18.3092 -0.00103654
12007.2 3015.97 -1.15101 -0.124414 -0.0574219 9.8 -18.3127 -0.0027912
12007.2 3015.97 -1.15081 -0.124414 -0.062207 9.80479 -18.3131 0.00368211
12007.2 3015.97 -1.14961 -0.119629 -0.0574219 9.80479 -18.3113 0.00709491
12007.2 3015.97 -1.15121 -0.124414 -0.0574219 9.8 -18.3121 0.00136037
12007.2 3015.97 -1.14971 -0.124414 -0.0574219 9.8 -18.3116 0.0007206
12007.2 3015.97 -1.15231 -0.119629 -0.0574219 9.8 -18.3139 -0.00148606
12007.2 3015.97 -1.1529 -0.119629 -0.062207 9.8 -18.315 -0.00119451
12007.2 3015.97 -1.1557 -0.124414 -0.0574219 9.80479 -18.3175 0.0026024
12007.2 3015.97 -1.1529 -0.119629 -0.0574219 9.80479 -18.3149 0.00738816
12007.2 3015.97 -1.1503 -0.124414 -0.0574219 9.80479 -18.3117 0.00911036
12007.2 3015.97 -1.14551 -0.124414 -0.0574219 9.80479 -18.3069 0.0107419
12007.2 3015.97 -1.1505 -0.119629 -0.0574219 9.8 -18.3104 0.000282847
12007.2 3015.97 -1.14851 -0.124414 -0.0574219 9.8 -18.3105 4.61649e-05
12007.2 3015.97 -1.1501 -0.124414 -0.0574219 9.80479 -18.3119 0.00375113
12007.2 3015.97 -1.1467 -0.124414 -0.0574219 9.8 -18.3086 0.00338979
12007.2 3015.97 -1.14401 -0.124414 -0.062207 9.8 -18.3059 0.00289761
12007.2 3015.97 -1.1465 -0.114844 -0.062207 9.80479 -18.3078 0.00417443
12007.2 3015.97 -1.14721 -0.124414 -0.062207 9.8 -18.3085 0.000607245
12007.2 3015.97 -1.1442 -0.124414 -0.0574219 9.8 -18.3064 0.00168656
12007.2 3015.97 -1.14251 -0.124414 -0.0574219 9.8 -18.3045 0.00182866
12007.2 3015.97 -1.14541 -0.124414 -0.0574219 9.80957 -18.3068 0.00839142
12007.2 3015.97 -1.14982 -0.124414 -0.0574219 9.8 -18.3101 -0.000175788
12007.2 3015.97 -1.14812 -0.114844 -0.0574219 9.80479 -18.3101 0.00471677
12007.2 3015.97 -1.14952 -0.119629 -0.0574219 9.8 -18.3107 0.000819744
12007.2 3015.97 -1.14422 -0.124414 -0.0574219 9.80479 -18.3067 0.00797389
12007.2 3015.97 -1.14021 -0.119629 -0.0526367 9.8 -18.3018 0.00573745
12007.2 3015.97 -1.14592 -0.124414 -0.062207 9.8 -18.3064 -0.00186265
12007.2 3015.97 -1.14501 -0.119629 -0.062207 9.80479 -18.3072 0.00372646
12007.2 3015.97 -1.14571 -0.124414 -0.0574219 9.80479 -18.3072 0.005786
12007.2 3015.97 -1.14572 -0.124414 -0.0574219 9.79521 -18.3069 -0.00305284
12007.2 3015.97 -1.15542 -0.124414 -0.062207 9.80479 -18.3165 -0.00303206
12007.2 3015.97 -1.15681 -0.119629 -0.062207 9.80479 -18.3189 0.00219621
12007.2 3015.97 -1.15751 -0.124414 -0.062207 9.80479 -18.3191 0.00518643
12007.2 3015.97 -1.1526 -0.119629 -0.0574219 9.8 -18.3145 0.00477615
12007.2 3015.97 -1.15961 -0.119629 -0.0574219 9.8 -18.3201 -0.0028088
12007.2 3015.97 -1.15451 -0.119629 -0.0574219 9.8 -18.3173 0.00128264
12007.2 3015.97 -1.1593 -0.124414 -0.0574219 9.80479 -18.3206 0.00270338
12007.2 3015.97 -1.15512 -0.119629 -0.0574219 9.8 -18.3172 0.00322269
12007.2 3015.97 -1.15321 -0.124414 -0.0574219 9.80479 -18.3151 0.00723134
12007.2 3015.97 -1.15042 -0.124414 -0.062207 9.80479 -18.3118 0.00908026
12007.2 3015.97 -1.15251 -0.124414 -0.0574219 9.80479 -18.313 0.00634584
12007.2 3015.97 -1.15131 -0.124414 -0.0526367 9.8 -18.3125 0.00209853
12007.2 3015.97 -1.15032 -0.119629 -0.0574219 9.80479 -18.3121 0.00563631
12007.2 3015.97 -1.14972 -0.114844 -0.062207 9.8 -18.311 0.00225715
12007.2 3015.97 -1.15221 -0.119629 -0.0574219 9.80479 -18.3135 0.00357678
12007.2 3015.97 -1.15012 -0.119629 -0.0574219 9.8 -18.3118 0.00218637
12007.2 3015.97 -1.14992 -0.124414 -0.0526367 9.80479 -18.3116 0.00552315
12007.2 3015.97 -1.15202 -0.129199 -0.0574219 9.8 -18.313 0.000464914
12007.2 3015.97 -1.14562 -0.119629 -0.0574219 9.8 -18.3082 0.00361579
12007.2 3015.97 -1.14742 -0.124414 -0.0574219 9.8 -18.3088 0.000550435
12007.2 3015.97 -1.15361 -0.114844 -0.0526367 9.8 -18.3147 -0.00414911
12007.2 3015.97 -1.15552 -0.119629 -0.0574219 9.80479 -18.3177 0.00147431
12007.2 3015.97 -1.15642 -0.124414 -0.0574219 9.80479 -18.3181 0.00484661
12007.2 3015.97 -1.15661 -0.119629 -0.0574219 9.79521 -18.3179 -0.00334151
12007.2 3015.97 -1.15531 -0.119629 -0.062207 9.8 -18.3178 -0.000804622
12007.2 3015.97 -1.15441 -0.124414 -0.0574219 9.80957 -18.3167 0.0101766
12007.2 3015.97 -1.15572 -0.119629 -0.0574219 9.8 -18.3163 0.00301365
12007.2 3015.97 -1.15261 -0.124414 -0.0574219 9.8 -18.3144 0.00216125
12007.2 3015.97 -1.15652 -0.119629 -0.062207 9.8 -18.3177 -0.00182688
12007.2 3015.97 -1.15342 -0.124414 -0.062207 9.8 -18.3159 0.00081419
12007.2 3015.97 -1.15862 -0.124414 -0.0526367 9.8 -18.3199 -0.00269356
12007.2 3015.97 -1.15723 -0.119629 -0.0574219 9.8 -18.3197 -0.000528701
12007.2 3015.97 -1.15642 -0.124414 -0.0574219 9.8 -18.3186 0.000601514
12007.2 3015.97 -1.15052 -0.105273 -0.0239258 9.88613 -18.3132 0.0902662
12007.2 3015.97 -1.15742 -0.124414 -0.0526367 9.8 -18.3071 0.028582
12007.2 3015.97 -1.15142 -0.119629 -0.062207 9.8 -18.309 0.00629749
12007.2 3015.97 -1.15613 -0.124414 -0.0526367 9.8 -18.3162 -0.00357872
12007.2 3015.97 -1.14902 -0.119629 -0.0574219 9.8 -18.3121 0.00199813
12007.2 3015.97 -1.14983 -0.119629 -0.062207 9.8 -18.3116 0.000914678
12007.2 3015.97 -1.15062 -0.124414 -0.062207 9.79521 -18.3124 -0.00510223
12007.2 3015.97 -1.15531 -0.124414 -0.0574219 9.8 -18.3173 -0.00499217
12007.2 3015.97 -1.15531 -0.124414 -0.0574219 9.79521 -18.318 -0.00657495
12007.2 3015.97 -1.15221 -0.119629 -0.0574219 9.8 -18.3155 1.78501e-05
12007.2 3015.97 -1.15441 -0.119629 -0.0574219 9.79521 -18.3163 -0.00534403
12007.2 3015.97 -1.15491 -0.124414 -0.062207 9.80479 -18.3175 0.00246267
12007.2 3015.97 -1.15361 -0.129199 -0.0574219 9.80479 -18.3155 0.0068914
12007.2 3015.97 -1.15251 -0.124414 -0.0239258 9.88613 -18.3138 0.0892743
12007.2 3015.97 -1.15042 -0.119629 -0.062207 9.8 -18.3012 0.0330509
12007.2 3015.97 -1.15362 -0.119629 -0.062207 9.80479 -18.3096 0.00750334
12007.2 3015.97 -1.15352 -0.119629 -0.0574219 9.80479 -18.3138 0.00369476
12007.2 3015.97 -1.1599 -0.124414 -0.0574219 9.80479 -18.3204 0.000937759
12007.2 3015.97 -1.15462 -0.124414 -0.0574219 9.8 -18.317 0.00275851
12007.2 3015.97 -1.15561 -0.124414 -0.0574219 9.8 -18.3172 0.000590032
12007.2 3015.97 -1.15541 -0.124414 -0.062207 9.8 -18.3173 6.53383e-05
12007.2 3015.97 -1.15332 -0.119629 -0.0574219 9.80479 -18.3156 0.00608222
12007.2 3015.97 -1.15502 -0.124414 -0.0574219 9.80479 -18.3161 0.00604462
12007.2 3015.97 -1.15471 -0.124414 -0.0574219 9.8 -18.3159 0.0017627
12007.2 3015.97 -1.15251 -0.124414 -0.0574219 9.80479 -18.3145 0.00628454
12007.2 3015.97 -1.15742 -0.124414 -0.0526367 9.79521 -18.318 -0.00568856
12007.2 3015.97 -1.15462 -0.124414 -0.0574219 9.8 -18.3175 -0.00117844
12007.2 3015.97 -1.14841 -0.124414 -0.0574219 9.80479 -18.3115 0.00890638
12007.2 3015.97 -1.14951 -0.124414 -0.062207 9.8 -18.3104 0.00317967
12007.2 3015.97 -1.14741 -0.119629 -0.0574219 9.8 -18.3091 0.00176058
12007.2 3015.97 -1.14741 -0.119629 -0.0574219 9.80479 -18.3091 0.00524385
12007.2 3015.97 -1.14551 -0.119629 -0.062207 9.8 -18.3071 0.00293423
12007.2 3015.97 -1.14941 -0.119629 -0.0574219 9.80479 -18.3105 0.00306051
12007.2 3015.97 -1.1416 -0.119629 -0.0574219 9.80479 -18.3041 0.0102848
12007.2 3015.97 -1.14761 -0.119629 -0.062207 9.8 -18.3076 0.00017618
12007.2 3015.97 -1.14651 -0.119629 -0.0574219 9.8 -18.3084 -0.000520645
12007.2 3015.97 -1.14471 -0.119629 -0.0574219 9.8 -18.307 0.000879725
12007.2 3015.97 -1.14962 -0.124414 -0.0574219 9.80479 -18.3109 0.00213831
12007.2 3015.97 -1.14931 -0.119629 -0.0526367 9.8 -18.311 0.000520467
12007.2 3015.97 -1.14862 -0.119629 -0.0574219 9.79521 -18.3106 -0.00435895
12007.2 3015.97 -1.15032 -0.119629 -0.0574219 9.80479 -18.3127 0.00210999
12007.2 3015.97 -1.14701 -0.124414 -0.0526367 9.8 -18.3092 0.00309286
12007.2 3015.97 -1.14762 -0.124414 -0.0574219 9.79521 -18.3092 -0.00393308
12007.2 3015.97 -1.14981 -0.124414 -0.0574219 9.8 -18.312 -0.00310617
12007.2 3015.97 -1.14402 -0.124414 -0.062207 9.79521 -18.3072 -0.00209303
12007.2 3015.97 -1.14402 -0.124414 -0.0574219 9.80479 -18.3064 0.00476256
12007.2 3015.97 -1.14672 -0.119629 -0.0574219 9.80479 -18.3078 0.00504248
12007.2 3015.97 -1.14863 -0.114844 -0.062207 9.80479 -18.3096 0.0048112
12007.2 3015.97 -1.14293 -0.124414 -0.0574219 9.80479 -18.3049 0.0095219
12007.2 3015.97 -1.14502 -0.124414 -0.0574219 9.80479 -18.3055 0.0068705
12007.2 3015.97 -1.14323 -0.119629 -0.0574219 9.8 -18.3044 0.00268065
12007.2 3015.97 -1.14853 -0.124414 -0.0574219 9.8 -18.3094 -0.00295951
12007.2 3015.97 -1.14564 -0.124414 -0.062207 9.8 -18.3082 6.57944e-05
12007.2 3015.97 -1.14353 -0.119629 -0.0574219 9.8 -18.3059 0.00175663
12007.2 3015.97 -1.14244 -0.119629 -0.0574219 9.8 -18.3044 0.00154487
12007.2 3015.97 -1.14533 -0.124414 -0.0574219 9.8 -18.3068 -0.00131473
12007.2 3015.97 -1.14153 -0.119629 -0.0574219 9.80479 -18.3041 0.0063733
12007.2 3015.97 -1.14482 -0.124414 -0.062207 9.8 -18.3057 0.000566739
12007.2 3015.97 -1.14241 -0.124414 -0.062207 9.8 -18.3045 0.00100334
12007.2 3015.97 -1.14342 -0.124414 -0.0574219 9.8 -18.3052 -0.000224045
12007.2 3015.97 -1.14722 -0.129199 -0.0574219 9.8 -18.3087 -0.00267196
12007.2 3015.97 -1.14541 -0.124414 -0.062207 9.80479 -18.3079 0.00466895
12007.2 3015.97 -1.14722 -0.124414 -0.0574219 9.8 -18.3085 0.000853792
12007.2 3015.97 -1.14852 -0.119629 -0.0574219 9.80479 -18.3101 0.00377434
12007.2 3015.97 -1.15012 -0.124414 -0.062207 9.8 -18.3114 0.000103683
12007.2 3015.97 -1.14652 -0.119629 -0.062207 9.8 -18.3089 0.00187039
12007.2 3015.97 -1.14662 -0.124414 -0.062207 9.80479 -18.3084 0.0056204
12007.2 3015.97 -1.15042 -0.119629 -0.0574219 9.8 -18.3112 -0.000535775
12007.2 3015.97 -1.14962 -0.124414 -0.0574219 9.80479 -18.3116 0.00432019
12007.2 3015.97 -1.14911 -0.124414 -0.062207 9.80479 -18.3106 0.00667731
12007.2 3015.97 -1.14832 -0.124414 -0.0574219 9.8 -18.3095 0.00260247
12007.2 3015.97 -1.14553 -0.129199 -0.0574219 9.8 -18.3075 0.00220644
12007.2 3015.97 -1.14342 -0.119629 -0.062207 9.8 -18.3054 0.00209118
12007.2 3015.97 -1.14402 -0.119629 -0.0574219 9.8 -18.3057 0.000356934
12007.2 3015.97 -1.14203 -0.119629 -0.0574219 9.80479 -18.3042 0.00596439
12007.2 3015.97 -1.14423 -0.119629 -0.0574219 9.8 -18.3052 0.000852192
12007.2 3015.97 -1.13664 -0.119629 -0.0574219 9.8 -18.2994 0.00451205
12007.2 3015.97 -1.13892 -0.129199 -0.0574219 9.8 -18.3002 0.000629504
12007.2 3015.97 -1.14143 -0.129199 -0.062207 9.80479 -18.3029 0.00291756
12007.2 3015.97 -1.14062 -0.119629 -0.0574219 9.79521 -18.3023 -0.00353557
12007.2 3015.97 -1.14483 -0.124414 -0.0574219 9.80479 -18.3067 0.000608003
12007.2 3015.97 -1.14182 -0.124414 -0.0574219 9.8 -18.3041 0.00206231
12007.2 3015.97 -1.14222 -0.124414 -0.0574219 9.80957 -18.3039 0.0102393
12007.2 3015.97 -1.14122 -0.119629 -0.0574219 9.8 -18.302 0.00415656
12007.2 3015.97 -1.14262 -0.119629 -0.062207 9.8 -18.3038 -0.000170554
12007.2 3015.97 -1.14422 -0.119629 -0.0574219 9.80479 -18.3059 0.00314802
12007.2 3015.97 -1.14372 -0.119629 -0.062207 9.79521 -18.3053 -0.00351317
12007.2 3015.97 -1.14012 -0.119629 -0.0574219 9.8 -18.303 0.000794664
12007.2 3015.97 -1.14241 -0.114844 -0.0574219 9.8 -18.3041 -0.000632208
12007.2 3015.97 -1.14042 -0.119629 -0.0574219 9.80479 -18.3027 0.00565262
12007.2 3015.97 -1.14182 -0.119629 -0.0574219 9.80479 -18.303 0.00611629
12007.2 3015.97 -1.13992 -0.124414 -0.0478516 9.80479 -18.3013 0.00765611
12007.2 3015.97 -1.13672 -0.119629 -0.0574219 9.8 -18.2981 0.00439308
12007.2 3015.97 -1.13822 -0.124414 -0.062207 9.80479 -18.2994 0.00499665
12007.2 3015.97 -1.13942 -0.119629 -0.0574219 9.80479 -18.3005 0.00528475
12007.2 3015.97 -1.13842 -0.119629 -0.0574219 9.8 -18.2998 0.00197394
12007.2 3015.97 -1.14062 -0.114844 -0.0574219 9.8 -18.302 -0.00111571
12007.2 3015.97 -1.14511 -0.124414 -0.0574219 9.80479 -18.3066 0.00111863
12007.2 3015.97 -1.1407 -0.124414 -0.0526367 9.8 -18.3031 0.00289614
12007.2 3015.97 -1.14451 -0.124414 -0.062207 9.80479 -18.3057 0.00362119
12007.2 3015.97 -1.14041 -0.119629 -0.0574219 9.80479 -18.3024 0.00819717
12007.2 3015.97 -1.1411 -0.124414 -0.0574219 9.80479 -18.302 0.00726966
12007.2 3015.97 -1.1405 -0.119629 -0.0574219 9.80479 -18.3015 0.00706367
12007.2 3015.97 -1.136 -0.124414 -0.0239258 9.88613 -18.2975 0.0909227
12007.2 3015.97 -1.13841 -0.119629 -0.0574219 9.8 -18.2885 0.0309511
12007.2 3015.97 -1.13731 -0.119629 -0.0574219 9.79521 -18.294 -0.000548848
12007.2 3015.97 -1.13621 -0.124414 -0.0574219 9.8 -18.2977 -0.00289449
12007.2 3015.97 -1.1355 -0.119629 -0.0574219 9.8 -18.2979 -0.00089321
12007.2 3015.97 -1.13101 -0.124414 -0.0574219 9.8 -18.2937 0.00280754
12007.2 3015.97 -1.13451 -0.119629 -0.062207 9.8 -18.2958 -0.000754871
12007.2 3015.97 -1.13101 -0.119629 -0.0574219 9.8 -18.2935 0.00151194
12007.2 3015.97 -1.13131 -0.124414 -0.0574219 9.8 -18.2931 0.000642387
12007.2 3015.97 -1.1302 -0.124414 -0.0574219 9.8 -18.2922 0.000828195
12007.2 3015.97 -1.13231 -0.119629 -0.062207 9.8 -18.2939 -0.00102633
12007.2 3015.97 -1.13441 -0.124414 -0.0574219 9.79521 -18.2962 -0.00673402
12007.2 3015.97 -1.12781 -0.119629 -0.0574219 9.8 -18.2915 0.00167559
12007.2 3015.97 -1.13001 -0.124414 -0.062207 9.8 -18.2917 0.000268736
12007.2 3015.97 -1.13921 -0.119629 -0.0574219 9.8 -18.3 -0.00596501
12007.2 3015.97 -1.13801 -0.119629 -0.0574219 9.8 -18.3008 -0.00217788
12007.2 3015.97 -1.13651 -0.124414 -0.0574219 9.8 -18.2991 0.000655173
12007.2 3015.97 -1.13451 -0.119629 -0.062207 9.80479 -18.2968 0.00666013
12007.2 3015.97 -1.13251 -0.124414 -0.0574219 9.80479 -18.2939 0.00862508
12007.2 3015.97 -1.13191 -0.124414 -0.0574219 9.8 -18.2928 0.00313399
12007.2 3015.97 -1.1314 -0.124414 -0.062207 9.8 -18.2929 0.000752262
12007.2 3015.97 -1.13331 -0.119629 -0.0574219 9.8 -18.2949 -0.00124997
12007.2 3015.97 -1.12681 -0.119629 -0.0574219 9.79521 -18.2897 -0.00133743
12007.2 3015.97 -1.12942 -0.119629 -0.0574219 9.8 -18.2914 -0.00154765
12007.2 3015.97 -1.12221 -0.119629 -0.0526367 9.8 -18.2853 0.00402435
12007.2 3015.97 -1.12531 -0.119629 -0.062207 9.80479 -18.2865 0.00496098
12007.2 3015.97 -1.12301 -0.124414 -0.0574219 9.8 -18.2846 0.00277228
12007.2 3015.97 -1.12321 -0.124414 -0.0574219 9.79043 -18.2848 -0.00897842
12007.2 3015.97 -1.12141 -0.114844 -0.0574219 9.8 -18.2847 -0.00236367
12007.2 3015.97 -1.12011 -0.119629 -0.0526367 9.8 -18.2827 0.000820741
12007.2 3015.97 -1.11611 -0.124414 -0.062207 9.80957 -18.2786 0.0128273
12007.2 3015.97 -1.1194 -0.124414 -0.0526367 9.8 -18.2794 0.00282864
12007.2 3015.97 -1.11391 -0.119629 -0.0574219 9.8 -18.276 0.00326261
12007.2 3015.97 -1.11751 -0.124414 -0.0574219 9.80479 -18.2786 0.0037141
12007.2 3015.97 -1.1046 -0.119629 -0.062207 9.8 -18.2677 0.0090442
12007.2 3015.97 -1.1111 -0.114844 -0.062207 9.8 -18.2713 -0.000218489
12007.2 3015.97 -1.1103 -0.119629 -0.0574219 9.80479 -18.2722 0.00403865
12007.2 3015.97 -1.1096 -0.124414 -0.0574219 9.8 -18.2712 0.00183595
12007.2 3015.97 -1.1104 -0.119629 -0.0574219 9.8 -18.272 -0.000128601
12007.2 3015.97 -1.1117 -0.119629 -0.0574219 9.80479 -18.2735 0.00365753
12007.2 3015.97 -1.10881 -0.114844 -0.0574219 9.8 -18.2707 0.00304217
12007.2 3015.97 -1.11021 -0.124414 -0.0574219 9.8 -18.2716 0.000123351
12007.2 3015.97 -1.11481 -0.124414 -0.062207 9.80957 -18.2761 0.00630002
12007.2 3015.97 -1.11151 -0.129199 -0.0574219 9.8 -18.273 0.00395113
12007.2 3015.97 -1.11249 -0.124414 -0.0526367 9.8 -18.2738 0.000499061
12007.2 3015.97 -1.11209 -0.119629 -0.062207 9.8 -18.274 -8.02105e-06
12007.2 3015.97 -1.11089 -0.119629 -0.0574219 9.80479 -18.273 0.00548443
12007.2 3015.97 -1.11499 -0.124414 -0.0574219 9.79521 -18.2758 -0.00533879
12007.2 3015.97 -1.1114 -0.124414 -0.0574219 9.8 -18.2744 -0.000394453
12007.2 3015.97 -1.1101 -0.119629 -0.0574219 9.80479 -18.2724 0.00610464
12007.2 3015.97 -1.1098 -0.114844 -0.0526367 9.80479 -18.2711 0.00739295
12007.2 3015.97 -1.1125 -0.124414 -0.0574219 9.8 -18.2731 0.000496672
12007.2 3015.97 -1.1114 -0.124414 -0.0574219 9.8 -18.2733 3.66364e-06
12007.2 3015.97 -1.1087 -0.119629 -0.0574219 9.80479 -18.271 0.00645216
12007.2 3015.97 -1.11149 -0.124414 -0.0574219 9.8 -18.2724 0.000748216
12007.2 3015.97 -1.11119 -0.114844 -0.0574219 9.8 -18.273 -0.000261
12007.2 3015.97 -1.11169 -0.124414 -0.062207 9.80479 -18.2736 0.00424035
12007.2 3015.97 -1.10518 -0.124414 -0.0574219 9.80479 -18.2675 0.0104407
12007.2 3015.97 -1.10499 -0.119629 -0.062207 9.8 -18.2657 0.00406667
12007.2 3015.97 -1.10599 -0.124414 -0.062207 9.8 -18.2672 1.57496e-05
12007.2 3015.97 -1.105 -0.124414 -0.0574219 9.80479 -18.267 0.00491098
12007.2 3015.97 -1.1117 -0.124414 -0.0574219 9.80479 -18.2722 0.00228813
12007.2 3015.97 -1.11129 -0.129199 -0.0574219 9.8 -18.2729 0.000141974
12007.2 3015.97 -1.10579 -0.119629 -0.0574219 9.8 -18.2684 0.00329504
12007.2 3015.97 -1.11818 -0.119629 -0.062207 9.80479 -18.2783 -0.00155149
12007.2 3015.97 -1.11378 -0.124414 -0.062207 9.8 -18.2763 0.0010292
12007.2 3015.97 -1.11069 -0.124414 -0.0574219 9.80479 -18.273 0.00746498
12007.2 3015.97 -1.11088 -0.119629 -0.0574219 9.8 -18.2719 0.00277881
12007.2 3015.97 -1.10528 -0.119629 -0.062207 9.80957 -18.2675 0.0135543
12007.2 3015.97 -1.10888 -0.124414 -0.0574219 9.8 -18.2687 0.0027365
12007.2 3015.97 -1.10988 -0.119629 -0.062207 9.80479 -18.2711 0.00376097
12007.2 3015.97 -1.10478 -0.119629 -0.0526367 9.8 -18.2669 0.00413484
12007.2 3015.97 -1.10559 -0.124414 -0.062207 9.79521 -18.267 -0.00375958
12007.2 3015.97 -1.10439 -0.114844 -0.0574219 9.80479 -18.2669 0.00380067
12007.2 3015.97 -1.10017 -0.119629 -0.062207 9.80479 -18.2623 0.00920453
12007.2 3015.97 -1.10117 -0.119629 -0.062207 9.80957 -18.2619 0.0123271
12007.2 3015.97 -1.09837 -0.119629 -0.0574219 9.80479 -18.259 0.0101985
12007.2 3015.97 -1.10058 -0.119629 -0.0574219 9.80479 -18.2608 0.00617383
12007.2 3015.97 -1.09868 -0.124414 -0.0478516 9.80479 -18.2599 0.00710318
12007.2 3015.97 -1.09918 -0.119629 -0.0574219 9.8 -18.2601 0.0017501
12007.2 3015.97 -1.09868 -0.124414 -0.062207 9.79521 -18.2604 -0.00451686
12007.2 3015.97 -1.09888 -0.124414 -0.062207 9.80479 -18.2614 0.00284077
12007.2 3015.97 -1.10008 -0.124414 -0.0574219 9.8 -18.2616 0.000583623
12007.2 3015.97 -1.09828 -0.119629 -0.062207 9.80479 -18.2604 0.00586001
12007.2 3015.97 -1.1069 -0.119629 -0.0574219 9.80479 -18.2671 0.00144724
12007.2 3015.97 -1.105 -0.119629 -0.062207 9.80479 -18.2668 0.00535663
12007.2 3015.97 -1.10451 -0.119629 -0.0574219 9.8 -18.2659 0.00213325
12007.2 3015.97 -1.1022 -0.119629 -0.062207 9.8 -18.2641 0.00183164
12007.2 3015.97 -1.1008 -0.119629 -0.062207 9.80479 -18.2627 0.00630177
12007.2 3015.97 -1.09921 -0.124414 -0.062207 9.80479 -18.2606 0.00803904
12007.2 3015.97 -1.0998 -0.124414 -0.0574219 9.79521 -18.2606 -0.00265493
12007.2 3015.97 -1.09891 -0.124414 -0.0574219 9.80479 -18.2612 0.00364642
12007.2 3015.97 -1.1018 -0.124414 -0.0574219 9.8 -18.263 -0.000341605
12007.2 3015.97 -1.10261 -0.119629 -0.0526367 9.80479 -18.2644 0.00363914
12007.2 3015.97 -1.0994 -0.119629 -0.0574219 9.8 -18.2613 0.00326237
12007.2 3015.97 -1.10269 -0.119629 -0.0574219 9.79521 -18.2638 -0.00576316
12007.2 3015.97 -1.10058 -0.124414 -0.0574219 9.8 -18.2635 -0.00127021
12007.2 3015.97 -1.09749 -0.124414 -0.0574219 9.8 -18.2602 0.00209217
12007.2 3015.97 -1.1021 -0.119629 -0.062207 9.79521 -18.2633 -0.00654824
12007.2 3015.97 -1.09739 -0.119629 -0.062207 9.80479 -18.2607 0.00494153
12007.2 3015.97 -1.09879 -0.124414 -0.062207 9.8 -18.2602 0.00173769
12007.2 3015.97 -1.097 -0.119629 -0.0574219 9.79521 -18.2589 -0.00341594
12007.2 3015.97 -1.09499 -0.119629 -0.0574219 9.79521 -18.2577 -0.00478159
12007.2 3015.97 -1.0989 -0.119629 -0.0574219 9.8 -18.2611 -0.00378786
12007.2 3015.97 -1.1098 -0.119629 -0.0574219 9.8 -18.2709 -0.00820667
12007.2 3015.97 -1.10599 -0.124414 -0.0526367 9.8 -18.2694 -0.00109071
12007.2 3015.97 -1.1095 -0.119629 -0.062207 9.80479 -18.2714 0.00305484
12007.2 3015.97 -1.1073 -0.124414 -0.0574219 9.80479 -18.2692 0.00721455
12007.2 3015.97 -1.1072 -0.124414 -0.0526367 9.8 -18.2683 0.00258625
12007.2 3015.97 -1.1057 -0.119629 -0.0574219 9.8 -18.2674 0.00130144
12007.2 3015.97 -1.10661 -0.119629 -0.062207 9.8 -18.2683 -0.000276138
12007.2 3015.97 -1.1044 -0.124414 -0.062207 9.80479 -18.2667 0.00589674
12007.2 3015.97 -1.10641 -0.119629 -0.0574219 9.8 -18.2674 0.00101997
12007.2 3015.97 -1.1072 -0.114844 -0.062207 9.8 -18.2688 -0.000757957
12007.2 3015.97 -1.09729 -0.124414 -0.0574219 9.80479 -18.2606 0.0106212
12007.2 3015.97 -1.10188 -0.124414 -0.0574219 9.8 -18.2621 0.00172974
12007.2 3015.97 -1.09949 -0.119629 -0.062207 9.8 -18.2613 0.00102373
12007.2 3015.97 -1.10068 -0.124414 -0.0574219 9.8 -18.2624 -0.000485501
12007.2 3015.97 -1.10058 -0.114844 -0.062207 9.8 -18.2626 -0.00030187
12007.2 3015.97 -1.09639 -0.119629 -0.0574219 9.79521 -18.259 -0.00218816
12007.2 3015.97 -1.10079 -0.124414 -0.0574219 9.80479 -18.2626 0.00155152
12007.2 3015.97 -1.09319 -0.124414 -0.0574219 9.80479 -18.2559 0.0100681
12007.2 3015.97 -1.09559 -0.124414 -0.0574219 9.8 -18.2561 0.00257218
12007.2 3015.97 -1.09809 -0.124414 -0.0574219 9.8 -18.2593 -0.0016231
12007.2 3015.97 -1.10669 -0.119629 -0.0574219 9.8 -18.2677 -0.00662019
12007.2 3015.97 -1.10689 -0.119629 -0.0574219 9.80479 -18.2696 0.00163574
12007.2 3015.97 -1.11099 -0.119629 -0.0574219 9.79521 -18.2724 -0.0063793
12007.2 3015.97 -1.10489 -0.119629 -0.0574219 9.80957 -18.2684 0.0107598
12007.2 3015.97 -1.10629 -0.119629 -0.0574219 9.8 -18.2669 0.00394869
12007.2 3015.97 -1.10459 -0.124414 -0.0574219 9.8 -18.2661 0.00164728
12007.2 3015.97 -1.10429 -0.119629 -0.062207 9.8 -18.2661 0.000489729
12007.2 3015.97 -1.10809 -0.119629 -0.0526367 9.80479 -18.2695 0.00238583
12007.2 3015.97 -1.10339 -0.119629 -0.0574219 9.80479 -18.2656 0.00828123
12007.2 3015.97 -1.10289 -0.119629 -0.0574219 9.8 -18.2639 0.00344748
12007.2 3015.97 -1.10368 -0.119629 -0.0574219 9.8 -18.265 0.000122136
12007.2 3015.97 -1.10658 -0.119629 -0.0574219 9.8 -18.2681 -0.00223285
12007.2 3015.97 -1.10188 -0.119629 -0.062207 9.8 -18.2647 0.0019013
12007.2 3015.97 -1.09968 -0.119629 -0.0574219 9.80479 -18.2618 0.00740415
12007.2 3015.97 -1.10459 -0.124414 -0.062207 9.8 -18.265 -0.000376176
12007.2 3015.97 -1.10058 -0.114844 -0.062207 9.8 -18.2629 0.00143277
12007.2 3015.97 -1.09849 -0.119629 -0.0574219 9.80479 -18.2606 0.00687412
12007.2 3015.97 -1.10599 -0.119629 -0.0574219 9.8 -18.2662 -0.00223574
12007.2 3015.97 -1.10128 -0.119629 -0.062207 9.80479 -18.2639 0.00582907
12007.2 3015.97 -1.09878 -0.119629 -0.0574219 9.80479 -18.2604 0.00890216
12007.2 3015.97 -1.10329 -0.124414 -0.0574219 9.8 -18.2635 0.000111179
12007.2 3015.97 -1.1034 -0.119629 -0.0574219 9.80479 -18.2651 0.00363629
12007.2 3015.97 -1.09908 -0.124414 -0.0574219 9.80479 -18.2611 0.00869511
12007.2 3015.97 -1.09869 -0.124414 -0.0574219 9.80957 -18.2596 0.0129947
12007.2 3015.97 -1.0969 -0.119629 -0.0526367 9.79521 -18.2573 0.000374093
12007.2 3015.97 -1.09969 -0.119629 -0.0574219 9.79521 -18.2611 -0.00743391
12007.2 3015.97 -1.09939 -0.119629 -0.0574219 9.80479 -18.2623 0.00191136
12007.2 3015.97 -1.09889 -0.124414 -0.0574219 9.80479 -18.2608 0.00637301
12007.2 3015.97 -1.0962 -0.119629 -0.0574219 9.79521 -18.2577 -0.000804553
12007.2 3015.97 -1.09889 -0.119629 -0.062207 9.80479 -18.2606 0.00246926
12007.2 3015.97 -1.09589 -0.124414 -0.0574219 9.8 -18.2579 0.00261313
12007.2 3015.97 -1.09599 -0.119629 -0.062207 9.80479 -18.2577 0.0056817
12007.2 3015.97 -1.09989 -0.119629 -0.0574219 9.8 -18.2606 -0.000663689
12007.2 3015.97 -1.0924 -0.119629 -0.0574219 9.80479 -18.2553 0.00853362
12007.2 3015.97 -1.09329 -0.124414 -0.0574219 9.8 -18.2542 0.0030679
12007.2 3015.97 -1.09329 -0.119629 -0.0574219 9.80479 -18.2548 0.00519453
12007.2 3015.97 -1.09029 -0.119629 -0.062207 9.8 -18.2519 0.00345361
12007.2 3015.97 -1.08629 -0.119629 -0.0526367 9.80479 -18.2483 0.00836279
12007.2 3015.97 -1.0942 -0.119629 -0.0574219 9.80957 -18.2541 0.00754782
12007.2 3015.97 -1.08669 -0.124414 -0.0574219 9.79521 -18.2484 0.00141508
12007.2 3015.97 -1.09649 -0.119629 -0.0574219 9.8 -18.257 -0.00592653
12007.2 3015.97 -1.09849 -0.124414 -0.0574219 9.80479 -18.2608 0.000433951
12007.2 3015.97 -1.09739 -0.124414 -0.0526367 9.80479 -18.2595 0.00584354
12007.2 3015.97 -1.09979 -0.119629 -0.0574219 9.8 -18.2608 0.000656833
12007.2 3015.97 -1.09749 -0.119629 -0.0574219 9.80479 -18.2596 0.00583207
12007.2 3015.97 -1.09759 -0.119629 -0.062207 9.8 -18.2588 0.00208529
12007.2 3015.97 -1.09549 -0.124414 -0.0574219 9.80479 -18.2574 0.00640181
12007.2 3015.97 -1.09539 -0.124414 -0.062207 9.8 -18.2566 0.0023138
12007.2 3015.97 -1.09449 -0.119629 -0.0574219 9.8 -18.2562 0.000890212
12007.2 3015.97 -1.09609 -0.124414 -0.0574219 9.80479 -18.2577 0.00390187
12007.2 3015.97 -1.1039 -0.119629 -0.0574219 9.8 -18.2644 -0.00381224
12007.2 3015.97 -1.10339 -0.119629 -0.0574219 9.8 -18.2657 -0.0020332
12007.2 3015.97 -1.10339 -0.119629 -0.0526367 9.80479 -18.2657 0.00428165
12007.2 3015.97 -1.1031 -0.124414 -0.0574219 9.8 -18.2646 0.00192386
12007.2 3015.97 -1.1035 -0.119629 -0.0574219 9.8 -18.2651 0.000139781
12007.2 3015.97 -1.1017 -0.119629 -0.0574219 9.8 -18.2639 0.000971184
12007.2 3015.97 -1.1024 -0.119629 -0.0574219 9.8 -18.2642 1.21849e-05
12007.2 3015.97 -1.1049 -0.124414 -0.062207 9.80479 -18.2666 0.00306635
12007.2 3015.97 -1.102 -0.119629 -0.062207 9.8 -18.2639 0.00273972
12007.2 3015.97 -1.1032 -0.119629 -0.0669922 9.8 -18.2647 0.000178287
12007.2 3015.97 -1.09679 -0.119629 -0.0574219 9.8 -18.2595 0.0038391
12007.2 3015.97 -1.1003 -0.119629 -0.0574219 9.8 -18.2615 -0.000393132
12007.2 3015.97 -1.1003 -0.119629 -0.0574219 9.8 -18.2622 -0.000682839
12007.2 3015.97 -1.09589 -0.124414 -0.0574219 9.80479 -18.2585 0.00731948
12007.2 3015.97 -1.09858 -0.119629 -0.0526367 9.8 -18.2594 0.00132771
12007.2 3015.97 -1.09869 -0.119629 -0.0574219 9.80479 -18.2604 0.0044343
12007.2 3015.97 -1.10039 -0.119629 -0.0574219 9.80479 -18.2616 0.00508077
12007.2 3015.97 -1.09399 -0.124414 -0.0574219 9.8 -18.256 0.00540219
12007.2 3015.97 -1.10209 -0.119629 -0.062207 9.8 -18.2624 -0.003194
12007.2 3015.97 -1.09649 -0.124414 -0.0574219 9.8 -18.2594 0.001338
12007.2 3015.97 -1.10019 -0.119629 -0.0574219 9.8 -18.2617 -0.00130876
12007.2 3015.97 -1.09499 -0.119629 -0.0574219 9.80479 -18.2577 0.00730351
12007.2 3015.97 -1.09058 -0.124414 -0.062207 9.79521 -18.2523 0.00115063
12007.2 3015.97 -1.09238 -0.124414 -0.0574219 9.8 -18.254 -0.000910172
12007.2 3015.97 -1.09599 -0.119629 -0.0574219 9.80479 -18.2576 0.00188956
12007.2 3015.97 -1.09359 -0.114844 -0.0574219 9.8 -18.2556 0.00196076
12007.2 3015.97 -1.09249 -0.119629 -0.0574219 9.8 -18.2544 0.00142005
12007.2 3015.97 -1.09259 -0.124414 -0.062207 9.8 -18.2544 0.000379261
12007.2 3015.97 -1.09619 -0.124414 -0.0574219 9.8 -18.2577 -0.00229769
12007.2 3015.97 -1.08919 -0.124414 -0.0669922 9.79521 -18.2523 -0.00147621
12007.2 3015.97 -1.09058 -0.124414 -0.0574219 9.80479 -18.2527 0.00407366
12007.2 3015.97 -1.08899 -0.129199 -0.0574219 9.80479 -18.2507 0.00737116
12007.2 3015.97 -1.08829 -0.124414 -0.0574219 9.8 -18.2494 0.00291795
12007.2 3015.97 -1.08689 -0.124414 -0.0526367 9.8 -18.2486 0.00137745
12007.2 3015.97 -1.08959 -0.124414 -0.0574219 9.79521 -18.251 -0.00620975
12007.2 3015.97 -1.08969 -0.119629 -0.0574219 9.80479 -18.2524 0.00212762
12007.2 3015.97 -1.08839 -0.124414 -0.0526367 9.8 -18.2504 0.00204593
12007.2 3015.97 -1.09049 -0.119629 -0.0574219 9.8 -18.252 -0.000612995
12007.2 3015.97 -1.08839 -0.119629 -0.062207 9.8 -18.2507 0.000782835
12007.2 3015.97 -1.08709 -0.119629 -0.062207 9.8 -18.2492 0.00129115
12007.2 3015.97 -1.0964 -0.124414 -0.062207 9.8 -18.2571 -0.00542301
12007.2 3015.97 -1.09849 -0.119629 -0.0574219 9.80479 -18.2607 0.00063779
12007.2 3015.97 -1.1031 -0.119629 -0.0574219 9.79521 -18.2645 -0.00733815
12007.2 3015.97 -1.1011 -0.119629 -0.062207 9.8 -18.2642 -0.00177358
12007.2 3015.97 -1.09929 -0.119629 -0.0574219 9.8 -18.2619 0.00122279
12007.2 3015.97 -1.0995 -0.124414 -0.062207 9.8 -18.2614 0.000690436
12007.2 3015.97 -1.0987 -0.119629 -0.0574219 9.8 -18.2607 0.000694674
12007.2 3015.97 -1.09449 -0.119629 -0.0574219 9.8 -18.2569 0.00293923
12007.2 3015.97 -1.0957 -0.119629 -0.0574219 9.80479 -18.2572 0.00536255
12007.2 3015.97 -1.0923 -0.124414 -0.0574219 9.8 -18.254 0.00380324
12007.2 3015.97 -1.09609 -0.119629 -0.0574219 9.80479 -18.2571 0.00353389
12007.2 3015.97 -1.09359 -0.119629 -0.062207 9.8 -18.2553 0.00223089
12007.2 3015.97 -1.09539 -0.124414 -0.0574219 9.8 -18.2568 -0.000511801
12007.2 3015.97 -1.09849 -0.119629 -0.0574219 9.79521 -18.2601 -0.0073016
12007.2 3015.97 -1.09139 -0.124414 -0.0574219 9.8 -18.2552 0.00165105
12007.2 3015.97 -1.09209 -0.119629 -0.0574219 9.80479 -18.254 0.00607459
12007.2 3015.97 -1.09099 -0.124414 -0.0526367 9.80479 -18.2523 0.00763212
12007.2 3015.97 -1.08999 -0.124414 -0.062207 9.80479 -18.2511 0.00776762
12007.2 3015.97 -1.09439 -0.119629 -0.0574219 9.79521 -18.2547 -0.00539097
12007.2 3015.97 -1.09189 -0.119629 -0.062207 9.80479 -18.2547 0.00337197
12007.2 3015.97 -1.0954 -0.119629 -0.0574219 9.80479 -18.2566 0.00426585
12007.2 3015.97 -1.0924 -0.124414 -0.0574219 9.8 -18.2541 0.00295998
12007.2 3015.97 -1.09099 -0.124414 -0.0526367 9.8 -18.2528 0.00180077
12007.2 3015.97 -1.0967 -0.124414 -0.0574219 9.80479 -18.2577 0.00163762
12007.2 3015.97 -1.0913 -0.124414 -0.0574219 9.8 -18.2537 0.0034138
12007.2 3015.97 -1.0903 -0.119629 -0.0574219 9.8 -18.252 0.00209824
12007.2 3015.97 -1.09149 -0.124414 -0.0574219 9.8 -18.253 -0.000176281
12007.2 3015.97 -1.09139 -0.124414 -0.0574219 9.8 -18.2534 -0.00028712
12007.2 3015.97 -1.0882 -0.119629 -0.062207 9.8 -18.2506 0.00192476
12007.2 3015.97 -1.0906 -0.119629 -0.0526367 9.80479 -18.2521 0.00422529
12007.2 3015.97 -1.09839 -0.119629 -0.0574219 9.80479 -18.2588 0.00100926
12007.2 3015.97 -1.09509 -0.129199 -0.0526367 9.80479 -18.2572 0.00623982
12007.2 3015.97 -1.09458 -0.124414 -0.0574219 9.8 -18.2559 0.00263068
12007.2 3015.97 -1.09269 -0.114844 -0.062207 9.8 -18.2545 0.00169909
12007.2 3015.97 -1.09489 -0.119629 -0.062207 9.80957 -18.2564 0.00866017
12007.2 3015.97 -1.08988 -0.119629 -0.0574219 9.8 -18.2514 0.00599216
12007.2 3015.97 -1.09078 -0.124414 -0.0574219 9.8 -18.2518 0.00124616
12007.2 3015.97 -1.08648 -0.119629 -0.0574219 9.8 -18.2488 0.00259373
12007.2 3015.97 -1.08909 -0.119629 -0.0526367 9.80479 -18.2505 0.00422478
12007.2 3015.97 -1.09219 -0.119629 -0.062207 9.79521 -18.2532 -0.00564487
12007.2 3015.97 -1.07289 -0.124414 -0.0574219 9.8 -18.2379 0.00965516
12007.2 3015.97 -1.07839 -0.124414 -0.0574219 9.79521 -18.2388 -0.00286889
12007.2 3015.97 -1.0752 -0.119629 -0.0574219 9.8 -18.2378 2.1327e-05
12007.2 3015.97 -1.07769 -0.119629 -0.0574219 9.8 -18.2394 -0.00122123
12007.2 3015.97 -1.07479 -0.124414 -0.0574219 9.8 -18.2373 0.00125723
12007.2 3015.97 -1.07519 -0.114844 -0.0574219 9.79521 -18.237 -0.0042729
12007.2 3015.97 -1.07399 -0.124414 -0.062207 9.8 -18.2367 -0.000866802
12007.2 3015.97 -1.07659 -0.124414 -0.0574219 9.79521 -18.2385 -0.00632811
12007.2 3015.97 -1.07409 -0.119629 -0.0574219 9.8 -18.2372 -0.000767148
12007.2 3015.97 -1.07198 -0.119629 -0.0574219 9.8 -18.2345 0.0017764
12007.2 3015.97 -1.09189 -0.124414 -0.062207 9.80479 -18.2512 -0.00697691
12007.2 3015.97 -1.08819 -0.124414 -0.0574219 9.8 -18.2512 -0.00187298
12007.2 3015.97 -1.08759 -0.124414 -0.062207 9.79521 -18.25 -0.00442927
12007.2 3015.97 -1.08879 -0.124414 -0.062207 9.80479 -18.2513 0.00270764
12007.2 3015.97 -1.08808 -0.119629 -0.062207 9.80479 -18.2499 0.00651019
12007.2 3015.97 -1.08589 -0.119629 -0.0574219 9.8 -18.2473 0.00362712
12007.2 3015.97 -1.09019 -0.119629 -0.0574219 9.80479 -18.2511 0.00297455
12007.2 3015.97 -1.08728 -0.119629 -0.0574219 9.80957 -18.2491 0.011811
12007.2 3015.97 -1.08688 -0.119629 -0.062207 9.8 -18.2474 0.00441838
12007.2 3015.97 -1.08908 -0.114844 -0.0574219 9.8 -18.2501 -0.000754388
12007.2 3015.97 -1.07799 -0.124414 -0.0574219 9.79521 -18.2414 0.00138054
12007.2 3015.97 -1.07717 -0.124414 -0.062207 9.8 -18.2393 0.00189818
12007.2 3015.97 -1.07748 -0.119629 -0.062207 9.80479 -18.2392 0.00533784
12007.2 3015.97 -1.07678 -0.119629 -0.0574219 9.80479 -18.2382 0.00698551
12007.2 3015.97 -1.07668 -0.119629 -0.0239258 9.89092 -18.2377 0.0931007
12007.2 3015.97 -1.07659 -0.119629 -0.0574219 9.79521 -18.2266 0.0282338
12007.2 3015.97 -1.07828 -0.124414 -0.062207 9.8 -18.235 0.00144955
12007.2 3015.97 -1.07388 -0.124414 -0.0574219 9.80479 -18.2356 0.00471381
12007.2 3015.97 -1.07558 -0.119629 -0.0526367 9.80957 -18.2367 0.00999124
12007.2 3015.97 -1.07478 -0.124414 -0.0574219 9.8 -18.2355 0.00356579
12007.2 3015.97 -1.09539 -0.119629 -0.062207 9.80479 -18.2542 -0.00792317
12007.2 3015.97 -1.09809 -0.124414 -0.0574219 9.8 -18.2603 -0.0066547
12007.2 3015.97 -1.09599 -0.119629 -0.0574219 9.8 -18.2591 -0.000897073
12007.2 3015.97 -1.09109 -0.124414 -0.0574219 9.8 -18.254 0.00354566
12007.2 3015.97 -1.09509 -0.119629 -0.0574219 9.79521 -18.2562 -0.00550048
12007.2 3015.97 -1.09479 -0.124414 -0.0574219 9.80479 -18.2574 0.00244965
12007.2 3015.97 -1.094 -0.119629 -0.0574219 9.80479 -18.2559 0.00658076
12007.2 3015.97 -1.09689 -0.119629 -0.0574219 9.8 -18.2577 0.000442155
12007.2 3015.97 -1.0926 -0.124414 -0.0574219 9.79521 -18.2549 -0.00266363
12007.2 3015.97 -1.09179 -0.124414 -0.0574219 9.8 -18.2543 -0.000230026
12007.2 3015.97 -1.09438 -0.124414 -0.0574219 9.8 -18.2561 -0.00142751
12007.2 3015.97 -1.09799 -0.119629 -0.0574219 9.80479 -18.2597 0.00180905
12007.2 3015.97 -1.09539 -0.124414 -0.062207 9.80479 -18.2574 0.00690228
12007.2 3015.97 -1.09558 -0.124414 -0.0574219 9.80479 -18.2567 0.00718897
12007.2 3015.97 -1.09578 -0.119629 -0.0526367 9.8 -18.2567 0.00189172
12007.2 3015.97 -1.09598 -0.119629 -0.0191406 9.88613 -18.2576 0.086011
12007.2 3015.97 -1.09498 -0.119629 -0.0574219 9.8 -18.2461 0.0313963
12007.2 3015.97 -1.09168 -0.124414 -0.0574219 9.8 -18.2487 0.00647951
12007.2 3015.97 -1.09309 -0.119629 -0.062207 9.8 -18.2535 -0.00173084
12007.2 3015.97 -1.09329 -0.119629 -0.062207 9.80957 -18.2553 0.00777426
12007.2 3015.97 -1.09208 -0.119629 -0.0574219 9.80479 -18.2532 0.00834789
12007.2 3015.97 -1.08888 -0.119629 -0.0574219 9.8 -18.2501 0.00452532
12007.2 3015.97 -1.08948 -0.124414 -0.0574219 9.80479 -18.2507 0.0055416
12007.2 3015.97 -1.08998 -0.124414 -0.0526367 9.80479 -18.2511 0.00598328
12007.2 3015.97 -1.09108 -0.124414 -0.0574219 9.8 -18.2521 0.000902508
12007.2 3015.97 -1.09118 -0.119629 -0.0574219 9.80957 -18.2529 0.00918526
12007.2 3015.97 -1.09099 -0.124414 -0.0574219 9.8 -18.2518 0.0032733
12007.2 3015.97 -1.08988 -0.124414 -0.0526367 9.8 -18.2515 0.00113708
12007.2 3015.97 -1.08668 -0.119629 -0.0574219 9.8 -18.2489 0.00218246
12007.2 3015.97 -1.09108 -0.124414 -0.062207 9.8 -18.2523 -0.001893
12007.2 3015.97 -1.08707 -0.119629 -0.0574219 9.8 -18.2497 0.0013605
12007.2 3015.97 -1.08787 -0.119629 -0.0574219 9.8 -18.2497 0.000392335
12007.2 3015.97 -1.08708 -0.129199 -0.0574219 9.80479 -18.2491 0.00531434
12007.2 3015.97 -1.08407 -0.114844 -0.0574219 9.80479 -18.2458 0.00864021
12007.2 3015.97 -1.08277 -0.119629 -0.0574219 9.8 -18.2438 0.00375895
12007.2 3015.97 -1.08158 -0.119629 -0.0574219 9.80479 -18.2431 0.00628348
12007.2 3015.97 -1.07997 -0.124414 -0.0574219 9.8 -18.2413 0.00300356
12007.2 3015.97 -1.08287 -0.119629 -0.0574219 9.79521 -18.244 -0.00597075
12007.2 3015.97 -1.07938 -0.119629 -0.0574219 9.79521 -18.2425 -0.0052387
12007.2 3015.97 -1.07738 -0.124414 -0.0574219 9.8 -18.2404 9.40022e-05
12007.2 3015.97 -1.08258 -0.119629 -0.062207 9.8 -18.244 -0.00261713
12007.2 3015.97 -1.08638 -0.124414 -0.0574219 9.8 -18.2482 -0.00371593
12007.2 3015.97 -1.07618 -0.114844 -0.0526367 9.80479 -18.2399 0.00982978
12007.2 3015.97 -1.08008 -0.124414 -0.062207 9.8 -18.2406 0.00216127
12007.2 3015.97 -1.08098 -0.119629 -0.062207 9.80479 -18.2424 0.00401441
12007.2 3015.97 -1.08448 -0.124414 -0.0574219 9.8 -18.2455 -0.00116564
12007.2 3015.97 -1.08108 -0.119629 -0.0574219 9.8 -18.2435 0.00109533
12007.2 3015.97 -1.08408 -0.119629 -0.062207 9.79521 -18.2456 -0.00601894
12007.2 3015.97 -1.08028 -0.119629 -0.0526367 9.8 -18.2435 -3.92086e-05
12007.2 3015.97 -1.07728 -0.124414 -0.0574219 9.8 -18.2398 0.00266445
12007.2 3015.97 -1.08428 -0.124414 -0.0574219 9.80479 -18.2451 0.00161504
12007.2 3015.97 -1.08928 -0.124414 -0.062207 9.8 -18.2503 -0.00335349
12007.2 3015.97 -1.08167 -0.124414 -0.0574219 9.80479 -18.2449 0.00780678
12007.2 3015.97 -1.08388 -0.119629 -0.0574219 9.8 -18.2448 0.00221538
12007.2 3015.97 -1.07888 -0.114844 -0.0526367 9.80479 -18.2411 0.00807094
12007.2 3015.97 -1.07977 -0.119629 -0.0574219 9.8 -18.2407 0.00247073
12007.2 3015.97 -1.07918 -0.119629 -0.0574219 9.79521 -18.2408 -0.00422517
12007.2 3015.97 -1.07848 -0.119629 -0.062207 9.8 -18.2411 -0.00131766
12007.2 3015.97 -1.08148 -0.119629 -0.0574219 9.80479 -18.2433 0.00276107
12007.2 3015.97 -1.07978 -0.119629 -0.0574219 9.8 -18.2416 0.00199332
12007.2 3015.97 -1.08468 -0.119629 -0.0574219 9.80479 -18.2458 0.00226778
12007.2 3015.97 -1.08178 -0.124414 -0.0526367 9.8 -18.2437 0.00209936
12007.2 3015.97 -1.08409 -0.119629 -0.062207 9.8 -18.2455 -0.000737773
12007.2 3015.97 -1.08568 -0.119629 -0.0574219 9.8 -18.2475 -0.00164757
12007.2 3015.97 -1.08248 -0.114844 -0.0574219 9.8 -18.2451 0.00133833
12007.2 3015.97 -1.08858 -0.124414 -0.062207 9.8 -18.2497 -0.00304196
12007.2 3015.97 -1.08498 -0.119629 -0.0574219 9.8 -18.2477 0.000648467
12007.2 3015.97 -1.08299 -0.119629 -0.062207 9.80479 -18.2453 0.00676489
12007.2 3015.97 -1.08558 -0.119629 -0.0574219 9.80479 -18.2464 0.0057356
12007.2 3015.97 -1.08399 -0.124414 -0.0574219 9.8 -18.2453 0.00234741
12007.2 3015.97 -1.09228 -0.119629 -0.0526367 9.8 -18.2528 -0.00488639
12007.2 3015.97 -1.08918 -0.119629 -0.0574219 9.79521 -18.252 -0.00548389
12007.2 3015.97 -1.09058 -0.124414 -0.0574219 9.80479 -18.2532 0.00244107
12007.2 3015.97 -1.08458 -0.119629 -0.0574219 9.79521 -18.2471 0.000334375
12007.2 3015.97 -1.08557 -0.119629 -0.062207 9.80479 -18.2475 0.00461093
12007.2 3015.97 -1.08908 -0.114844 -0.0574219 9.8 -18.25 -0.000645386
12007.2 3015.97 -1.08488 -0.124414 -0.0574219 9.8 -18.2474 0.00178284
12007.2 3015.97 -1.08178 -0.124414 -0.0574219 9.79521 -18.244 -0.0018498
12007.2 3015.97 -1.07628 -0.124414 -0.0574219 9.80479 -18.2392 0.00777923
12007.2 3015.97 -1.07908 -0.124414 -0.062207 9.8 -18.2399 0.00163141
12007.2 3015.97 -1.07917 -0.114844 -0.0574219 9.80479 -18.2408 0.00453801
12007.2 3015.97 -1.08057 -0.119629 -0.0574219 9.80479 -18.2418 0.00528391
12007.2 3015.97 -1.08047 -0.119629 -0.0574219 9.8 -18.2417 0.00145511
12007.2 3015.97 -1.08217 -0.124414 -0.0574219 9.8 -18.2437 -0.00104961
12007.2 3015.97 -1.08356 -0.119629 -0.062207 9.8 -18.2455 -0.00158662
12007.2 3015.97 -1.07867 -0.119629 -0.0574219 9.79521 -18.2415 -0.00229676
12007.2 3015.97 -1.08137 -0.119629 -0.0574219 9.8 -18.2434 -0.00203544
12007.2 3015.97 -1.08456 -0.124414 -0.0526367 9.79521 -18.2464 -0.00752946
12007.2 3015.97 -1.08277 -0.124414 -0.0574219 9.8 -18.2459 -0.00165783
12007.2 3015.97 -1.08117 -0.119629 -0.0574219 9.80479 -18.2437 0.00595511
12007.2 3015.97 -1.07897 -0.119629 -0.062207 9.79521 -18.2406 -0.000866928
12007.2 3015.97 -1.07267 -0.119629 -0.0574219 9.8 -18.2355 0.00345673
12007.2 3015.97 -1.07298 -0.124414 -0.0574219 9.8 -18.2346 0.00159829
12007.2 3015.97 -1.07367 -0.124414 -0.0574219 9.8 -18.2353 -0.000102063
12007.2 3015.97 -1.07668 -0.119629 -0.062207 9.8 -18.2383 -0.00217661
12007.2 3015.97 -1.07878 -0.119629 -0.0574219 9.79521 -18.2407 -0.00717676
12007.2 3015.97 -1.07638 -0.119629 -0.0574219 9.80479 -18.2396 0.00370356
12007.2 3015.97 -1.07287 -0.119629 -0.0574219 9.80479 -18.235 0.00914117
12007.2 3015.97 -1.07127 -0.119629 -0.0574219 9.8 -18.2323 0.00440076
12007.2 3015.97 -1.06978 -0.119629 -0.0574219 9.80479 -18.2313 0.00672337
12007.2 3015.97 -1.08278 -0.124414 -0.0526367 9.8 -18.2422 -0.00620389
12007.2 3015.97 -1.08168 -0.124414 -0.0526367 9.80479 -18.2443 0.00160483
12007.2 3015.97 -1.08358 -0.119629 -0.062207 9.80479 -18.2452 0.0045323
12007.2 3015.97 -1.08067 -0.119629 -0.0574219 9.80479 -18.2424 0.00804562
12007.2 3015.97 -1.07717 -0.119629 -0.062207 9.80479 -18.2386 0.00976163
12007.2 3015.97 -1.08128 -0.114844 -0.0574219 9.8 -18.2414 0.000502884
12007.2 3015.97 -1.07917 -0.119629 -0.062207 9.80479 -18.2411 0.00513436
12007.2 3015.97 -1.07618 -0.119629 -0.0574219 9.8 -18.2379 0.00374872
12007.2 3015.97 -1.07838 -0.119629 -0.0574219 9.80479 -18.2396 0.00455305
12007.2 3015.97 -1.07558 -0.119629 -0.0574219 9.8 -18.2373 0.00292553
12007.2 3015.97 -1.0864 -0.119629 -0.0574219 9.80479 -18.2466 -0.00128718
12007.2 3015.97 -1.088 -0.119629 -0.062207 9.80479 -18.2497 0.00215492
12007.2 3015.97 -1.0835 -0.119629 -0.0574219 9.89092 -18.2458 0.0943977
12007.2 3015.97 -1.0826 -0.119629 -0.0574219 9.80479 -18.2327 0.0395668
12007.2 3015.97 -1.0838 -0.119629 -0.0526367 9.8 -18.2391 0.00591026
12007.2 3015.97 -1.0828 -0.119629 -0.0574219 9.80479 -18.2433 0.00327484
12007.2 3015.97 -1.0834 -0.114844 -0.0574219 9.80479 -18.2447 0.00463673
12007.2 3015.97 -1.0881 -0.119629 -0.062207 9.8 -18.2488 -0.00176854
12007.2 3015.97 -1.08439 -0.114844 -0.062207 9.80479 -18.2469 0.00570223
12007.2 3015.97 -1.0822 -0.119629 -0.0574219 9.79521 -18.2438 -0.00098259
12007.2 3015.97 -1.08438 -0.119629 -0.062207 9.8 -18.2462 -0.00199255
12007.2 3015.97 -1.08378 -0.119629 -0.0574219 9.8 -18.2461 -0.000463273
12007.2 3015.97 -1.08608 -0.119629 -0.0574219 9.8 -18.2479 -0.0014406
12007.2 3015.97 -1.08048 -0.119629 -0.0574219 9.80479 -18.2434 0.00772162
12007.2 3015.97 -1.08098 -0.124414 -0.0574219 9.8 -18.242 0.00302068
12007.2 3015.97 -1.08427 -0.119629 -0.0574219 9.80479 -18.2454 0.00316978
12007.2 3015.97 -1.07488 -0.124414 -0.0574219 9.80479 -18.2376 0.0113483
12007.2 3015.97 -1.07788 -0.119629 -0.0574219 9.80479 -18.2381 0.00738901
12007.2 3015.97 -1.07658 -0.119629 -0.0574219 9.80479 -18.2376 0.00716854
12007.2 3015.97 -1.08158 -0.124414 -0.0574219 9.79521 -18.2419 -0.00603914
12007.2 3015.97 -1.06837 -0.124414 -0.062207 9.80479 -18.2326 0.00998686
12007.2 3015.97 -1.07367 -0.119629 -0.0574219 9.8 -18.234 0.00164277
12007.2 3015.97 -1.07057 -0.119629 -0.0574219 9.8 -18.2325 0.00151027
12007.2 3015.97 -1.07387 -0.124414 -0.062207 9.8 -18.2353 -0.00157929
12007.2 3015.97 -1.07017 -0.119629 -0.0526367 9.79521 -18.2328 -0.00338177
12007.2 3015.97 -1.06967 -0.119629 -0.0526367 9.8 -18.2322 -0.000521342
12007.2 3015.97 -1.07266 -0.124414 -0.062207 9.80479 -18.2344 0.00304795
12007.2 3015.97 -1.07147 -0.119629 -0.062207 9.8 -18.2332 0.0017071
12007.2 3015.97 -1.06967 -0.119629 -0.0574219 9.80479 -18.2316 0.00637976
12007.2 3015.97 -1.07006 -0.124414 -0.0574219 9.80479 -18.2312 0.00681789
12007.2 3015.97 -1.08137 -0.124414 -0.0574219 9.80479 -18.241 -0.000541866
12007.2 3015.97 -1.08167 -0.119629 -0.0574219 9.80479 -18.2434 0.00285192
12007.2 3015.97 -1.08118 -0.124414 -0.0574219 9.8 -18.2428 0.00116839
12007.2 3015.97 -1.07858 -0.119629 -0.0574219 9.80479 -18.2407 0.0066554
12007.2 3015.97 -1.08178 -0.119629 -0.0574219 9.8 -18.2425 0.000444011
12007.2 3015.97 -1.08027 -0.114844 -0.0526367 9.8 -18.2422 0.000335276
12007.2 3015.97 -1.08188 -0.124414 -0.0574219 9.8 -18.2436 -0.000923734
12007.2 3015.97 -1.07908 -0.119629 -0.0574219 9.80479 -18.2415 0.0060817
12007.2 3015.97 -1.07608 -0.119629 -0.0526367 9.8 -18.2377 0.00439556
12007.2 3015.97 -1.07548 -0.124414 -0.062207 9.80479 -18.237 0.0065372
12007.2 3015.97 -1.08396 -0.119629 -0.0526367 9.8 -18.244 -0.00340503
12007.2 3015.97 -1.07556 -0.124414 -0.0574219 9.80479 -18.2388 0.00766367
12007.2 3015.97 -1.08216 -0.119629 -0.0526367 9.80479 -18.2425 0.00412885
12007.2 3015.97 -1.08346 -0.124414 -0.0526367 9.8 -18.2446 -0.00040256
12007.2 3015.97 -1.08216 -0.124414 -0.0574219 9.8 -18.2443 0.000112725
12007.2 3015.97 -1.07766 -0.124414 -0.0574219 9.8 -18.2402 0.00298371
12007.2 3015.97 -1.07856 -0.119629 -0.0574219 9.8 -18.2401 0.00086178
12007.2 3015.97 -1.07686 -0.124414 -0.062207 9.8 -18.2389 0.00112777
12007.2 3015.97 -1.07726 -0.124414 -0.0526367 9.80479 -18.2391 0.00497049
12007.2 3015.97 -1.07326 -0.124414 -0.062207 9.80479 -18.2351 0.00901515
12007.2 3015.97 -1.06655 -0.119629 -0.0574219 9.8 -18.2282 0.00745075
12007.2 3015.97 -1.07045 -0.119629 -0.0526367 9.79521 -18.231 -0.00479164
12007.2 3015.97 -1.06925 -0.119629 -0.0574219 9.80479 -18.2318 0.00287785
12007.2 3015.97 -1.06904 -0.119629 -0.0574219 9.8 -18.2308 0.00153509
12007.2 3015.97 -1.07014 -0.114844 -0.0574219 9.79521 -18.2318 -0.00510336
12007.2 3015.97 -1.07105 -0.119629 -0.062207 9.8 -18.2335 -0.00266032
12007.2 3015.97 -1.06794 -0.119629 -0.0574219 9.8 -18.2307 0.00134162
12007.2 3015.97 -1.06655 -0.119629 -0.062207 9.80479 -18.2287 0.00666822
12007.2 3015.97 -1.06315 -0.124414 -0.0574219 9.80479 -18.2247 0.00942987
12007.2 3015.97 -1.06855 -0.119629 -0.0574219 9.79521 -18.2286 -0.00509436
12007.2 3015.97 -1.06685 -0.119629 -0.062207 9.8 -18.2295 -0.00199093
12007.2 3015.97 -1.07254 -0.114844 -0.0574219 9.8 -18.2342 -0.00396202
12007.2 3015.97 -1.07414 -0.119629 -0.0574219 9.80479 -18.2364 0.00208206
12007.2 3015.97 -1.07394 -0.129199 -0.0526367 9.8 -18.2357 0.00103878
12007.2 3015.97 -1.06874 -0.119629 -0.0574219 9.79521 -18.2312 -0.00121762
12007.2 3015.97 -1.07104 -0.124414 -0.062207 9.88613 -18.233 0.0845493
12007.2 3015.97 -1.06903 -0.124414 -0.0574219 9.8 -18.2205 0.0317184
12007.2 3015.97 -1.06923 -0.119629 -0.0574219 9.8 -18.2258 0.00458648
12007.2 3015.97 -1.06914 -0.119629 -0.0574219 9.80479 -18.2299 0.00304588
12007.2 3015.97 -1.06625 -0.119629 -0.0574219 9.80479 -18.2281 0.00692643
12007.2 3015.97 -1.06043 -0.119629 -0.0574219 9.80479 -18.2223 0.0108896
12007.2 3015.97 -1.06524 -0.124414 -0.0574219 9.8 -18.2252 0.000746002
12007.2 3015.97 -1.06104 -0.124414 -0.0526367 9.80479 -18.2232 0.0064465
12007.2 3015.97 -1.06824 -0.119629 -0.0526367 9.79521 -18.2285 -0.00694899
12007.2 3015.97 -1.06044 -0.124414 -0.062207 9.80957 -18.2241 0.0109588
12007.2 3015.97 -1.06474 -0.119629 -0.0574219 9.79521 -18.225 -0.00252069
12007.2 3015.97 -1.06184 -0.119629 -0.0574219 9.79521 -18.2243 -0.00494594
12007.2 3015.97 -1.06725 -0.119629 -0.062207 9.8 -18.2292 -0.00494303
12007.2 3015.97 -1.06385 -0.114844 -0.062207 9.88613 -18.2269 0.0865257
12007.2 3015.97 -1.06535 -0.124414 -0.0574219 9.8 -18.2163 0.0309153
12007.2 3015.97 -1.07345 -0.114844 -0.0574219 9.80479 -18.2291 0.00367486
12007.2 3015.97 -1.07426 -0.119629 -0.0574219 9.80479 -18.2349 0.00152155
12007.2 3015.97 -1.06936 -0.124414 -0.0574219 9.80479 -18.2316 0.00758414
12007.2 3015.97 -1.07355 -0.124414 -0.0574219 9.8 -18.2341 0.000213952
12007.2 3015.97 -1.06605 -0.124414 -0.0574219 9.80479 -18.2288 0.00871838
12007.2 3015.97 -1.06976 -0.124414 -0.0574219 9.80479 -18.2303 0.00603211
12007.2 3015.97 -1.06346 -0.119629 -0.0574219 9.80479 -18.2253 0.0100379
12007.2 3015.97 -1.06966 -0.119629 -0.0574219 9.80479 -18.2296 0.00434128
12007.2 3015.97 -1.06706 -0.119629 -0.0574219 9.8 -18.2286 0.00189599
12007.2 3015.97 -1.06806 -0.119629 -0.0574219 9.8 -18.2296 -0.000268906
12007.2 3015.97 -1.07787 -0.129199 -0.0574219 9.80479 -18.2386 -0.00186278
12007.2 3015.97 -1.07427 -0.114844 -0.0526367 9.80479 -18.2368 0.00560509
12007.2 3015.97 -1.07747 -0.119629 -0.0574219 9.8 -18.2384 0.000316095
12007.2 3015.97 -1.07367 -0.119629 -0.0478516 9.80479 -18.236 0.00665409
12007.2 3015.97 -1.07316 -0.119629 -0.0526367 9.8 -18.2344 0.00292352
12007.2 3015.97 -1.07887 -0.119629 -0.0526367 9.8 -18.2397 -0.00307183
12007.2 3015.97 -1.07708 -0.119629 -0.062207 9.79521 -18.2395 -0.00550589
12007.2 3015.97 -1.07707 -0.129199 -0.0574219 9.8 -18.2398 -0.0016841
12007.2 3015.97 -1.07247 -0.124414 -0.0574219 9.80479 -18.2354 0.0076057
12007.2 3015.97 -1.07627 -0.119629 -0.0574219 9.80479 -18.2369 0.00567458
12007.2 3015.97 -1.07857 -0.124414 -0.0574219 9.8 -18.2394 -0.000279973
12007.2 3015.97 -1.07416 -0.124414 -0.0574219 9.8 -18.2366 0.00196259
12007.2 3015.97 -1.08086 -0.124414 -0.0574219 9.80479 -18.2418 0.0014913
12007.2 3015.97 -1.07786 -0.119629 -0.0574219 9.79521 -18.2399 -0.00300054
12007.2 3015.97 -1.07546 -0.119629 -0.0526367 9.80479 -18.2382 0.00527592
12007.2 3015.97 -1.07646 -0.119629 -0.0574219 9.80479 -18.2378 0.00649415
12007.2 3015.97 -1.07257 -0.119629 -0.0574219 9.80957 -18.2341 0.0139467
12007.2 3015.97 -1.07827 -0.124414 -0.0574219 9.8 -18.2377 0.0011136
12007.2 3015.97 -1.07047 -0.119629 -0.0574219 9.79521 -18.233 -0.00102893
12007.2 3015.97 -1.07427 -0.124414 -0.0574219 9.8 -18.236 -0.00246525
12007.2 3015.97 -1.08296 -0.119629 -0.0574219 9.8 -18.2441 -0.00663031
12007.2 3015.97 -1.07877 -0.119629 -0.0574219 9.8 -18.242 -0.000237481
12007.2 3015.97 -1.08337 -0.114844 -0.0574219 9.8 -18.245 -0.00221616
12007.2 3015.97 -1.08327 -0.119629 -0.062207 9.8 -18.2455 -0.000984328
12007.2 3015.97 -1.08216 -0.124414 -0.0526367 9.8 -18.2445 0.000509705
12007.2 3015.97 -1.08426 -0.119629 -0.0526367 9.79521 -18.246 -0.0057541
12007.2 3015.97 -1.08377 -0.119629 -0.062207 9.8 -18.2465 -0.00194758
12007.2 3015.97 -1.08147 -0.124414 -0.0574219 9.8 -18.2441 0.00125351
12007.2 3015.97 -1.08366 -0.124414 -0.0574219 9.80479 -18.2453 0.00424087
12007.2 3015.97 -1.08147 -0.119629 -0.0574219 9.80479 -18.2432 0.00748904
12007.2 3015.97 -1.08934 -0.124414 -0.0526367 9.8 -18.2493 -0.00253225
12007.2 3015.97 -1.09234 -0.119629 -0.062207 9.8957 -18.254 0.0915953
12007.2 3015.97 -1.09184 -0.124414 -0.0574219 9.80479 -18.2422 0.0379297
12007.2 3015.97 -1.09865 -0.124414 -0.0574219 9.80957 -18.2535 0.0114602
12007.2 3015.97 -1.09795 -0.119629 -0.062207 9.80479 -18.2577 0.00477763
12007.2 3015.97 -1.09224 -0.119629 -0.0574219 9.80479 -18.2541 0.00869784
12007.2 3015.97 -1.08993 -0.124414 -0.0574219 9.8 -18.2511 0.00450183
12007.2 3015.97 -1.08724 -0.119629 -0.0574219 9.8 -18.2489 0.00281062
12007.2 3015.97 -1.08964 -0.119629 -0.062207 9.8 -18.2509 -0.000736478
12007.2 3015.97 -1.08955 -0.124414 -0.0574219 9.80479 -18.2516 0.00412325
12007.2 3015.97 -1.09555 -0.119629 -0.0526367 9.8 -18.2563 -0.00233987
12007.2 3015.97 -1.09336 -0.124414 -0.0526367 9.8 -18.2558 -0.000261843
12007.2 3015.97 -1.10046 -0.119629 -0.0574219 9.8 -18.2616 -0.00437324
12007.2 3015.97 -1.09455 -0.124414 -0.0574219 9.8 -18.2578 0.00167852
12007.2 3015.97 -1.09746 -0.119629 -0.0574219 9.80957 -18.259 0.00908863
12007.2 3015.97 -1.09956 -0.124414 -0.0574219 9.80479 -18.2601 0.00644377
12007.2 3015.97 -1.09806 -0.119629 -0.062207 9.8 -18.2592 0.00233643
12007.2 3015.97 -1.09295 -0.124414 -0.0574219 9.80479 -18.2552 0.00836865
12007.2 3015.97 -1.09416 -0.119629 -0.062207 9.80479 -18.255 0.0071926
12007.2 3015.97 -1.09495 -0.119629 -0.0574219 9.8 -18.2558 0.00132772
12007.2 3015.97 -1.09395 -0.119629 -0.0574219 9.8 -18.2558 0.000373156
12007.2 3015.97 -1.09415 -0.124414 -0.0574219 9.8 -18.2561 -0.000114809
12007.2 3015.97 -1.09936 -0.119629 -0.062207 9.8 -18.2607 -0.00343371
12007.2 3015.97 -1.09514 -0.124414 -0.0526367 9.80479 -18.258 0.00581813
12007.2 3015.97 -1.09205 -0.119629 -0.0526367 9.81436 -18.2538 0.019
12007.2 3015.97 -1.09356 -0.119629 -0.0574219 9.8 -18.2529 0.00573761
12007.2 3015.97 -1.09135 -0.124414 -0.0574219 9.8 -18.2526 0.00179367
12007.2 3015.97 -1.09345 -0.119629 -0.0574219 9.8 -18.2549 -0.00119924
12007.2 3015.97 -1.09045 -0.124414 -0.062207 9.8 -18.2529 0.00110766
12007.2 3015.97 -1.09335 -0.124414 -0.062207 9.8 -18.2549 -0.00116275
12007.2 3015.97 -1.09804 -0.119629 -0.0574219 9.80479 -18.2595 0.00107547
12007.2 3015.97 -1.09764 -0.119629 -0.0574219 9.80479 -18.2595 0.00510397
12007.2 3015.97 -1.09615 -0.119629 -0.0574219 9.8 -18.2577 0.00270124
12007.2 3015.97 -1.09564 -0.119629 -0.062207 9.80479 -18.2573 0.00577756
12007.2 3015.97 -1.09354 -0.119629 -0.0669922 9.80479 -18.255 0.00798985
12007.2 3015.97 -1.09384 -0.119629 -0.0526367 9.8 -18.2547 0.00236412
12007.2 3015.97 -1.08954 -0.119629 -0.062207 9.80479 -18.2516 0.00767259
12007.2 3015.97 -1.08934 -0.119629 -0.0574219 9.80479 -18.2504 0.00774476
12007.2 3015.97 -1.08794 -0.119629 -0.0574219 9.8 -18.249 0.00308857
12007.2 3015.97 -1.08774 -0.119629 -0.062207 9.79521 -18.2493 -0.00413806
12007.2 3015.97 -1.09815 -0.105273 -0.0239258 9.89092 -18.2593 0.082458
12007.2 3015.97 -1.09705 -0.119629 -0.062207 9.80957 -18.2486 0.0394539
12007.2 3015.97 -1.09635 -0.119629 -0.0526367 9.80479 -18.2521 0.0127688
12007.2 3015.97 -1.09625 -0.114844 -0.0574219 9.8 -18.2558 0.000666571
12007.2 3015.97 -1.09476 -0.124414 -0.062207 9.8 -18.2566 -0.000345581
12007.2 3015.97 -1.09696 -0.124414 -0.0574219 9.80479 -18.2587 0.00312307
12007.2 3015.97 -1.09575 -0.124414 -0.0574219 9.80479 -18.2575 0.00651613
12007.2 3015.97 -1.09885 -0.119629 -0.0574219 9.8 -18.2596 0.000188735
12007.2 3015.97 -1.09846 -0.119629 -0.0574219 9.80479 -18.2603 0.00429745
12007.2 3015.97 -1.09935 -0.119629 -0.0574219 9.80479 -18.2607 0.00568009
12007.2 3015.97 -1.10095 -0.119629 -0.0574219 9.8 -18.2619 0.000591924
12007.2 3015.97 -1.10376 -0.119629 -0.0574219 9.8 -18.2652 -0.00222831
12007.2 3015.97 -1.09977 -0.124414 -0.062207 9.80479 -18.2625 0.0061768
12007.2 3015.97 -1.10267 -0.124414 -0.0574219 9.8 -18.2636 0.000830764
12007.2 3015.97 -1.09777 -0.124414 -0.062207 9.80479 -18.2601 0.00754026
12007.2 3015.97 -1.10146 -0.119629 -0.0574219 9.8 -18.2621 0.000597611
12007.2 3015.97 -1.09896 -0.119629 -0.062207 9.80479 -18.261 0.00571709
12007.2 3015.97 -1.09797 -0.124414 -0.0239258 9.89092 -18.2594 0.0936581
12007.2 3015.97 -1.10136 -0.119629 -0.0574219 9.80479 -18.2509 0.0360044
12007.2 3015.97 -1.09396 -0.124414 -0.0574219 9.79521 -18.2507 0.00498454
12007.2 3015.97 -1.09987 -0.114844 -0.0574219 9.8 -18.2598 -0.00532018
12007.2 3015.97 -1.09607 -0.124414 -0.0574219 9.79521 -18.259 -0.00558409
12007.2 3015.97 -1.09456 -0.124414 -0.0574219 9.8 -18.2576 -0.000472506
12007.2 3015.97 -1.10026 -0.119629 -0.0574219 9.8 -18.2617 -0.00316668
12007.2 3015.97 -1.09487 -0.124414 -0.0574219 9.80479 -18.2579 0.00675164
12007.2 3015.97 -1.09917 -0.119629 -0.0574219 9.8 -18.2599 0.000337275
12007.2 3015.97 -1.09617 -0.119629 -0.0574219 9.8 -18.2583 0.00122246
12007.2 3015.97 -1.09637 -0.119629 -0.0574219 9.8 -18.2582 0.000424872
12007.2 3015.97 -1.09587 -0.119629 -0.0574219 9.80479 -18.2579 0.00515402
12007.2 3015.97 -1.10066 -0.119629 -0.0574219 9.80479 -18.2614 0.00357341
12007.2 3015.97 -1.10475 -0.119629 -0.0574219 9.8 -18.2656 -0.00213565
12007.2 3015.97 -1.10654 -0.119629 -0.0574219 9.80479 -18.2684 0.00214343
12007.2 3015.97 -1.10665 -0.119629 -0.0574219 9.80479 -18.2683 0.00542645
12007.2 3015.97 -1.10675 -0.124414 -0.0574219 9.8 -18.268 0.00170017
12007.2 3015.97 -1.10266 -0.119629 -0.0574219 9.80479 -18.2649 0.00754125
12007.2 3015.97 -1.10716 -0.124414 -0.0574219 9.8 -18.2677 -2.47288e-05
12007.2 3015.97 -1.10655 -0.124414 -0.0574219 9.8 -18.2684 -0.000581597
12007.2 3015.97 -1.10036 -0.119629 -0.0574219 9.79521 -18.2632 -0.00111139
12007.2 3015.97 -1.10286 -0.119629 -0.0574219 9.80479 -18.2648 0.00333242
12007.2 3015.97 -1.10346 -0.119629 -0.0526367 9.80479 -18.2649 0.00555766
12007.2 3015.97 -1.09575 -0.124414 -0.0526367 9.80479 -18.258 0.0113908
12007.2 3015.97 -1.09445 -0.124414 -0.062207 9.8 -18.2552 0.00507614
12007.2 3015.97 -1.09515 -0.124414 -0.0574219 9.80479 -18.2563 0.00536106
12007.2 3015.97 -1.09335 -0.119629 -0.0574219 9.8 -18.2548 0.00251133
12007.2 3015.97 -1.09285 -0.119629 -0.0574219 9.8 -18.2545 0.000862578
12007.2 3015.97 -1.09266 -0.119629 -0.062207 9.80479 -18.2545 0.00501042
12007.2 3015.97 -1.09095 -0.124414 -0.062207 9.80479 -18.2525 0.00760085
12007.2 3015.97 -1.09065 -0.114844 -0.062207 9.79521 -18.2517 -0.0021295
12007.2 3015.97 -1.09275 -0.119629 -0.0574219 9.79521 -18.2546 -0.00752633
12007.2 3015.97 -1.09296 -0.114844 -0.062207 9.8 -18.2559 -0.00292514
12007.2 3015.97 -1.10286 -0.124414 -0.0574219 9.8 -18.2641 -0.00679841
12007.2 3015.97 -1.09626 -0.124414 -0.0574219 9.80479 -18.2599 0.00605822
12007.2 3015.97 -1.10096 -0.124414 -0.0574219 9.8 -18.2618 0.000205367
12007.2 3015.97 -1.09896 -0.124414 -0.0574219 9.80479 -18.261 0.00539398
12007.2 3015.97 -1.10026 -0.119629 -0.0574219 9.8 -18.2614 0.00116361
12007.2 3015.97 -1.09816 -0.114844 -0.0574219 9.80479 -18.2602 0.00601116
12007.2 3015.97 -1.09706 -0.119629 -0.0574219 9.80479 -18.2584 0.00766576
12007.2 3015.97 -1.09946 -0.119629 -0.062207 9.8 -18.2601 0.000829643
12007.2 3015.97 -1.09776 -0.114844 -0.0574219 9.80479 -18.2597 0.00529956
12007.2 3015.97 -1.09766 -0.114844 -0.0574219 9.8 -18.259 0.00193526
12007.2 3015.97 -1.10235 -0.124414 -0.0574219 9.80479 -18.2634 0.00205648
12007.2 3015.97 -1.10015 -0.119629 -0.0574219 9.8 -18.2621 0.00155351
12007.2 3015.97 -1.10205 -0.119629 -0.0574219 9.80957 -18.2636 0.00885341
12007.2 3015.97 -1.10265 -0.124414 -0.0574219 9.8 -18.2634 0.00251895
12007.2 3015.97 -1.10296 -0.119629 -0.0574219 9.80479 -18.2644 0.00469231
12007.2 3015.97 -1.10105 -0.119629 -0.0574219 9.8 -18.2626 0.00257764
12007.2 3015.97 -1.10325 -0.119629 -0.0574219 9.8 -18.2646 -0.000748393
12007.2 3015.97 -1.10545 -0.119629 -0.0574219 9.8 -18.2672 -0.00209856
12007.2 3015.97 -1.10076 -0.124414 -0.0574219 9.80479 -18.2636 0.00685889
12007.2 3015.97 -1.10185 -0.119629 -0.0574219 9.8 -18.2629 0.00230309
12007.2 3015.97 -1.10137 -0.124414 -0.0574219 9.8 -18.263 0.000558899
12007.2 3015.97 -1.10287 -0.129199 -0.0574219 9.80479 -18.2646 0.00380876
12007.2 3015.97 -1.10347 -0.114844 -0.0574219 9.8 -18.2649 0.000790409
12007.2 3015.97 -1.10287 -0.119629 -0.0574219 9.80479 -18.2648 0.00506846
12007.2 3015.97 -1.10287 -0.119629 -0.0574219 9.8 -18.2642 0.00176421
12007.2 3015.97 -1.09668 -0.119629 -0.0574219 9.80479 -18.2592 0.00896152
12007.2 3015.97 -1.09958 -0.119629 -0.0574219 9.8 -18.2601 0.0016824
12007.2 3015.97 -1.10028 -0.119629 -0.0574219 9.8 -18.2618 -0.000768529
12007.2 3015.97 -1.09668 -0.119629 -0.0574219 9.8 -18.2592 0.00171495
12007.2 3015.97 -1.09788 -0.119629 -0.0574219 9.79521 -18.2596 -0.00461942
12007.2 3015.97 -1.09637 -0.119629 -0.0574219 9.80479 -18.2591 0.00388739
12007.2 3015.97 -1.09446 -0.124414 -0.0574219 9.80479 -18.2563 0.00788104
12007.2 3015.97 -1.09397 -0.119629 -0.0574219 9.8 -18.255 0.00305673
12007.2 3015.97 -1.09547 -0.124414 -0.0574219 9.80479 -18.2568 0.00431168
12007.2 3015.97 -1.09488 -0.124414 -0.0574219 9.80479 -18.2563 0.00627038
12007.2 3015.97 -1.09727 -0.119629 -0.0574219 9.80479 -18.2581 0.0051555
12007.2 3015.97 -1.09878 -0.124414 -0.062207 9.80479 -18.2598 0.00493152
12007.2 3015.97 -1.09337 -0.124414 -0.062207 9.80479 -18.2553 0.00938141
12007.2 3015.97 -1.09257 -0.119629 -0.0574219 9.80479 -18.2535 0.00863721
12007.2 3015.97 -1.09187 -0.119629 -0.0574219 9.79521 -18.2527 -0.00192501
12007.2 3015.97 -1.09537 -0.124414 -0.0574219 9.80479 -18.257 0.0011192
12007.2 3015.97 -1.09087 -0.124414 -0.0574219 9.8 -18.2533 0.00305758
12007.2 3015.97 -1.09357 -0.119629 -0.0574219 9.80479 -18.2549 0.00440902
12007.2 3015.97 -1.09607 -0.119629 -0.062207 9.8 -18.2571 -0.000449675
12007.2 3015.97 -1.09178 -0.110059 -0.0239258 9.89092 -18.2543 0.0928859
12007.2 3015.97 -1.09347 -0.114844 -0.0669922 9.80479 -18.2435 0.0374995
12007.2 3015.97 -1.09158 -0.119629 -0.0574219 9.8 -18.2475 0.00707392
12007.2 3015.97 -1.09167 -0.114844 -0.0574219 9.80479 -18.252 0.00340341
12007.2 3015.97 -1.08958 -0.124414 -0.0574219 9.80479 -18.2512 0.00627788
12007.2 3015.97 -1.08878 -0.124414 -0.0574219 9.80479 -18.25 0.00731392
12007.2 3015.97 -1.08547 -0.119629 -0.0574219 9.80479 -18.2469 0.00906301
12007.2 3015.97 -1.08588 -0.119629 -0.062207 9.8 -18.2466 0.00261986
12007.2 3015.97 -1.08877 -0.124414 -0.0574219 9.8 -18.2499 -0.00172645
12007.2 3015.97 -1.08597 -0.124414 -0.062207 9.8 -18.2484 0.000614271
12007.2 3015.97 -1.08758 -0.119629 -0.062207 9.80957 -18.2494 0.00906077
12007.2 3015.97 -1.08588 -0.119629 -0.0526367 9.8 -18.2469 0.00421033
12007.2 3015.97 -1.08578 -0.119629 -0.0574219 9.80479 -18.2471 0.0057506
12007.2 3015.97 -1.08458 -0.119629 -0.062207 9.80479 -18.2459 0.007213
12007.2 3015.97 -1.08528 -0.124414 -0.062207 9.80479 -18.2462 0.00651479
12007.2 3015.97 -1.08208 -0.119629 -0.0574219 9.8 -18.2435 0.00369935
12007.2 3015.97 -1.08539 -0.119629 -0.062207 9.80479 -18.2464 0.00364672
12007.2 3015.97 -1.08249 -0.124414 -0.062207 9.80479 -18.2443 0.0073388
12007.2 3015.97 -1.08108 -0.124414 -0.062207 9.8 -18.2423 0.00340538
12007.2 3015.97 -1.08149 -0.114844 -0.0526367 9.80479 -18.2429 0.00525094
12007.2 3015.97 -1.08459 -0.124414 -0.0526367 9.80479 -18.2455 0.00432017
12007.2 3015.97 -1.08659 -0.119629 -0.0526367 9.8 -18.2476 -0.000448553
12007.2 3015.97 -1.0846 -0.119629 -0.0574219 9.80479 -18.2468 0.00529424
12007.2 3015.97 -1.0787 -0.119629 -0.062207 9.80479 -18.2408 0.0105867
12007.2 3015.97 -1.08249 -0.124414 -0.062207 9.8 -18.2427 0.00145559
12007.2 3015.97 -1.0829 -0.119629 -0.0574219 9.80479 -18.2444 0.00389039
12007.2 3015.97 -1.08158 -0.119629 -0.0574219 9.8 -18.2432 0.00194514
12007.2 3015.97 -1.08278 -0.129199 -0.0574219 9.80479 -18.2443 0.00446907
12007.2 3015.97 -1.08019 -0.119629 -0.062207 9.88613 -18.2419 0.0891164
12007.2 3015.97 -1.07998 -0.119629 -0.062207 9.8 -18.2306 0.0320742
12007.2 3015.97 -1.08039 -0.119629 -0.0574219 9.8 -18.2368 0.00404333
12007.2 3015.97 -1.07758 -0.119629 -0.0526367 9.8 -18.2387 -0.00031277
12007.2 3015.97 -1.08009 -0.124414 -0.0574219 9.80957 -18.2417 0.00729888
12007.2 3015.97 -1.07899 -0.114844 -0.0574219 9.80479 -18.2401 0.00787544
12007.2 3015.97 -1.07919 -0.124414 -0.0574219 9.80479 -18.2401 0.00695872
12007.2 3015.97 -1.07859 -0.119629 -0.0574219 9.8 -18.2396 0.00216969
12007.2 3015.97 -1.07598 -0.119629 -0.0574219 9.80957 -18.2379 0.0114071
12007.2 3015.97 -1.07659 -0.124414 -0.0574219 9.8 -18.237 0.00368557
12007.2 3015.97 -1.07589 -0.119629 -0.062207 9.80479 -18.2373 0.00557462
12007.2 3015.97 -1.07659 -0.119629 -0.0574219 9.8 -18.2377 0.00119575
12007.2 3015.97 -1.07689 -0.124414 -0.0574219 9.8 -18.2386 -0.000317891
12007.2 3015.97 -1.07608 -0.119629 -0.0526367 9.80479 -18.2382 0.00499333
12007.2 3015.97 -1.07809 -0.119629 -0.0574219 9.80479 -18.2392 0.00536847
12007.2 3015.97 -1.07589 -0.124414 -0.0574219 9.8 -18.2374 0.00278445
12007.2 3015.97 -1.07669 -0.124414 -0.0574219 9.8 -18.2382 0.000160392
12007.2 3015.97 -1.07449 -0.119629 -0.0574219 9.8 -18.2367 0.00112943
12007.2 3015.97 -1.07709 -0.124414 -0.0574219 9.8 -18.2386 -0.00112947
12007.2 3015.97 -1.07939 -0.119629 -0.062207 9.80479 -18.2412 0.00262104
12007.2 3015.97 -1.08079 -0.124414 -0.0574219 9.80957 -18.2423 0.00948463
12007.2 3015.97 -1.0795 -0.124414 -0.0574219 9.80479 -18.2404 0.00869112
12007.2 3015.97 -1.07579 -0.119629 -0.0574219 9.8 -18.237 0.00479355
12007.2 3015.97 -1.07329 -0.119629 -0.0526367 9.8 -18.2349 0.00283228
12007.2 3015.97 -1.0746 -0.124414 -0.0574219 9.80479 -18.236 0.00471656
12007.2 3015.97 -1.07369 -0.124414 -0.0574219 9.80479 -18.2351 0.00669659
12007.2 3015.97 -1.07389 -0.124414 -0.0574219 9.80479 -18.2349 0.00671546
12007.2 3015.97 -1.06799 -0.119629 -0.0574219 9.8 -18.2298 0.00558881
12007.2 3015.97 -1.08009 -0.119629 -0.0574219 9.8 -18.2398 -0.00586236
12007.2 3015.97 -1.07789 -0.114844 -0.0574219 9.80479 -18.2406 0.00262111
12007.2 3015.97 -1.07948 -0.119629 -0.0574219 9.80479 -18.241 0.00517898
12007.2 3015.97 -1.07489 -0.119629 -0.0574219 9.8 -18.2368 0.00452342
12007.2 3015.97 -1.07969 -0.119629 -0.0574219 9.80479 -18.2405 0.0032608
12007.2 3015.97 -1.07999 -0.129199 -0.0574219 9.80479 -18.2414 0.00500075
12007.2 3015.97 -1.07569 -0.119629 -0.0574219 9.80479 -18.2375 0.00894968
12007.2 3015.97 -1.07649 -0.119629 -0.062207 9.8 -18.2372 0.0026089
12007.2 3015.97 -1.07778 -0.119629 -0.062207 9.80479 -18.2391 0.00409089
12007.2 3015.97 -1.07659 -0.119629 -0.0191406 9.89092 -18.2381 0.0927361
12007.2 3015.97 -1.08188 -0.124414 -0.0526367 9.8 -18.2314 0.0297622
12007.2 3015.97 -1.08168 -0.114844 -0.0526367 9.80957 -18.2383 0.0124198
12007.2 3015.97 -1.07868 -0.119629 -0.0574219 9.80479 -18.2388 0.00775506
12007.2 3015.97 -1.08158 -0.124414 -0.0574219 9.80479 -18.242 0.00452317
12007.2 3015.97 -1.07838 -0.124414 -0.0526367 9.80479 -18.24 0.00744465
12007.2 3015.97 -1.08048 -0.119629 -0.0526367 9.8 -18.2412 0.00110232
12007.2 3015.97 -1.07788 -0.119629 -0.062207 9.8 -18.2399 0.00125233
12007.2 3015.97 -1.08109 -0.119629 -0.0574219 9.79521 -18.2425 -0.00636267
12007.2 3015.97 -1.07709 -0.124414 -0.0574219 9.8 -18.2403 -9.83304e-05
12007.2 3015.97 -1.07669 -0.114844 -0.0574219 9.80479 -18.2389 0.00580323
12007.2 3015.97 -1.07539 -0.124414 -0.0526367 9.80479 -18.2368 0.00785216
12007.2 3015.97 -1.07549 -0.119629 -0.0574219 9.8 -18.2364 0.00241775
12007.2 3015.97 -1.07439 -0.124414 -0.062207 9.80479 -18.2361 0.00566621
12007.2 3015.97 -1.07438 -0.119629 -0.0574219 9.79521 -18.2356 -0.00293195
12007.2 3015.97 -1.07639 -0.119629 -0.062207 9.80479 -18.2384 0.00196075
12007.2 3015.97 -1.07539 -0.119629 -0.0574219 9.8 -18.2373 0.00135817
12007.2 3015.97 -1.0742 -0.119629 -0.0574219 9.8 -18.2362 0.00117844
12007.2 3015.97 -1.07219 -0.119629 -0.0574219 9.80479 -18.2343 0.00646926
12007.2 3015.97 -1.07169 -0.124414 -0.0574219 9.80479 -18.2329 0.00750112
12007.2 3015.97 -1.07239 -0.124414 -0.062207 9.8 -18.2333 0.00177745
12007.2 3015.97 -1.07959 -0.119629 -0.0574219 9.80957 -18.2403 0.00488143
12007.2 3015.97 -1.07439 -0.124414 -0.0574219 9.79521 -18.2363 -0.000523473
12007.2 3015.97 -1.07519 -0.119629 -0.0574219 9.80479 -18.2371 0.00400536
12007.2 3015.97 -1.0801 -0.105273 -0.0287109 9.88613 -18.241 0.0844085
12007.2 3015.97 -1.0764 -0.119629 -0.0574219 9.8 -18.228 0.0320709
12007.2 3015.97 -1.07159 -0.119629 -0.062207 9.8 -18.2288 0.00797548
12007.2 3015.97 -1.07459 -0.119629 -0.0574219 9.80479 -18.2346 0.00267639
12007.2 3015.97 -1.0713 -0.119629 -0.0574219 9.79521 -18.2331 -0.0029951
12007.2 3015.97 -1.07049 -0.119629 -0.0526367 9.80479 -18.233 0.00410467
12007.2 3015.97 -1.0699 -0.119629 -0.0526367 9.80479 -18.2315 0.00694203
12007.2 3015.97 -1.0782 -0.119629 -0.0574219 9.8 -18.2382 -0.00305288
12007.2 3015.97 -1.07569 -0.119629 -0.062207 9.8 -18.2381 -0.000770741
12007.2 3015.97 -1.07479 -0.119629 -0.0526367 9.79521 -18.2371 -0.0041978
12007.2 3015.97 -1.07439 -0.129199 -0.0574219 9.8 -18.237 -0.00108239
12007.2 3015.97 -1.0752 -0.119629 -0.0574219 9.8 -18.2373 -0.000509872
12007.2 3015.97 -1.0738 -0.119629 -0.0574219 9.80479 -18.2361 0.00556939
12007.2 3015.97 -1.07389 -0.124414 -0.0574219 9.8 -18.2352 0.00211072
12007.2 3015.97 -1.0764 -0.119629 -0.0526367 9.8 -18.2377 -0.0012796
12007.2 3015.97 -1.07169 -0.119629 -0.0574219 9.8 -18.2344 0.00211709
12007.2 3015.97 -1.0707 -0.124414 -0.0574219 9.8 -18.2326 0.00182987
12007.2 3015.97 -1.0716 -0.124414 -0.062207 9.80479 -18.2332 0.00483224
12007.2 3015.97 -1.0702 -0.114844 -0.0574219 9.79521 -18.2317 -0.00237257
12007.2 3015.97 -1.0713 -0.124414 -0.0574219 9.8 -18.2334 -0.0018712
12007.2 3015.97 -1.07509 -0.119629 -0.0574219 9.8 -18.2369 -0.00303629
12007.2 3015.97 -1.0726 -0.124414 -0.0574219 9.80479 -18.2353 0.00513565
12007.2 3015.97 -1.0718 -0.119629 -0.0574219 9.8 -18.2333 0.00279803
12007.2 3015.97 -1.07119 -0.124414 -0.0574219 9.80479 -18.2329 0.00588214
12007.2 3015.97 -1.07 -0.124414 -0.0574219 9.79521 -18.2314 -0.00211919
12007.2 3015.97 -1.07072 -0.119629 -0.0574219 9.79521 -18.2328 -0.00641377
12007.2 3015.97 -1.07001 -0.119629 -0.0574219 9.80479 -18.2329 0.00298906
12007.2 3015.97 -1.07401 -0.114844 -0.062207 9.8 -18.2352 -0.000893749
12007.2 3015.97 -1.07441 -0.124414 -0.0574219 9.8 -18.2364 -0.00107338
12007.2 3015.97 -1.07231 -0.119629 -0.0574219 9.8 -18.2347 0.000935521
12007.2 3015.97 -1.07131 -0.114844 -0.0574219 9.80479 -18.2334 0.00601625
12007.2 3015.97 -1.0734 -0.124414 -0.0574219 9.8 -18.2344 0.000867173
12007.2 3015.97 -1.07351 -0.119629 -0.0574219 9.79521 -18.2353 -0.00519419
12007.2 3015.97 -1.07141 -0.119629 -0.0574219 9.80479 -18.2343 0.00409216
12007.2 3015.97 -1.07141 -0.119629 -0.0574219 9.8 -18.233 0.00204885
12007.2 3015.97 -1.0712 -0.124414 -0.0574219 9.8 -18.2329 0.00060853
12007.2 3015.97 -1.0664 -0.119629 -0.0574219 9.80479 -18.2289 0.00789126
12007.2 3015.97 -1.06739 -0.119629 -0.0574219 9.80479 -18.2283 0.00731516
12007.2 3015.97 -1.0684 -0.119629 -0.062207 9.79521 -18.2292 -0.00347183
12007.2 3015.97 -1.07219 -0.119629 -0.0574219 9.8 -18.234 -0.00444347
12007.2 3015.97 -1.0704 -0.114844 -0.0574219 9.8 -18.2332 -0.000579234
12007.2 3015.97 -1.07049 -0.119629 -0.0574219 9.8 -18.2326 0.000227231
12007.2 3015.97 -1.06719 -0.124414 -0.0574219 9.8 -18.2296 0.00229088
12007.2 3015.97 -1.0643 -0.119629 -0.0574219 9.8 -18.2264 0.00294041
12007.2 3015.97 -1.0666 -0.124414 -0.062207 9.80479 -18.2279 0.00445663
12007.2 3015.97 -1.06749 -0.119629 -0.062207 9.8 -18.2287 0.000618604
12007.2 3015.97 -1.0686 -0.119629 -0.062207 9.80479 -18.2303 0.0038126
12007.2 3015.97 -1.06799 -0.119629 -0.0526367 9.80479 -18.2295 0.0063474
12007.2 3015.97 -1.06749 -0.119629 -0.0526367 9.80479 -18.2287 0.00710649
12007.2 3015.97 -1.07379 -0.119629 -0.0574219 9.80479 -18.234 0.00280537
12007.2 3015.97 -1.06819 -0.119629 -0.0574219 9.8 -18.2303 0.00343682
12007.2 3015.97 -1.06989 -0.119629 -0.0526367 9.8 -18.2313 0.000230546
12007.2 3015.97 -1.06861 -0.124414 -0.0574219 9.8 -18.2307 0.000499381
12007.2 3015.97 -1.0721 -0.119629 -0.0574219 9.8 -18.2336 -0.00201867
12007.2 3015.97 -1.0709 -0.119629 -0.0574219 9.80479 -18.2332 0.00450487
12007.2 3015.97 -1.06639 -0.119629 -0.0574219 9.80479 -18.2284 0.00950939
12007.2 3015.97 -1.066 -0.124414 -0.0574219 9.79521 -18.2268 -0.00107727
12007.2 3015.97 -1.0623 -0.114844 -0.0574219 9.8 -18.2248 0.00124186
12007.2 3015.97 -1.0596 -0.119629 -0.0574219 9.79521 -18.2218 -0.00231452
12007.2 3015.97 -1.0611 -0.119629 -0.0574219 9.80479 -18.2232 0.00314719
12007.2 3015.97 -1.059 -0.119629 -0.0574219 9.80479 -18.2209 0.00734562
12007.2 3015.97 -1.0608 -0.119629 -0.0574219 9.8 -18.2216 0.00142349
12007.2 3015.97 -1.0627 -0.124414 -0.0574219 9.80479 -18.2241 0.00332797
12007.2 3015.97 -1.0601 -0.119629 -0.0574219 9.8 -18.2219 0.00249912
12007.2 3015.97 -1.0601 -0.119629 -0.0526367 9.8 -18.2218 0.000797522
12007.2 3015.97 -1.0582 -0.114844 -0.0574219 9.8 -18.2203 0.00128342
12007.2 3015.97 -1.05559 -0.124414 -0.0574219 9.80479 -18.2178 0.0069774
12007.2 3015.97 -1.06459 -0.124414 -0.0526367 9.8 -18.2246 -0.00312297
12007.2 3015.97 -1.06449 -0.124414 -0.0574219 9.8 -18.2266 -0.00234729
12007.2 3015.97 -1.06629 -0.124414 -0.0574219 9.8 -18.2284 -0.00190055
12007.2 3015.97 -1.0621 -0.119629 -0.0526367 9.8 -18.2249 0.0020547
12007.2 3015.97 -1.06549 -0.119629 -0.062207 9.8 -18.2269 -0.000925509
12007.2 3015.97 -1.06399 -0.119629 -0.062207 9.8 -18.2262 0.00024433
12007.2 3015.97 -1.06149 -0.124414 -0.062207 9.8 -18.2238 0.00183492
12007.2 3015.97 -1.06399 -0.119629 -0.0574219 9.80479 -18.2255 0.00405054
12007.2 3015.97 -1.06189 -0.110059 -0.0574219 9.8 -18.2236 0.00247887
12007.2 3015.97 -1.05809 -0.119629 -0.0574219 9.8 -18.2202 0.00312175
12007.2 3015.97 -1.05959 -0.124414 -0.0574219 9.8 -18.221 0.000252682
12007.2 3015.97 -1.05988 -0.124414 -0.0574219 9.8 -18.2217 -0.000463887
12007.2 3015.97 -1.06089 -0.119629 -0.0574219 9.80479 -18.2228 0.00388536
12007.2 3015.97 -1.06168 -0.119629 -0.0526367 9.80479 -18.2231 0.00561966
12007.2 3015.97 -1.06168 -0.119629 -0.0574219 9.8 -18.2229 0.00163927
12007.2 3015.97 -1.06388 -0.119629 -0.0574219 9.80479 -18.2253 0.00346294
12007.2 3015.97 -1.06478 -0.124414 -0.0574219 9.80479 -18.2262 0.00508076
12007.2 3015.97 -1.05828 -0.119629 -0.0526367 9.80479 -18.2204 0.0103723
12007.2 3015.97 -1.06408 -0.119629 -0.0526367 9.8 -18.224 9.29138e-05
12007.2 3015.97 -1.05849 -0.119629 -0.0574219 9.8 -18.2209 0.00230445
12007.2 3015.97 -1.06299 -0.119629 -0.0574219 9.80479 -18.2242 0.00301867
12007.2 3015.97 -1.06278 -0.124414 -0.062207 9.8 -18.2243 0.000702117
12007.2 3015.97 -1.05999 -0.119629 -0.062207 9.80479 -18.2222 0.00653206
12007.2 3015.97 -1.05999 -0.119629 -0.0574219 9.80479 -18.2212 0.007272
12007.2 3015.97 -1.06039 -0.119629 -0.0574219 9.8 -18.2213 0.00185017
12007.2 3015.97 -1.06279 -0.124414 -0.062207 9.8 -18.2241 -0.00155428
12007.2 3015.97 -1.05859 -0.119629 -0.062207 9.80479 -18.2212 0.00647209
12007.2 3015.97 -1.05639 -0.119629 -0.062207 9.80479 -18.2179 0.0089392
12007.2 3015.97 -1.05569 -0.119629 -0.0574219 9.79521 -18.2166 -0.00141007
12007.2 3015.97 -1.05909 -0.114844 -0.062207 9.79521 -18.2207 -0.00817504
12007.2 3015.97 -1.06219 -0.119629 -0.0526367 9.80479 -18.2248 -0.000396607
12007.2 3015.97 -1.06429 -0.119629 -0.0574219 9.80479 -18.2261 0.00368213
12007.2 3015.97 -1.06289 -0.119629 -0.062207 9.8 -18.2246 0.00212975
12007.2 3015.97 -1.0607 -0.119629 -0.062207 9.8 -18.2227 0.00197586
12007.2 3015.97 -1.06229 -0.119629 -0.0574219 9.8 -18.2238 -0.000329645
12007.2 3015.97 -1.0648 -0.124414 -0.0574219 9.80479 -18.2265 0.00277241
12007.2 3015.97 -1.064 -0.119629 -0.0526367 9.8 -18.2257 0.00129763
12007.2 3015.97 -1.0627 -0.114844 -0.062207 9.8 -18.2247 0.00111021
12007.2 3015.97 -1.0637 -0.119629 -0.0574219 9.8 -18.2254 -0.000261082
12007.2 3015.97 -1.06339 -0.119629 -0.0526367 9.79521 -18.2254 -0.00486067
12007.2 3015.97 -1.06818 -0.119629 -0.0574219 9.80479 -18.2302 -6.07214e-06
12007.2 3015.97 -1.06537 -0.119629 -0.0574219 9.80479 -18.2277 0.00658864
12007.2 3015.97 -1.06828 -0.114844 -0.0574219 9.8 -18.2291 0.000748249
12007.2 3015.97 -1.06507 -0.124414 -0.0574219 9.80479 -18.2272 0.00635991
12007.2 3015.97 -1.06387 -0.119629 -0.0574219 9.8 -18.2252 0.00316561
12007.2 3015.97 -1.06398 -0.119629 -0.0526367 9.80957 -18.2255 0.0102368
12007.2 3015.97 -1.06478 -0.124414 -0.0478516 9.8 -18.2253 0.00286331
12007.2 3015.97 -1.06258 -0.124414 -0.062207 9.8 -18.2243 0.00149899
12007.2 3015.97 -1.06078 -0.124414 -0.0574219 9.80479 -18.2228 0.00630238
12007.2 3015.97 -1.06458 -0.114844 -0.0574219 9.8 -18.2253 -0.000156482
